   3   1   1 E -5.7044688729702E+02 DE 3.1E-09( 22)
  0.370158621205E+01 -0.641133538787E+01  0.000000000000E+00
  0.370158621205E+01  0.641133538787E+01  0.000000000000E+00
  0.000000000000E+00  0.000000000000E+00  0.868503800000E+01
    1
  0.100000000000E+01  0.000000000000E+00  0.000000000000E+00
  0.000000000000E+00  0.100000000000E+01  0.000000000000E+00
  0.000000000000E+00  0.000000000000E+00  0.100000000000E+01
  0.000000000000E+00  0.000000000000E+00  0.000000000000E+00
   15
    6      3.588247915130      4.733923329221      2.495821444165
    6      2.471954141220     -1.516462452076      2.043338285089
    6      3.677252739217      0.822402823431      2.614804813624
    6      4.977091561323      2.805939208185      2.906204970684
    6      3.719843952063     -3.619476609641      2.620409088685
    6      4.852421970114     -1.410468172749      2.679676690029
    6      6.221212628733      0.642744943948      2.451510473332
    6      2.851275738157      1.962380240511      3.232594706390
    6      3.724576608357      3.398516681478      2.401076369180
    6      2.450497768005     -2.821009144388      2.834337944577
    6      3.549697956878     -0.645724908417      2.682905718554
    6      4.991723059162      1.387825908818      2.478586475376
    6      3.637144388596     -4.995175424354      2.749254139918
    6      4.791748646171     -2.794339416815      2.384117439731
    6      6.188414461030     -0.800559401762      2.508032440666
    1    1
