   3   1   1 E -5.7046017648386E+02 DE 2.7E-11( 28)
  0.370158621205E+01 -0.641133538787E+01  0.000000000000E+00
  0.370158621205E+01  0.641133538787E+01  0.000000000000E+00
  0.000000000000E+00  0.000000000000E+00  0.868503800000E+01
    1
  0.100000000000E+01  0.000000000000E+00  0.000000000000E+00
  0.000000000000E+00  0.100000000000E+01  0.000000000000E+00
  0.000000000000E+00  0.000000000000E+00  0.100000000000E+01
  0.000000000000E+00  0.000000000000E+00  0.000000000000E+00
   15
    6      3.585826650848      4.783140283677      2.527873989599
    6      2.551788867641     -1.543577351544      1.894125478545
    6      3.641787233006      0.791303871542      2.905484343454
    6      4.986331331478      2.828560943492      2.863871767070
    6      3.720456044773     -3.607104884380      2.731714482660
    6      4.861660653142     -1.413887528333      2.656690507405
    6      6.211213986815      0.676338355077      2.418877346505
    6      2.655759103351      1.812240047442      3.023271732051
    6      3.765656939478      3.479577832708      2.477969090813
    6      2.478149417174     -2.819573588799      2.811561068611
    6      3.572136479196     -0.678823058234      2.703599301718
    6      4.980687641140      1.405985860073      2.656576630904
    6      3.687893893123     -4.983074688501      2.418814616297
    6      4.818381278339     -2.814504753351      2.453376911254
    6      6.175374014654     -0.766083735476      2.538863733113
    1    1
