   3   1   1 E -5.7044667157698E+02 DE-8.3E-11( 26)
  0.370158621205E+01 -0.641133538787E+01  0.000000000000E+00
  0.370158621205E+01  0.641133538787E+01  0.000000000000E+00
  0.000000000000E+00  0.000000000000E+00  0.868503800000E+01
    1
  0.100000000000E+01  0.000000000000E+00  0.000000000000E+00
  0.000000000000E+00  0.100000000000E+01  0.000000000000E+00
  0.000000000000E+00  0.000000000000E+00  0.100000000000E+01
  0.000000000000E+00  0.000000000000E+00  0.000000000000E+00
   15
    6      3.575741356736      4.730279430493      2.487663016673
    6      2.514622020387     -1.530844154001      2.040437741438
    6      3.665928607206      0.823886585819      2.721843355708
    6      4.982706215304      2.817776840237      2.921364708836
    6      3.700564368690     -3.609208486777      2.632756208495
    6      4.847712756129     -1.417530662200      2.665790710848
    6      6.219931122077      0.651308530159      2.418197968604
    6      2.809276619988      1.959174647632      3.187653998017
    6      3.734472469959      3.403293572452      2.381887481087
    6      2.455074656901     -2.811359212055      2.864030917539
    6      3.556762601236     -0.650900782609      2.692695960070
    6      4.996245264914      1.399300693889      2.499288637083
    6      3.657175678116     -4.997539887044      2.700072674340
    6      4.801344522394     -2.817850226079      2.366318131337
    6      6.175545274117     -0.799269284523      2.502669489927
    1    1
