   3   1   1 E -5.7043251060217E+02 DE 2.3E-10( 26)
  0.370158621205E+01 -0.641133538787E+01  0.000000000000E+00
  0.370158621205E+01  0.641133538787E+01  0.000000000000E+00
  0.000000000000E+00  0.000000000000E+00  0.868503800000E+01
    1
  0.100000000000E+01  0.000000000000E+00  0.000000000000E+00
  0.000000000000E+00  0.100000000000E+01  0.000000000000E+00
  0.000000000000E+00  0.000000000000E+00  0.100000000000E+01
  0.000000000000E+00  0.000000000000E+00  0.000000000000E+00
   15
    6      3.501954073563      4.730916696946      2.784466254938
    6      2.551122352463     -1.531542784409      3.303380057331
    6      3.640138647725      0.831657212271      2.432767141038
    6      4.994240848398      2.797515492772      2.307354064920
    6      3.688658072943     -3.597121658960      2.535744878004
    6      4.872546524260     -1.420828072345      2.522988984857
    6      6.231352225260      0.661345510055      2.791878579938
    6      2.751939704036      1.852740585900      2.037643763091
    6      3.809871414777      3.447883100531      2.865742715789
    6      2.458981125829     -2.807584352876      2.381966824103
    6      3.574685321695     -0.644937684575      2.549338114305
    6      4.991810564335      1.398387602249      2.632675356365
    6      3.661461050329     -4.985610132914      2.408293059420
    6      4.807924979714     -2.804414498329      2.788519246221
    6      6.156416628828     -0.777889410924      2.739911959678
    1    1
