   3   1   1 E -5.7044155016185E+02 DE-4.1E-09( 25)
  0.370158621205E+01 -0.641133538787E+01  0.000000000000E+00
  0.370158621205E+01  0.641133538787E+01  0.000000000000E+00
  0.000000000000E+00  0.000000000000E+00  0.868503800000E+01
    1
  0.100000000000E+01  0.000000000000E+00  0.000000000000E+00
  0.000000000000E+00  0.100000000000E+01  0.000000000000E+00
  0.000000000000E+00  0.000000000000E+00  0.100000000000E+01
  0.000000000000E+00  0.000000000000E+00  0.000000000000E+00
   15
    6      3.495159186017      4.704420556454      2.784514761248
    6      2.531960448653     -1.524143862480      3.352427558603
    6      3.635902311746      0.842493346187      2.350888953206
    6      5.007974912269      2.791289335096      2.348214028241
    6      3.698846747207     -3.603576213165      2.513199685668
    6      4.858829399975     -1.415742617982      2.538640425104
    6      6.236033789807      0.646196343693      2.749249032783
    6      2.782761609083      1.937211501250      2.076164521212
    6      3.802206207277      3.413493234913      2.880738438276
    6      2.462454548412     -2.806617410872      2.405026277975
    6      3.553991342777     -0.636424796553      2.542715035275
    6      5.003750520743      1.381213829996      2.545577544157
    6      3.671367767957     -4.991247222611      2.495412753486
    6      4.797792571229     -2.797096178645      2.763242299882
    6      6.154072171006     -0.790952239889      2.736659684885
    1    1
