   3   1   1 E -5.7040961679157E+02 DE-1.1E-09( 25)
  0.370158621205E+01 -0.641133538787E+01  0.000000000000E+00
  0.370158621205E+01  0.641133538787E+01  0.000000000000E+00
  0.000000000000E+00  0.000000000000E+00  0.868503800000E+01
    1
  0.100000000000E+01  0.000000000000E+00  0.000000000000E+00
  0.000000000000E+00  0.100000000000E+01  0.000000000000E+00
  0.000000000000E+00  0.000000000000E+00  0.100000000000E+01
  0.000000000000E+00  0.000000000000E+00  0.000000000000E+00
   15
    6      3.516142108934      4.666300774657      2.786587749530
    6      2.484891361205     -1.508508766874      2.992019819871
    6      3.665052321083      0.853788466597      2.584634919378
    6      5.000972403625      2.767447432727      2.267556926450
    6      3.718077393332     -3.590401281575      2.328720815360
    6      4.853671463535     -1.430613114868      2.467418001425
    6      6.240054653421      0.625854996638      2.756462072527
    6      2.860319106195      2.067305376370      1.970522332669
    6      3.763511721438      3.339778197077      2.975058649841
    6      2.454076508916     -2.812845866965      2.418687008618
    6      3.550789898612     -0.625743509129      2.456884902758
    6      5.010165811288      1.358237802651      2.716675958885
    6      3.651102280020     -4.925524484996      2.658262046004
    6      4.747251114244     -2.817748663007      2.999821287590
    6      6.177025388308     -0.816809753910      2.703358509096
    1    1
