   3   1   1 E -5.7061355530903E+02 DE-8.6E-11( 17)
  0.370158621205E+01 -0.641133538787E+01  0.000000000000E+00
  0.370158621205E+01  0.641133538787E+01  0.000000000000E+00
  0.000000000000E+00  0.000000000000E+00  0.868503800000E+01
    1
  0.100000000000E+01  0.000000000000E+00  0.000000000000E+00
  0.000000000000E+00  0.100000000000E+01  0.000000000000E+00
  0.000000000000E+00  0.000000000000E+00  0.100000000000E+01
  0.000000000000E+00  0.000000000000E+00  0.000000000000E+00
   15
    6      3.587040617905      4.903071451294      2.600784719070
    6      2.516964276778     -1.496635665742      2.554502444306
    6      3.533086973985      0.809247550709      2.614477965992
    6      4.995664935382      2.816271760322      2.597000129873
    6      3.775661122632     -3.610015823600      2.610037262741
    6      4.945292640485     -1.472018994735      2.619485172469
    6      6.195661497569      0.710587152592      2.623208924097
    6      2.286759619037      1.538727194943      2.625274946024
    6      3.938184693529      3.700001517830      2.591605683587
    6      2.530997767648     -2.878810677608      2.579855297113
    6      3.621388235869     -0.702419267232      2.600788454773
    6      4.901814990383      1.434755921473      2.619590411587
    6      3.734620250876     -4.996224611436      2.618571274732
    6      4.961564580769     -2.897895259647      2.608314733061
    6      6.168401331310     -0.708124643772      2.619173580576
    1    1
