   3   1   1 E -5.7056560064806E+02 DE-3.4E-09( 14)
  0.370158621205E+01 -0.641133538787E+01  0.000000000000E+00
  0.370158621205E+01  0.641133538787E+01  0.000000000000E+00
  0.000000000000E+00  0.000000000000E+00  0.868503800000E+01
    1
  0.100000000000E+01  0.000000000000E+00  0.000000000000E+00
  0.000000000000E+00  0.100000000000E+01  0.000000000000E+00
  0.000000000000E+00  0.000000000000E+00  0.100000000000E+01
  0.000000000000E+00  0.000000000000E+00  0.000000000000E+00
   15
    6      3.521600797475      4.923749851076      2.566121233385
    6      2.595953513240     -1.512196821278      2.293413734729
    6      3.564834887916      0.773735924477      2.739017724562
    6      5.007521908852      2.843888126761      2.615318870593
    6      3.790645426532     -3.626009503524      2.647211428244
    6      4.911303788638     -1.462043225853      2.743970152264
    6      6.161098723789      0.723504984946      2.486457936844
    6      2.318145247550      1.435919672746      2.326872959759
    6      3.988636158175      3.760067971880      2.597772120144
    6      2.551632468507     -2.869020844858      2.644504363396
    6      3.621052012817     -0.708053048650      2.813715143556
    6      4.890460795204      1.446298295365      2.588994715235
    6      3.698741670889     -5.009702187442      2.801460554344
    6      4.950496149724     -2.879642272257      2.636532600553
    6      6.120979984846     -0.689979317999      2.581307462394
    1    1
