   3   1   1 E -5.7061196370976E+02 DE-4.2E-09( 14)
  0.370158621205E+01 -0.641133538787E+01  0.000000000000E+00
  0.370158621205E+01  0.641133538787E+01  0.000000000000E+00
  0.000000000000E+00  0.000000000000E+00  0.868503800000E+01
    1
  0.100000000000E+01  0.000000000000E+00  0.000000000000E+00
  0.000000000000E+00  0.100000000000E+01  0.000000000000E+00
  0.000000000000E+00  0.000000000000E+00  0.100000000000E+01
  0.000000000000E+00  0.000000000000E+00  0.000000000000E+00
   15
    6      3.570867874194      4.906719147546      2.617999594363
    6      2.526061487046     -1.500128935589      2.459649239555
    6      3.534299035851      0.803502366787      2.640505339912
    6      5.000724778042      2.820075715157      2.585378208902
    6      3.776175426547     -3.614678465221      2.631777167478
    6      4.945069055451     -1.479347260772      2.647601405318
    6      6.191418432383      0.710898212261      2.628723381995
    6      2.266487079793      1.535174617179      2.576503782104
    6      3.964265810004      3.723926064835      2.592147991194
    6      2.538202141668     -2.886637092584      2.557633377417
    6      3.625888399317     -0.703387420593      2.609167511991
    6      4.895210849153      1.439953220274      2.627013716582
    6      3.734809912264     -4.996630802519      2.631129570580
    6      4.964947300175     -2.904581039792      2.648557747175
    6      6.158675952267     -0.704340721578      2.628882965436
    1    1
