   3   1   1 E -5.7047489577179E+02 DE 1.5E-10( 25)
  0.370158621205E+01 -0.641133538787E+01  0.000000000000E+00
  0.370158621205E+01  0.641133538787E+01  0.000000000000E+00
  0.000000000000E+00  0.000000000000E+00  0.868503800000E+01
    1
  0.100000000000E+01  0.000000000000E+00  0.000000000000E+00
  0.000000000000E+00  0.100000000000E+01  0.000000000000E+00
  0.000000000000E+00  0.000000000000E+00  0.100000000000E+01
  0.000000000000E+00  0.000000000000E+00  0.000000000000E+00
   15
    6      3.499487731885      4.914161907542      2.550646083262
    6      2.648761461781     -1.520163410616      2.084908890644
    6      3.585586117364      0.766683559523      2.784940615134
    6      5.020730827784      2.851449957909      2.603448442538
    6      3.792916349362     -3.612109026722      2.766807436685
    6      4.911075923240     -1.453269703828      2.788488256522
    6      6.167061223577      0.731534678684      2.374544460062
    6      2.357032156415      1.350973432978      2.387049700792
    6      3.972669791068      3.739311424352      2.573035083246
    6      2.558910135529     -2.841936675497      2.705193523214
    6      3.640119320397     -0.719713609787      2.967656872728
    6      4.911656865871      1.447018510781      2.537427350703
    6      3.642988433652     -4.979771472014      2.942491587474
    6      4.870587631389     -2.842153712697      2.466313841985
    6      6.113519564842     -0.681498255216      2.549718855010
    1    1
