   3   1   1 E -5.7041757767716E+02 DE 1.8E-10( 26)
  0.370158621205E+01 -0.641133538787E+01  0.000000000000E+00
  0.370158621205E+01  0.641133538787E+01  0.000000000000E+00
  0.000000000000E+00  0.000000000000E+00  0.868503800000E+01
    1
  0.100000000000E+01  0.000000000000E+00  0.000000000000E+00
  0.000000000000E+00  0.100000000000E+01  0.000000000000E+00
  0.000000000000E+00  0.000000000000E+00  0.100000000000E+01
  0.000000000000E+00  0.000000000000E+00  0.000000000000E+00
   15
    6      3.563923217601      4.919865838155      2.566025173246
    6      2.609554254495     -1.517526865552      3.607775984982
    6      3.606457536109      0.751142281545      2.613667351151
    6      4.997575822773      2.857039747906      2.514609912063
    6      3.811816717182     -3.608795859178      2.192825210319
    6      4.908570528493     -1.445664689874      2.488514727352
    6      6.169726651117      0.735145982636      2.592901416269
    6      2.355444987064      1.331953221637      3.063158437618
    6      3.907788586422      3.715879500983      2.582871863911
    6      2.548952110461     -2.852226093294      2.513536198264
    6      3.648878214069     -0.733149854416      2.579451688455
    6      4.914260265803      1.460031562301      2.584309787786
    6      3.649496767233     -4.965426821256      1.961315684532
    6      4.865287688903     -2.811601597963      2.643793243126
    6      6.135370186431     -0.686148748237      2.577914320926
    1    1
