   3   1   1 E -5.7040053923609E+02 DE 7.9E-10( 24)
  0.370158621205E+01 -0.641133538787E+01  0.000000000000E+00
  0.370158621205E+01  0.641133538787E+01  0.000000000000E+00
  0.000000000000E+00  0.000000000000E+00  0.868503800000E+01
    1
  0.100000000000E+01  0.000000000000E+00  0.000000000000E+00
  0.000000000000E+00  0.100000000000E+01  0.000000000000E+00
  0.000000000000E+00  0.000000000000E+00  0.100000000000E+01
  0.000000000000E+00  0.000000000000E+00  0.000000000000E+00
   15
    6      3.587907123191      4.951922235994      2.559944693942
    6      2.624726398006     -1.495174599279      2.930888299430
    6      3.620285885155      0.755509305000      2.374417504737
    6      4.965243679454      2.870712456596      2.565818676190
    6      3.769439907670     -3.634324049759      2.592788961470
    6      4.894659325950     -1.463580317861      2.343830325489
    6      6.160633600998      0.736659181878      2.612264090546
    6      2.477820797547      1.338929452848      3.498269220968
    6      3.886372042842      3.730351115997      2.601553621670
    6      2.526858563505     -2.854406829306      2.529871959217
    6      3.627647188524     -0.717117785785      2.275955358858
    6      4.896053377068      1.452148227583      2.597139914326
    6      3.619582697009     -4.981492767772      2.006422317709
    6      4.901238235006     -2.845800063141      3.060801977745
    6      6.134634712230     -0.693817957600      2.532704077703
    1    1
