   3   1   1 E -5.7058187282173E+02 DE-1.0E-09( 13)
  0.370158621205E+01 -0.641133538787E+01  0.000000000000E+00
  0.370158621205E+01  0.641133538787E+01  0.000000000000E+00
  0.000000000000E+00  0.000000000000E+00  0.868503800000E+01
    1
  0.100000000000E+01  0.000000000000E+00  0.000000000000E+00
  0.000000000000E+00  0.100000000000E+01  0.000000000000E+00
  0.000000000000E+00  0.000000000000E+00  0.100000000000E+01
  0.000000000000E+00  0.000000000000E+00  0.000000000000E+00
   15
    6      3.531315971236      4.921340268662      2.571732483042
    6      2.578894385050     -1.511649495441      2.327781681619
    6      3.560817161204      0.777856022352      2.722919316359
    6      5.005523874033      2.839389004670      2.606097783175
    6      3.786101234462     -3.619685583413      2.652294005542
    6      4.918675029872     -1.470208612871      2.734303141652
    6      6.163276177679      0.719210319107      2.523564652001
    6      2.311342113020      1.458406272723      2.364761022331
    6      3.985888076704      3.755997870658      2.589647962324
    6      2.547214344538     -2.873624530769      2.628961601964
    6      3.622621894740     -0.708443116549      2.774802236577
    6      4.890563183215      1.445575671852      2.610234599234
    6      3.715456686874     -5.007647083461      2.749552074661
    6      4.948710119834     -2.880855182494      2.633897056515
    6      6.126703281694     -0.695144219634      2.592121383006
    1    1
