   3   1   1 E -5.7061380413131E+02 DE 3.8E-12( 14)
  0.370158621205E+01 -0.641133538787E+01  0.000000000000E+00
  0.370158621205E+01  0.641133538787E+01  0.000000000000E+00
  0.000000000000E+00  0.000000000000E+00  0.868503800000E+01
    1
  0.100000000000E+01  0.000000000000E+00  0.000000000000E+00
  0.000000000000E+00  0.100000000000E+01  0.000000000000E+00
  0.000000000000E+00  0.000000000000E+00  0.100000000000E+01
  0.000000000000E+00  0.000000000000E+00  0.000000000000E+00
   15
    6      3.603385090480      4.901163055470      2.597694538979
    6      2.508100430396     -1.489315074952      2.603969561739
    6      3.538911626438      0.807620553058      2.608125771923
    6      4.990184874836      2.813606639642      2.599943234189
    6      3.771333516409     -3.606217365662      2.612299559066
    6      4.948747235037     -1.466985589865      2.607506148069
    6      6.197679466934      0.706739071167      2.608112266139
    6      2.295637612017      1.537586267138      2.607702360579
    6      3.915328654009      3.679602451345      2.587408738293
    6      2.523245598708     -2.874356433358      2.606297360503
    6      3.622914004828     -0.701734571291      2.606860848935
    6      4.906097270668      1.431527747972      2.605844198126
    6      3.734220500889     -4.989935988035      2.612409779194
    6      4.957961141792     -2.888005114827      2.613511280146
    6      6.179356510713     -0.710778042409      2.604985354121
    1    1
