   3   1   1 E -5.7042633810541E+02 DE 7.9E-11( 26)
  0.370158621205E+01 -0.641133538787E+01  0.000000000000E+00
  0.370158621205E+01  0.641133538787E+01  0.000000000000E+00
  0.000000000000E+00  0.000000000000E+00  0.868503800000E+01
    1
  0.100000000000E+01  0.000000000000E+00  0.000000000000E+00
  0.000000000000E+00  0.100000000000E+01  0.000000000000E+00
  0.000000000000E+00  0.000000000000E+00  0.100000000000E+01
  0.000000000000E+00  0.000000000000E+00  0.000000000000E+00
   15
    6      3.488857117099      4.731260482394      2.691205033299
    6      2.582866758014     -1.536051588287      3.301405209177
    6      3.626418360789      0.827744841501      2.311540062007
    6      5.010626925871      2.794116656782      2.334670124500
    6      3.705899575399     -3.612328950730      2.378093981924
    6      4.869864485047     -1.420562787267      2.575237292057
    6      6.213924444877      0.662406972741      2.796067545733
    6      2.669083322583      1.895446942806      2.169799745194
    6      3.833283133544      3.460310919290      2.782348426629
    6      2.479803121090     -2.818578162253      2.305094873968
    6      3.567195635173     -0.657252528319      2.484639618296
    6      4.987924003531      1.379137150319      2.585775313758
    6      3.698313122761     -4.969611514216      2.906122048640
    6      4.808615954717     -2.816899266337      2.798086236936
    6      6.150427573663     -0.768621563031      2.662585487882
    1    1
