   3   1   1 E -5.7043914648126E+02 DE-1.1E-09( 26)
  0.370158621205E+01 -0.641133538787E+01  0.000000000000E+00
  0.370158621205E+01  0.641133538787E+01  0.000000000000E+00
  0.000000000000E+00  0.000000000000E+00  0.868503800000E+01
    1
  0.100000000000E+01  0.000000000000E+00  0.000000000000E+00
  0.000000000000E+00  0.100000000000E+01  0.000000000000E+00
  0.000000000000E+00  0.000000000000E+00  0.100000000000E+01
  0.000000000000E+00  0.000000000000E+00  0.000000000000E+00
   15
    6      3.492444569759      4.735536459056      2.702035936692
    6      2.573183106886     -1.532985132820      3.394701323001
    6      3.619274255986      0.821198501136      2.288308118004
    6      5.011458549206      2.800548948316      2.367577277586
    6      3.709145694717     -3.600688112152      2.473282540837
    6      4.869444435408     -1.415809823583      2.546922515919
    6      6.225139841950      0.660574336553      2.772710686387
    6      2.655738726945      1.861760368408      2.131200643192
    6      3.825352319033      3.464470611986      2.783265629847
    6      2.479068816348     -2.809013525571      2.379854343740
    6      3.567352538199     -0.655179702381      2.522409951130
    6      4.991641422304      1.381889328709      2.538499850976
    6      3.705346269962     -4.985062428862      2.733719306284
    6      4.818315214017     -2.806573849009      2.776721056461
    6      6.150197773436     -0.770148374393      2.671461819943
    1    1
