   3   1   1 E -5.7047775164239E+02 DE 7.4E-07( 32)
  0.370158621205E+01 -0.641133538787E+01  0.000000000000E+00
  0.370158621205E+01  0.641133538787E+01  0.000000000000E+00
  0.000000000000E+00  0.000000000000E+00  0.868503800000E+01
    1
  0.100000000000E+01  0.000000000000E+00  0.000000000000E+00
  0.000000000000E+00  0.100000000000E+01  0.000000000000E+00
  0.000000000000E+00  0.000000000000E+00  0.100000000000E+01
  0.000000000000E+00  0.000000000000E+00  0.000000000000E+00
   15
    6      3.512512483843      4.908108302965      2.580465820767
    6      2.662406878096     -1.536545713481      2.142233697238
    6      3.587417305351      0.771903203475      2.795330336417
    6      5.006090442678      2.839702083712      2.602806702384
    6      3.752623028600     -3.618688580181      2.590840503920
    6      4.907402794202     -1.445708909693      2.830553516039
    6      6.181322858991      0.731519329534      2.403200711386
    6      2.400678676241      1.419465235341      2.346323637516
    6      3.937048643158      3.697835029680      2.607700087716
    6      2.537138630242     -2.839694418532      2.651808786772
    6      3.627455433048     -0.707437834232      2.981205851083
    6      4.928469632074      1.434942766246      2.498528054561
    6      3.649771277596     -4.974403800710      2.969319521681
    6      4.874067754741     -2.845392873303      2.490165804626
    6      6.128697695296     -0.685086215426      2.592187967894
    1    1
