   3   1   1 E -5.7048542140281E+02 DE 1.2E-10( 26)
  0.370158621205E+01 -0.641133538787E+01  0.000000000000E+00
  0.370158621205E+01  0.641133538787E+01  0.000000000000E+00
  0.000000000000E+00  0.000000000000E+00  0.868503800000E+01
    1
  0.100000000000E+01  0.000000000000E+00  0.000000000000E+00
  0.000000000000E+00  0.100000000000E+01  0.000000000000E+00
  0.000000000000E+00  0.000000000000E+00  0.100000000000E+01
  0.000000000000E+00  0.000000000000E+00  0.000000000000E+00
   15
    6      3.511864872684      4.924793349527      2.581032253463
    6      2.660188733398     -1.491853180650      2.326424417136
    6      3.612040502517      0.767436882615      2.955788979468
    6      4.985496784639      2.853904400291      2.622809875602
    6      3.751316973060     -3.631805888351      2.508136843254
    6      4.897589472458     -1.465833433165      2.831618565502
    6      6.168746928184      0.730775059341      2.427247279516
    6      2.481659860288      1.373004599268      2.199207145858
    6      3.934324125329      3.721603229660      2.618013578923
    6      2.528114357907     -2.842990970704      2.629092885332
    6      3.628485763289     -0.703942551519      2.955148476369
    6      4.907747475364      1.434783586116      2.585194499761
    6      3.622237553771     -4.977097844952      2.913400967941
    6      4.889965207679     -2.850541271738      2.356106490953
    6      6.113324923587     -0.691718360348      2.573448740922
    1    1
