   3   1   1 E -5.7050816185801E+02 DE 9.1E-11( 25)
  0.370158621205E+01 -0.641133538787E+01  0.000000000000E+00
  0.370158621205E+01  0.641133538787E+01  0.000000000000E+00
  0.000000000000E+00  0.000000000000E+00  0.868503800000E+01
    1
  0.100000000000E+01  0.000000000000E+00  0.000000000000E+00
  0.000000000000E+00  0.100000000000E+01  0.000000000000E+00
  0.000000000000E+00  0.000000000000E+00  0.100000000000E+01
  0.000000000000E+00  0.000000000000E+00  0.000000000000E+00
   15
    6      3.500893508508      4.855547985114      2.569751555278
    6      2.607444539019     -1.536217361151      2.058048060865
    6      3.580378748438      0.767005553825      2.755570079928
    6      4.997342333122      2.825851231367      2.607638078439
    6      3.742175081053     -3.585952912156      2.752725931272
    6      4.904613576087     -1.433108887014      2.783940905513
    6      6.201816236479      0.710108598596      2.603027235013
    6      2.530109945299      1.475323658364      2.294250914203
    6      3.886266013217      3.636525337950      2.619569394217
    6      2.501862295065     -2.821855642971      2.656762634865
    6      3.610415806415     -0.697439543631      2.789826199296
    6      4.931013008503      1.414691966774      2.625012697797
    6      3.700617563462     -4.955986046321      2.940099187760
    6      4.857792977982     -2.794910557312      2.453598402264
    6      6.140361901508     -0.709065776041      2.572849723289
    1    1
