   3   1   1 E -5.7061376508566E+02 DE 6.3E-09( 10)
  0.370158621205E+01 -0.641133538787E+01  0.000000000000E+00
  0.370158621205E+01  0.641133538787E+01  0.000000000000E+00
  0.000000000000E+00  0.000000000000E+00  0.868503800000E+01
    1
  0.100000000000E+01  0.000000000000E+00  0.000000000000E+00
  0.000000000000E+00  0.100000000000E+01  0.000000000000E+00
  0.000000000000E+00  0.000000000000E+00  0.100000000000E+01
  0.000000000000E+00  0.000000000000E+00  0.000000000000E+00
   15
    6      3.603439888632      4.901185558057      2.597561756379
    6      2.508258732388     -1.489404006777      2.603728679096
    6      3.538800369243      0.807635111562      2.607979179181
    6      4.990166800310      2.813632582309      2.599980811724
    6      3.771360706905     -3.606162329179      2.612240949654
    6      4.948799110621     -1.466976839722      2.607667929185
    6      6.197610643947      0.706764144929      2.608274043398
    6      2.295468343017      1.537412378743      2.607835243209
    6      3.915266676564      3.679572994900      2.587523139770
    6      2.523299699963     -2.874337662193      2.606210780003
    6      3.622910697273     -0.701758285194      2.606845168827
    6      4.906010968243      1.431588643071      2.605666418457
    6      3.734278536173     -4.989856468790      2.612431386013
    6      4.958083080096     -2.887995823571      2.613675541187
    6      6.179349280782     -0.710782392754      2.605049973918
    1    1
