   3   1   1 E -5.7054804724032E+02 DE-1.1E-09( 16)
  0.370158621205E+01 -0.641133538787E+01  0.000000000000E+00
  0.370158621205E+01  0.641133538787E+01  0.000000000000E+00
  0.000000000000E+00  0.000000000000E+00  0.868503800000E+01
    1
  0.100000000000E+01  0.000000000000E+00  0.000000000000E+00
  0.000000000000E+00  0.100000000000E+01  0.000000000000E+00
  0.000000000000E+00  0.000000000000E+00  0.100000000000E+01
  0.000000000000E+00  0.000000000000E+00  0.000000000000E+00
   15
    6      3.512009299556      4.923950270240      2.559629573366
    6      2.610187331886     -1.512261023719      2.279016855943
    6      3.570240224785      0.771371327959      2.764086077090
    6      5.009642455051      2.848512069227      2.622291978266
    6      3.790533488655     -3.624595946041      2.649680149392
    6      4.906110812564     -1.459388003669      2.759297884486
    6      6.157119795991      0.725051654310      2.458527635417
    6      2.335923210200      1.411358129511      2.293585520443
    6      3.989736541734      3.761928123991      2.603315430357
    6      2.551849365115     -2.863770200385      2.672160507130
    6      3.623217921220     -0.707680000515      2.855631243723
    6      4.892879018699      1.446566637101      2.587544922742
    6      3.696634041644     -5.014640538220      2.825677079027
    6      4.933063707903     -2.866840609661      2.582126385127
    6      6.113956319152     -0.689044284738      2.570099757493
    1    1
