   3   1   1 E -5.7061380304168E+02 DE-8.6E-11( 14)
  0.370158621205E+01 -0.641133538787E+01  0.000000000000E+00
  0.370158621205E+01  0.641133538787E+01  0.000000000000E+00
  0.000000000000E+00  0.000000000000E+00  0.868503800000E+01
    1
  0.100000000000E+01  0.000000000000E+00  0.000000000000E+00
  0.000000000000E+00  0.100000000000E+01  0.000000000000E+00
  0.000000000000E+00  0.000000000000E+00  0.100000000000E+01
  0.000000000000E+00  0.000000000000E+00  0.000000000000E+00
   15
    6      3.602979840057      4.901223728944      2.599528678041
    6      2.508455190086     -1.489558954266      2.604292724077
    6      3.538784676362      0.807404343811      2.607521097082
    6      4.990162041551      2.813725493934      2.600099551513
    6      3.771523694348     -3.606187217021      2.611721373674
    6      4.948649588852     -1.466908970076      2.607378556262
    6      6.197505928879      0.706882250152      2.608195236915
    6      2.295474857685      1.536857281449      2.607543712253
    6      3.915548384435      3.679855292324      2.588984514237
    6      2.523372728601     -2.874182329290      2.605987209760
    6      3.623044820250     -0.701928570208      2.606710097491
    6      4.905960512265      1.431686914603      2.605181703962
    6      3.734463269951     -4.989886916058      2.611799757262
    6      4.958009792182     -2.887778326288      2.612790682734
    6      6.179168208652     -0.710686416619      2.604936104738
    1    1
