   3   1   1 E -5.7040256464110E+02 DE 1.6E-09( 23)
  0.370158621205E+01 -0.641133538787E+01  0.000000000000E+00
  0.370158621205E+01  0.641133538787E+01  0.000000000000E+00
  0.000000000000E+00  0.000000000000E+00  0.868503800000E+01
    1
  0.100000000000E+01  0.000000000000E+00  0.000000000000E+00
  0.000000000000E+00  0.100000000000E+01  0.000000000000E+00
  0.000000000000E+00  0.000000000000E+00  0.100000000000E+01
  0.000000000000E+00  0.000000000000E+00  0.000000000000E+00
   15
    6      3.585559948621      4.896605494707      2.525436334254
    6      2.593169630187     -1.534629256936      3.581814664235
    6      3.585848593855      0.751639528586      2.580284731049
    6      4.980540082128      2.845508011643      2.655125779152
    6      3.763365605399     -3.598240422603      2.374783981755
    6      4.903032022593     -1.431811170935      2.418656740875
    6      6.192226295775      0.722368500101      2.511514552708
    6      2.468436464150      1.429658819421      2.840736459977
    6      3.849910692704      3.658964413584      2.564294714676
    6      2.509866648820     -2.832256460819      2.672097862984
    6      3.613439511914     -0.716211171623      2.478176316305
    6      4.921138994490      1.438063986827      2.658474632970
    6      3.690169508696     -4.970707546810      1.825029388740
    6      4.872966360019     -2.805297533437      2.868820572989
    6      6.163433174805     -0.703137586311      2.527424267332
    1    1
