   3   1   1 E -5.7042480786408E+02 DE 1.5E-11( 27)
  0.370158621205E+01 -0.641133538787E+01  0.000000000000E+00
  0.370158621205E+01  0.641133538787E+01  0.000000000000E+00
  0.000000000000E+00  0.000000000000E+00  0.868503800000E+01
    1
  0.100000000000E+01  0.000000000000E+00  0.000000000000E+00
  0.000000000000E+00  0.100000000000E+01  0.000000000000E+00
  0.000000000000E+00  0.000000000000E+00  0.100000000000E+01
  0.000000000000E+00  0.000000000000E+00  0.000000000000E+00
   15
    6      3.482424213193      4.681711829375      2.785237956361
    6      2.538768272272     -1.521382402482      3.235730870314
    6      3.642553421037      0.853493814644      2.432023766048
    6      5.010552350759      2.788166720653      2.319522012886
    6      3.691357466100     -3.605210432583      2.525823588273
    6      4.853359355645     -1.419819681089      2.519260096879
    6      6.231909686733      0.635380100437      2.796787084436
    6      2.805324126862      2.020083830089      2.003391877242
    6      3.793776154873      3.386957111149      2.923270326229
    6      2.459808156507     -2.803729503920      2.322651940652
    6      3.550164987837     -0.629338199327      2.503691289762
    6      5.008503095073      1.372411623803      2.679590138138
    6      3.676740316712     -4.994877909719      2.521802787379
    6      4.798063726939     -2.810730532621      2.785372336067
    6      6.149798203612     -0.802598763016      2.728514929334
    1    1
