   3   1   1 E -5.7061379119814E+02 DE 4.2E-09( 12)
  0.370158621205E+01 -0.641133538787E+01  0.000000000000E+00
  0.370158621205E+01  0.641133538787E+01  0.000000000000E+00
  0.000000000000E+00  0.000000000000E+00  0.868503800000E+01
    1
  0.100000000000E+01  0.000000000000E+00  0.000000000000E+00
  0.000000000000E+00  0.100000000000E+01  0.000000000000E+00
  0.000000000000E+00  0.000000000000E+00  0.100000000000E+01
  0.000000000000E+00  0.000000000000E+00  0.000000000000E+00
   15
    6      3.601210321004      4.900690793408      2.601004180553
    6      2.508952873532     -1.489451542716      2.602155859886
    6      3.538993842546      0.807202755739      2.607360471988
    6      4.990462916078      2.813628495389      2.598109613449
    6      3.772022175465     -3.607011798756      2.608360698339
    6      4.947497020762     -1.467273293847      2.609665073377
    6      6.196672173642      0.706164930688      2.606687475685
    6      2.297314056682      1.540175702963      2.608836381499
    6      3.916559558156      3.680936987551      2.595215473489
    6      2.524047435668     -2.874798032707      2.602557507273
    6      3.622688464429     -0.702202091250      2.608066157137
    6      4.906147068904      1.431475069048      2.604452643911
    6      3.734123875970     -4.990385016450      2.611629811807
    6      4.958276991185     -2.887723536409      2.611924162931
    6      6.178134760131     -0.710911817257      2.606645488677
    1    1
