   3   1   1 E -5.7041454859317E+02 DE-5.3E-11( 27)
  0.370158621205E+01 -0.641133538787E+01  0.000000000000E+00
  0.370158621205E+01  0.641133538787E+01  0.000000000000E+00
  0.000000000000E+00  0.000000000000E+00  0.868503800000E+01
    1
  0.100000000000E+01  0.000000000000E+00  0.000000000000E+00
  0.000000000000E+00  0.100000000000E+01  0.000000000000E+00
  0.000000000000E+00  0.000000000000E+00  0.100000000000E+01
  0.000000000000E+00  0.000000000000E+00  0.000000000000E+00
   15
    6      3.517696418882      4.742904503635      2.784011759113
    6      2.512280279280     -1.482868361141      2.999612655987
    6      3.645812169220      0.812734512495      2.746477512328
    6      4.973599242925      2.788745467057      2.257381874548
    6      3.708622641962     -3.589725704932      2.547124044774
    6      4.891601775511     -1.420562764247      2.435790008258
    6      6.241106608639      0.665966338381      2.866142331341
    6      2.774210601581      1.737410762159      1.929625979091
    6      3.788988642396      3.453427142751      2.862266094071
    6      2.439466588128     -2.825193347926      2.397934157057
    6      3.586187408188     -0.646072087431      2.428104221948
    6      4.986256742032      1.402153982377      2.806794895181
    6      3.662125040645     -4.963384291442      2.397152104128
    6      4.793623382076     -2.757417112229      2.876888146650
    6      6.171525992691     -0.767601434113      2.747365215527
    1    1
