   3   1   1 E -5.7044221280069E+02 DE-9.0E-10( 24)
  0.370158621205E+01 -0.641133538787E+01  0.000000000000E+00
  0.370158621205E+01  0.641133538787E+01  0.000000000000E+00
  0.000000000000E+00  0.000000000000E+00  0.868503800000E+01
    1
  0.100000000000E+01  0.000000000000E+00  0.000000000000E+00
  0.000000000000E+00  0.100000000000E+01  0.000000000000E+00
  0.000000000000E+00  0.000000000000E+00  0.100000000000E+01
  0.000000000000E+00  0.000000000000E+00  0.000000000000E+00
   15
    6      3.576167656950      4.747976653320      2.486206597143
    6      2.518882920787     -1.533981556688      2.067532873195
    6      3.667361701957      0.819034488398      2.653603069726
    6      4.974053268123      2.816171996772      2.932968693913
    6      3.693632700327     -3.604333044357      2.607868543991
    6      4.858320792532     -1.420197749444      2.695777033756
    6      6.220780559911      0.661098443554      2.401599253194
    6      2.801673042375      1.887343753318      3.186530823342
    6      3.745677230191      3.429443573212      2.401926589788
    6      2.450405172678     -2.812836840274      2.846082125621
    6      3.569497537675     -0.653749096151      2.688895850949
    6      4.988502790125      1.410623022305      2.467651041232
    6      3.647125217039     -4.993026758489      2.793761144530
    6      4.804396760614     -2.813883300598      2.357515174530
    6      6.176626182871     -0.789165979484      2.494752185089
    1    1
