   3   1   1 E -5.7050687357039E+02 DE 5.4E-10( 26)
  0.370158621205E+01 -0.641133538787E+01  0.000000000000E+00
  0.370158621205E+01  0.641133538787E+01  0.000000000000E+00
  0.000000000000E+00  0.000000000000E+00  0.868503800000E+01
    1
  0.100000000000E+01  0.000000000000E+00  0.000000000000E+00
  0.000000000000E+00  0.100000000000E+01  0.000000000000E+00
  0.000000000000E+00  0.000000000000E+00  0.100000000000E+01
  0.000000000000E+00  0.000000000000E+00  0.000000000000E+00
   15
    6      3.521309019928      4.914336391803      2.586431471821
    6      2.601061153258     -1.491818720290      2.560233769423
    6      3.617748242572      0.772151266538      2.916907561683
    6      4.975465810079      2.845903239044      2.635235464132
    6      3.770850071472     -3.617032660066      2.627694431347
    6      4.903899866359     -1.464176051573      2.793314715240
    6      6.170674897783      0.732398132657      2.505993652181
    6      2.533480102305      1.337702438202      2.142115699765
    6      3.911710235212      3.706773056064      2.614659549821
    6      2.519016465816     -2.855304825030      2.680608413568
    6      3.636100359280     -0.694757064704      2.846692222230
    6      4.900406847669      1.436896132323      2.669972982116
    6      3.634137246615     -4.955124212226      2.790855356747
    6      4.880771431187     -2.824678700044      2.126858810067
    6      6.116471784622     -0.692750817306      2.585096899858
    1    1
