   3   1   1 E -5.7045006674739E+02 DE-2.7E-11( 27)
  0.370158621205E+01 -0.641133538787E+01  0.000000000000E+00
  0.370158621205E+01  0.641133538787E+01  0.000000000000E+00
  0.000000000000E+00  0.000000000000E+00  0.868503800000E+01
    1
  0.100000000000E+01  0.000000000000E+00  0.000000000000E+00
  0.000000000000E+00  0.100000000000E+01  0.000000000000E+00
  0.000000000000E+00  0.000000000000E+00  0.100000000000E+01
  0.000000000000E+00  0.000000000000E+00  0.000000000000E+00
   15
    6      3.615647594091      4.715780833120      2.514070599708
    6      2.482048979153     -1.538444926561      2.206107173805
    6      3.685812141391      0.831638724567      2.760968216043
    6      4.982183967443      2.801184126369      2.862564984849
    6      3.723897657685     -3.618259922457      2.960267764261
    6      4.832709146157     -1.423688111773      2.576690083489
    6      6.217402632109      0.649867876859      2.469337170787
    6      2.839609639451      2.072787944194      3.122005686170
    6      3.697016421769      3.343482057839      2.364197661471
    6      2.464867608133     -2.833320617332      2.909659290532
    6      3.541983047085     -0.657214383263      2.679896829999
    6      5.004968849995      1.390340101386      2.540403907023
    6      3.649310594722     -4.933382551441      2.369060249989
    6      4.762367927291     -2.841178873457      2.189038452210
    6      6.193277327679     -0.809074672658      2.558402929668
    1    1
