   3   1   1 E -5.7039248718450E+02 DE-2.0E-09( 26)
  0.370158621205E+01 -0.641133538787E+01  0.000000000000E+00
  0.370158621205E+01  0.641133538787E+01  0.000000000000E+00
  0.000000000000E+00  0.000000000000E+00  0.868503800000E+01
    1
  0.100000000000E+01  0.000000000000E+00  0.000000000000E+00
  0.000000000000E+00  0.100000000000E+01  0.000000000000E+00
  0.000000000000E+00  0.000000000000E+00  0.100000000000E+01
  0.000000000000E+00  0.000000000000E+00  0.000000000000E+00
   15
    6      3.518086267197      4.685719114307      2.799085805973
    6      2.485358716679     -1.491366910490      2.946473865866
    6      3.663707274500      0.840523663651      2.684261726331
    6      4.990383453648      2.776486625608      2.242975629400
    6      3.718290076147     -3.586499089167      2.509536518327
    6      4.864409024773     -1.427812449134      2.357524710108
    6      6.239815772682      0.630415823238      2.812137527555
    6      2.848313445035      1.971598738072      1.929838308218
    6      3.766825306627      3.372851242002      2.959670329985
    6      2.443441316848     -2.813534037397      2.523400312231
    6      3.565012752715     -0.630811875034      2.353584011845
    6      5.004274268813      1.371788650845      2.776723688584
    6      3.650263313000     -4.949096538362      2.537105544351
    6      4.758706558207     -2.792667592526      2.919873307347
    6      6.176215987286     -0.807077760220      2.730479713879
    1    1
