   3   1   1 E -5.7042602189904E+02 DE 9.0E-12( 30)
  0.370158621205E+01 -0.641133538787E+01  0.000000000000E+00
  0.370158621205E+01  0.641133538787E+01  0.000000000000E+00
  0.000000000000E+00  0.000000000000E+00  0.868503800000E+01
    1
  0.100000000000E+01  0.000000000000E+00  0.000000000000E+00
  0.000000000000E+00  0.100000000000E+01  0.000000000000E+00
  0.000000000000E+00  0.000000000000E+00  0.100000000000E+01
  0.000000000000E+00  0.000000000000E+00  0.000000000000E+00
   15
    6      3.584464374869      4.932300961071      2.525517805428
    6      2.559249224977     -1.501243191410      2.699925195364
    6      3.621492440237      0.761460445264      2.457721500822
    6      4.963273452789      2.854591607520      2.509505958426
    6      3.794783596150     -3.614521040331      2.508599848375
    6      4.901309459219     -1.453661780100      2.381605749411
    6      6.167123207896      0.735806529619      2.531231918619
    6      2.523851707090      1.312784483683      3.560236505540
    6      3.868243943596      3.705301195871      2.547821858332
    6      2.518513495700     -2.865797342906      2.462252119906
    6      3.634550327960     -0.704091821678      2.359842026036
    6      4.896968135225      1.452062586472      2.489518796686
    6      3.638197432636     -4.962698881278      2.241024720039
    6      4.886025036411     -2.809998931815      3.307147945237
    6      6.135057699401     -0.691777214589      2.500719051779
    1    1
