   3   1   1 E -5.7044663855814E+02 DE 7.7E-12( 28)
  0.370158621205E+01 -0.641133538787E+01  0.000000000000E+00
  0.370158621205E+01  0.641133538787E+01  0.000000000000E+00
  0.000000000000E+00  0.000000000000E+00  0.868503800000E+01
    1
  0.100000000000E+01  0.000000000000E+00  0.000000000000E+00
  0.000000000000E+00  0.100000000000E+01  0.000000000000E+00
  0.000000000000E+00  0.000000000000E+00  0.100000000000E+01
  0.000000000000E+00  0.000000000000E+00  0.000000000000E+00
   15
    6      3.588948691877      4.793110691353      2.492826655900
    6      2.496829050005     -1.497541920479      2.136473273543
    6      3.656736303151      0.785348911553      2.466894152809
    6      4.952970673298      2.812549566013      2.952320309999
    6      3.718240311098     -3.589661052669      2.699068018934
    6      4.890082909545     -1.415242132684      2.695390198973
    6      6.232635262086      0.686950789075      2.355886966222
    6      2.752984551772      1.642746721444      3.212483454427
    6      3.755553056261      3.483421247683      2.440559336789
    6      2.442010860644     -2.831075079745      2.838045862738
    6      3.591233022695     -0.667425795754      2.672344380720
    6      4.975216340201      1.426933875989      2.422444258567
    6      3.651478201157     -4.963939154475      2.824280387662
    6      4.799117311357     -2.760981809302      2.387419384623
    6      6.189066989009     -0.754677252607      2.486234358094
    1    1
