   3   1   1 E -5.7045380241688E+02 DE 1.4E-09( 23)
  0.370158621205E+01 -0.641133538787E+01  0.000000000000E+00
  0.370158621205E+01  0.641133538787E+01  0.000000000000E+00
  0.000000000000E+00  0.000000000000E+00  0.868503800000E+01
    1
  0.100000000000E+01  0.000000000000E+00  0.000000000000E+00
  0.000000000000E+00  0.100000000000E+01  0.000000000000E+00
  0.000000000000E+00  0.000000000000E+00  0.100000000000E+01
  0.000000000000E+00  0.000000000000E+00  0.000000000000E+00
   15
    6      3.504541189182      4.739733549519      2.736902828104
    6      2.559266964276     -1.535912753626      3.429974015073
    6      3.628146285995      0.822593967121      2.299583604845
    6      5.000549712764      2.803485206030      2.355095088951
    6      3.698429364026     -3.597179943524      2.537508181853
    6      4.872722298668     -1.418322117462      2.566387215416
    6      6.230920836112      0.664043299488      2.696424493671
    6      2.701527272424      1.839286634957      2.129692658851
    6      3.821809944936      3.461939298126      2.805350320621
    6      2.468408829801     -2.807929249838      2.475818458111
    6      3.573045199829     -0.652594259507      2.590409106523
    6      4.990909023304      1.395631933802      2.469850405263
    6      3.674209886836     -4.986954426275      2.511911784368
    6      4.813268070770     -2.804352393823      2.777935634599
    6      6.155348655232     -0.772951139593      2.699827203752
    1    1
