   3   1   1 E -5.7050598300503E+02 DE-2.2E-10( 26)
  0.370158621205E+01 -0.641133538787E+01  0.000000000000E+00
  0.370158621205E+01  0.641133538787E+01  0.000000000000E+00
  0.000000000000E+00  0.000000000000E+00  0.868503800000E+01
    1
  0.100000000000E+01  0.000000000000E+00  0.000000000000E+00
  0.000000000000E+00  0.100000000000E+01  0.000000000000E+00
  0.000000000000E+00  0.000000000000E+00  0.100000000000E+01
  0.000000000000E+00  0.000000000000E+00  0.000000000000E+00
   15
    6      3.497255004884      4.896087336483      2.548473055037
    6      2.582284996089     -1.486976124989      2.367223922240
    6      3.607111162407      0.755859224060      2.911650761226
    6      4.985816887100      2.840308321446      2.622784387901
    6      3.796754129412     -3.590769341148      2.754765756383
    6      4.898155642026     -1.447336789292      2.768537134746
    6      6.170541811278      0.732181026433      2.548025873558
    6      2.566291209322      1.267540263413      2.147180794156
    6      3.905438560682      3.696722007313      2.571829834561
    6      2.521810689564     -2.843577921719      2.712935947737
    6      3.641483394079     -0.705762768532      2.920364873490
    6      4.903915115327      1.440649528108      2.695764360136
    6      3.662956309874     -4.939580482756      2.729273013745
    6      4.846594734013     -2.779974613058      2.223940636518
    6      6.106693888099     -0.684852060368      2.559920648567
    1    1
