   3   1   1 E -5.7043258744347E+02 DE 3.4E-10( 23)
  0.370158621205E+01 -0.641133538787E+01  0.000000000000E+00
  0.370158621205E+01  0.641133538787E+01  0.000000000000E+00
  0.000000000000E+00  0.000000000000E+00  0.868503800000E+01
    1
  0.100000000000E+01  0.000000000000E+00  0.000000000000E+00
  0.000000000000E+00  0.100000000000E+01  0.000000000000E+00
  0.000000000000E+00  0.000000000000E+00  0.100000000000E+01
  0.000000000000E+00  0.000000000000E+00  0.000000000000E+00
   15
    6      3.502552276543      4.710557779148      2.786992535595
    6      2.522261760600     -1.520644526854      3.299354378437
    6      3.642850662457      0.842364148407      2.457698788518
    6      5.000859017320      2.789572440605      2.327274668955
    6      3.698201263204     -3.603900614681      2.526837645490
    6      4.862040120260     -1.416720535593      2.510983277969
    6      6.234509434961      0.647079804137      2.779805845114
    6      2.805955651687      1.917029603977      2.016341728112
    6      3.794033308077      3.416148742380      2.881249643487
    6      2.456978630890     -2.807751353156      2.383716261112
    6      3.556595399437     -0.634713963671      2.529364200951
    6      4.998539961339      1.383988746164      2.629537328253
    6      3.662422602461     -4.988748672429      2.435930997808
    6      4.796891144370     -2.793733680486      2.777915272563
    6      6.158412300550     -0.790010312555      2.739668427635
    1    1
