   3   1   1 E -5.7042641044969E+02 DE-1.2E-09( 24)
  0.370158621205E+01 -0.641133538787E+01  0.000000000000E+00
  0.370158621205E+01  0.641133538787E+01  0.000000000000E+00
  0.000000000000E+00  0.000000000000E+00  0.868503800000E+01
    1
  0.100000000000E+01  0.000000000000E+00  0.000000000000E+00
  0.000000000000E+00  0.100000000000E+01  0.000000000000E+00
  0.000000000000E+00  0.000000000000E+00  0.100000000000E+01
  0.000000000000E+00  0.000000000000E+00  0.000000000000E+00
   15
    6      3.493369759840      4.667898111773      2.739610728245
    6      2.535506602421     -1.530927009105      3.097452938748
    6      3.653373539435      0.863213916576      2.390113675080
    6      5.011283152177      2.768677037307      2.337811073374
    6      3.703599163694     -3.618207426406      2.207781342942
    6      4.848086227375     -1.427306338352      2.632529105070
    6      6.224675024176      0.639098263048      2.763505273657
    6      2.807836121724      2.104007513707      2.149310820551
    6      3.791031032502      3.359243285159      2.883955538116
    6      2.469968421065     -2.825957732057      2.243790432149
    6      3.542861816770     -0.636337283352      2.511752173502
    6      5.011529290707      1.363216205919      2.629013444308
    6      3.674196765411     -4.939698960688      2.882977086109
    6      4.767943615761     -2.834429171740      2.932010640900
    6      6.157843001098     -0.801972806397      2.681056727249
    1    1
