   3   1   1 E -5.7061326102273E+02 DE 6.4E-09( 15)
  0.370158621205E+01 -0.641133538787E+01  0.000000000000E+00
  0.370158621205E+01  0.641133538787E+01  0.000000000000E+00
  0.000000000000E+00  0.000000000000E+00  0.868503800000E+01
    1
  0.100000000000E+01  0.000000000000E+00  0.000000000000E+00
  0.000000000000E+00  0.100000000000E+01  0.000000000000E+00
  0.000000000000E+00  0.000000000000E+00  0.100000000000E+01
  0.000000000000E+00  0.000000000000E+00  0.000000000000E+00
   15
    6      3.586311651640      4.899554613660      2.610709367691
    6      2.514899731138     -1.489553234201      2.558370872172
    6      3.535547298912      0.813935393333      2.622677570447
    6      4.996142907448      2.814911213096      2.567228151559
    6      3.770593561814     -3.609253308204      2.598585899144
    6      4.948925673452     -1.474177722116      2.620859979919
    6      6.200037856780      0.709141502678      2.643816567806
    6      2.280118110458      1.531381700628      2.649571556770
    6      3.940437451351      3.698691454308      2.579663692069
    6      2.527921930734     -2.879995949105      2.570723214151
    6      3.627368018592     -0.698531959840      2.597485872920
    6      4.900557781567      1.433625368287      2.610123472023
    6      3.735194207076     -4.988881034838      2.620943857965
    6      4.959346237695     -2.899815581850      2.602130735110
    6      6.169701115496     -0.710514850444      2.629780190255
    1    1
