   3   1   1 E -5.7061367118687E+02 DE-3.2E-09( 13)
  0.370158621205E+01 -0.641133538787E+01  0.000000000000E+00
  0.370158621205E+01  0.641133538787E+01  0.000000000000E+00
  0.000000000000E+00  0.000000000000E+00  0.868503800000E+01
    1
  0.100000000000E+01  0.000000000000E+00  0.000000000000E+00
  0.000000000000E+00  0.100000000000E+01  0.000000000000E+00
  0.000000000000E+00  0.000000000000E+00  0.100000000000E+01
  0.000000000000E+00  0.000000000000E+00  0.000000000000E+00
   15
    6      3.589448279461      4.901474572606      2.614362063354
    6      2.512265657188     -1.493331653914      2.572850950052
    6      3.535219417966      0.811541334508      2.607308988364
    6      4.994708754138      2.813301014592      2.592917847987
    6      3.775461329172     -3.609401387865      2.599572586724
    6      4.944598429481     -1.468587925057      2.623060319691
    6      6.195089959736      0.705693146504      2.613621369038
    6      2.291955432234      1.540910620447      2.620277715101
    6      3.932619517025      3.692884797801      2.597755363738
    6      2.529120271541     -2.879891651799      2.583212801754
    6      3.621068279470     -0.699150020364      2.603900767264
    6      4.902688988592      1.433086933184      2.603460315562
    6      3.734965425528     -4.994960211822      2.606667064109
    6      4.963749196380     -2.893826020514      2.617932234675
    6      6.170144596241     -0.709225942914      2.625770612586
    1    1
