   3   1   1 E -5.7038389619718E+02 DE-9.4E-10( 37)
  0.370158621205E+01 -0.641133538787E+01  0.000000000000E+00
  0.370158621205E+01  0.641133538787E+01  0.000000000000E+00
  0.000000000000E+00  0.000000000000E+00  0.868503800000E+01
    1
  0.100000000000E+01  0.000000000000E+00  0.000000000000E+00
  0.000000000000E+00  0.100000000000E+01  0.000000000000E+00
  0.000000000000E+00  0.000000000000E+00  0.100000000000E+01
  0.000000000000E+00  0.000000000000E+00  0.000000000000E+00
   15
    6      3.588690071245      4.946211159216      2.579369797116
    6      2.640310867199     -1.508484017920      3.027946087739
    6      3.608916288346      0.756487048388      2.374929969277
    6      4.971695535789      2.869065155930      2.601560101542
    6      3.768403958704     -3.637009037490      2.586509647361
    6      4.895039680791     -1.453751168664      2.331644255532
    6      6.165239914547      0.735865835718      2.686427087475
    6      2.434531600877      1.355896586217      3.435083499458
    6      3.890558517429      3.731232413064      2.625247794681
    6      2.531954246355     -2.852412622536      2.552707275117
    6      3.625639954534     -0.715083859696      2.238976347628
    6      4.902454398527      1.453316006655      2.664911980846
    6      3.630068034907     -4.990460472642      1.926229565505
    6      4.901172379472     -2.848274147574      2.890660779424
    6      6.138428085434     -0.692081273274      2.560466811298
    1    1
