   3   1   1 E -5.7047802184013E+02 DE 3.2E-09( 26)
  0.370158621205E+01 -0.641133538787E+01  0.000000000000E+00
  0.370158621205E+01  0.641133538787E+01  0.000000000000E+00
  0.000000000000E+00  0.000000000000E+00  0.868503800000E+01
    1
  0.100000000000E+01  0.000000000000E+00  0.000000000000E+00
  0.000000000000E+00  0.100000000000E+01  0.000000000000E+00
  0.000000000000E+00  0.000000000000E+00  0.100000000000E+01
  0.000000000000E+00  0.000000000000E+00  0.000000000000E+00
   15
    6      3.531043472548      4.838469902648      2.611767386935
    6      2.562759894654     -1.532328721580      2.037423102748
    6      3.603051432561      0.771488170567      2.970171455580
    6      4.981494791514      2.824359431594      2.638685804784
    6      3.735171130556     -3.588848546320      2.660048655166
    6      4.905653333776     -1.427428555405      2.786120150469
    6      6.211773542287      0.695441718879      2.488184409314
    6      2.610277654606      1.571928806003      2.266258566628
    6      3.839117887658      3.591628711755      2.624396176917
    6      2.482852803147     -2.822807924973      2.709438486858
    6      3.597516075190     -0.687424752541      2.905816975238
    6      4.945319020255      1.410189159342      2.668342901142
    6      3.680855044355     -4.968105353321      2.652104906011
    6      4.845873059314     -2.799820395333      2.479251634476
    6      6.160344391737     -0.726224045921      2.584660387734
    1    1
