   3   1   1 E -5.7045182386310E+02 DE 4.7E-10( 24)
  0.370158621205E+01 -0.641133538787E+01  0.000000000000E+00
  0.370158621205E+01  0.641133538787E+01  0.000000000000E+00
  0.000000000000E+00  0.000000000000E+00  0.868503800000E+01
    1
  0.100000000000E+01  0.000000000000E+00  0.000000000000E+00
  0.000000000000E+00  0.100000000000E+01  0.000000000000E+00
  0.000000000000E+00  0.000000000000E+00  0.100000000000E+01
  0.000000000000E+00  0.000000000000E+00  0.000000000000E+00
   15
    6      3.579859281684      4.747284880047      2.481208343147
    6      2.494861382471     -1.525851851938      1.990457064025
    6      3.663815714498      0.819019760653      2.673050121758
    6      4.978828213005      2.811467199636      2.898502169213
    6      3.708373557789     -3.608594242277      2.643360846123
    6      4.855434763601     -1.414234493463      2.688722554632
    6      6.224690117011      0.656756384552      2.431067202679
    6      2.820273948659      1.882954588379      3.175133129688
    6      3.742109707281      3.423067926651      2.403904739353
    6      2.452747463947     -2.814791145989      2.816011655135
    6      3.558395204455     -0.650960345520      2.678253944876
    6      4.989933310429      1.402105907395      2.536600036586
    6      3.646404963069     -4.990914700289      2.782493208437
    6      4.797619474097     -2.797077442437      2.393761553517
    6      6.179756432160     -0.789714820007      2.490144430832
    1    1
