   3   1   1 E -5.7042203809618E+02 DE 3.5E-11( 30)
  0.370158621205E+01 -0.641133538787E+01  0.000000000000E+00
  0.370158621205E+01  0.641133538787E+01  0.000000000000E+00
  0.000000000000E+00  0.000000000000E+00  0.868503800000E+01
    1
  0.100000000000E+01  0.000000000000E+00  0.000000000000E+00
  0.000000000000E+00  0.100000000000E+01  0.000000000000E+00
  0.000000000000E+00  0.000000000000E+00  0.100000000000E+01
  0.000000000000E+00  0.000000000000E+00  0.000000000000E+00
   15
    6      3.575015030920      4.864739799186      2.417823743086
    6      2.556831731195     -1.529092262508      3.633461008985
    6      3.603578357258      0.760844903437      2.368088160850
    6      4.974555361685      2.835667625294      2.589567730085
    6      3.747867291620     -3.591007425243      2.560929344848
    6      4.900837421676     -1.427197314879      2.417996816819
    6      6.202504554510      0.704095052634      2.384104570213
    6      2.578747542095      1.522142869953      3.040971700051
    6      3.820281846100      3.605522916006      2.451841080841
    6      2.487669222933     -2.823970582245      2.768661342817
    6      3.599017675316     -0.699077782968      2.458095405935
    6      4.935162770917      1.422893204487      2.435122497578
    6      3.681948684708     -4.972842907800      2.203376909238
    6      4.860142446218     -2.800562440202      2.966387507731
    6      6.168943597005     -0.721638049757      2.386243180923
    1    1
