   3   1   1 E -5.7042526696787E+02 DE 6.0E-10( 25)
  0.370158621205E+01 -0.641133538787E+01  0.000000000000E+00
  0.370158621205E+01  0.641133538787E+01  0.000000000000E+00
  0.000000000000E+00  0.000000000000E+00  0.868503800000E+01
    1
  0.100000000000E+01  0.000000000000E+00  0.000000000000E+00
  0.000000000000E+00  0.100000000000E+01  0.000000000000E+00
  0.000000000000E+00  0.000000000000E+00  0.100000000000E+01
  0.000000000000E+00  0.000000000000E+00  0.000000000000E+00
   15
    6      3.506256250361      4.704488724110      2.781875535293
    6      2.509409873617     -1.515522576138      3.231491747831
    6      3.650063705822      0.846019017074      2.540150412240
    6      4.998539442310      2.785144876601      2.317507237487
    6      3.699824087160     -3.607391610198      2.552457357970
    6      4.860366480239     -1.417546729992      2.488802553394
    6      6.233146874258      0.640504437727      2.788446513587
    6      2.832745404574      1.949885978514      1.964377340414
    6      3.785439706045      3.404604892374      2.888729721256
    6      2.452994163719     -2.809413769169      2.368870786346
    6      3.552732142724     -0.630599362084      2.506373062443
    6      4.997958964891      1.379066150945      2.695432851858
    6      3.657738178287     -4.989955230402      2.429899977762
    6      4.794288829843     -2.793023921350      2.795478233161
    6      6.161599430306     -0.795743272618      2.732777668958
    1    1
