   3   1   1 E -5.7045301483921E+02 DE 1.0E-10( 24)
  0.370158621205E+01 -0.641133538787E+01  0.000000000000E+00
  0.370158621205E+01  0.641133538787E+01  0.000000000000E+00
  0.000000000000E+00  0.000000000000E+00  0.868503800000E+01
    1
  0.100000000000E+01  0.000000000000E+00  0.000000000000E+00
  0.000000000000E+00  0.100000000000E+01  0.000000000000E+00
  0.000000000000E+00  0.000000000000E+00  0.100000000000E+01
  0.000000000000E+00  0.000000000000E+00  0.000000000000E+00
   15
    6      3.528171096255      4.780425940575      2.743310126247
    6      2.523103493227     -1.501800906718      3.266487393832
    6      3.634428786353      0.800832664599      2.611087950942
    6      4.969002923789      2.797691875905      2.300352538543
    6      3.713281060059     -3.586701542790      2.444964547944
    6      4.900940481969     -1.415946014432      2.597454790854
    6      6.235777877851      0.686256992876      2.799558452144
    6      2.723297302314      1.632699848626      1.963655000715
    6      3.808838827955      3.500826557831      2.776906741841
    6      2.450284284065     -2.825392403315      2.387727052099
    6      3.591757836472     -0.658154507739      2.654952581751
    6      4.974569965068      1.416032467587      2.698984852041
    6      3.661190371194     -4.965481805270      2.328037362341
    6      4.806151591270     -2.764994223078      2.784412382301
    6      6.172307636314     -0.745777339263      2.724779226403
    1    1
