   3   1   1 E -5.7050060684488E+02 DE 2.8E-10( 17)
  0.370158621205E+01 -0.641133538787E+01  0.000000000000E+00
  0.370158621205E+01  0.641133538787E+01  0.000000000000E+00
  0.000000000000E+00  0.000000000000E+00  0.868503800000E+01
    1
  0.100000000000E+01  0.000000000000E+00  0.000000000000E+00
  0.000000000000E+00  0.100000000000E+01  0.000000000000E+00
  0.000000000000E+00  0.000000000000E+00  0.100000000000E+01
  0.000000000000E+00  0.000000000000E+00  0.000000000000E+00
   15
    6      3.490932995607      4.924304546020      2.557743560517
    6      2.649862043541     -1.516539709617      2.238495348694
    6      3.580672156098      0.766200451750      2.808569375924
    6      5.014415332655      2.854260681135      2.638192044752
    6      3.787435996113     -3.629347670723      2.644659049533
    6      4.897664410154     -1.449242448443      2.777283221418
    6      6.157197070015      0.730841177630      2.388817034657
    6      2.371361943709      1.372672486662      2.233074795149
    6      3.988756858046      3.759335741544      2.604344258300
    6      2.555404383168     -2.850895361493      2.725528874608
    6      3.627201066492     -0.708041070992      2.925973936064
    6      4.899395286064      1.445631733610      2.562502246949
    6      3.662836949573     -5.013825252492      2.915601916490
    6      4.908282481790     -2.853267610316      2.515606604838
    6      6.101684561129     -0.681570088885      2.546278732106
    1    1
