   3   1   1 E -5.7043227693737E+02 DE 1.7E-10( 23)
  0.370158621205E+01 -0.641133538787E+01  0.000000000000E+00
  0.370158621205E+01  0.641133538787E+01  0.000000000000E+00
  0.000000000000E+00  0.000000000000E+00  0.868503800000E+01
    1
  0.100000000000E+01  0.000000000000E+00  0.000000000000E+00
  0.000000000000E+00  0.100000000000E+01  0.000000000000E+00
  0.000000000000E+00  0.000000000000E+00  0.100000000000E+01
  0.000000000000E+00  0.000000000000E+00  0.000000000000E+00
   15
    6      3.589338943715      4.832156836744      2.501042893485
    6      2.517247941005     -1.527990791026      3.557602194083
    6      3.627267075705      0.766800321789      2.460367826300
    6      4.969618351584      2.821610505455      2.333917519114
    6      3.739943352274     -3.588805568218      2.437765802039
    6      4.896203200088     -1.414291157720      2.500298251907
    6      6.228436705927      0.699003144477      2.416557471924
    6      2.627441327223      1.605113500617      3.374501421344
    6      3.792654984225      3.540158927736      2.531631279620
    6      2.473271459602     -2.831694508729      2.549767481156
    6      3.587875131802     -0.689918481398      2.666238201605
    6      4.967094961308      1.425312433016      2.304045467520
    6      3.667871596915     -4.968852224771      2.277568028317
    6      4.824056336415     -2.782041356773      2.697414977391
    6      6.184782166367     -0.736043975807      2.473952184195
    1    1
