   3   1   1 E -5.7061376749854E+02 DE-3.0E-09( 10)
  0.370158621205E+01 -0.641133538787E+01  0.000000000000E+00
  0.370158621205E+01  0.641133538787E+01  0.000000000000E+00
  0.000000000000E+00  0.000000000000E+00  0.868503800000E+01
    1
  0.100000000000E+01  0.000000000000E+00  0.000000000000E+00
  0.000000000000E+00  0.100000000000E+01  0.000000000000E+00
  0.000000000000E+00  0.000000000000E+00  0.100000000000E+01
  0.000000000000E+00  0.000000000000E+00  0.000000000000E+00
   15
    6      3.599062359925      4.902408932695      2.600386012098
    6      2.511600573959     -1.491205532860      2.601729934485
    6      3.536628829828      0.807672170484      2.607878526548
    6      4.990972110815      2.814522077972      2.592946604852
    6      3.772705086563     -3.606598390821      2.606656909736
    6      4.948020648131     -1.466999065235      2.609766405526
    6      6.195894040252      0.708264896221      2.609618725781
    6      2.293030736604      1.532539728194      2.624423376714
    6      3.921250886907      3.684982448415      2.590100471962
    6      2.524308766269     -2.875084358215      2.598026932193
    6      3.624037614568     -0.702529740476      2.608291038958
    6      4.904646815636      1.432322486304      2.604184979669
    6      3.734377141488     -4.990591762215      2.610382741374
    6      4.959513849995     -2.890097600082      2.608061769811
    6      6.177054073216     -0.709088684989      2.610216570295
    1    1
