   3   1   1 E -5.7041522370354E+02 DE 3.6E-10( 29)
  0.370158621205E+01 -0.641133538787E+01  0.000000000000E+00
  0.370158621205E+01  0.641133538787E+01  0.000000000000E+00
  0.000000000000E+00  0.000000000000E+00  0.868503800000E+01
    1
  0.100000000000E+01  0.000000000000E+00  0.000000000000E+00
  0.000000000000E+00  0.100000000000E+01  0.000000000000E+00
  0.000000000000E+00  0.000000000000E+00  0.100000000000E+01
  0.000000000000E+00  0.000000000000E+00  0.000000000000E+00
   15
    6      3.586665746491      4.947113272296      2.547347848005
    6      2.598203336494     -1.496665119794      2.731154558886
    6      3.622914611594      0.757173718767      2.433356022127
    6      4.962554560922      2.865449094285      2.523716761552
    6      3.778167847108     -3.626192949198      2.551471335018
    6      4.897193497068     -1.462532388072      2.371818419602
    6      6.162202398151      0.737972553191      2.573962609497
    6      2.503099425927      1.321706649360      3.563480344155
    6      3.879348936312      3.722385549302      2.580668827079
    6      2.523334165279     -2.860485516821      2.452756071135
    6      3.631295933898     -0.713797935941      2.339999906109
    6      4.893736251717      1.452164421510      2.547127794330
    6      3.624717180578     -4.970443526768      2.119851325548
    6      4.895522805865     -2.830833221545      3.224733469327
    6      6.134146836753     -0.692496995180      2.521225707630
    1    1
