   3   1   1 E -5.7061380381177E+02 DE 3.6E-10( 10)
  0.370158621205E+01 -0.641133538787E+01  0.000000000000E+00
  0.370158621205E+01  0.641133538787E+01  0.000000000000E+00
  0.000000000000E+00  0.000000000000E+00  0.868503800000E+01
    1
  0.100000000000E+01  0.000000000000E+00  0.000000000000E+00
  0.000000000000E+00  0.100000000000E+01  0.000000000000E+00
  0.000000000000E+00  0.000000000000E+00  0.100000000000E+01
  0.000000000000E+00  0.000000000000E+00  0.000000000000E+00
   15
    6      3.603173895970      4.900948393079      2.596319863128
    6      2.508103662854     -1.489383815672      2.604553633946
    6      3.538935912752      0.807660804109      2.608275951992
    6      4.990119529687      2.813649528831      2.599917178111
    6      3.771394873368     -3.606110709439      2.612625428226
    6      4.948836758374     -1.466968405599      2.607577106587
    6      6.197699121658      0.706772356127      2.608386110275
    6      2.295733579797      1.537482784607      2.607815237227
    6      3.915232837603      3.679559254347      2.587200286040
    6      2.523168212912     -2.874228129216      2.606689871628
    6      3.623028687593     -0.701740243483      2.606935027769
    6      4.906050870913      1.431540484271      2.605744507727
    6      3.734348574475     -4.989951559730      2.612422117407
    6      4.957955264960     -2.887893866801      2.613420735585
    6      6.179321751240     -0.710819270038      2.604787944354
    1    1
