   3   1   1 E -5.7049207135494E+02 DE 1.7E-11( 27)
  0.370158621205E+01 -0.641133538787E+01  0.000000000000E+00
  0.370158621205E+01  0.641133538787E+01  0.000000000000E+00
  0.000000000000E+00  0.000000000000E+00  0.868503800000E+01
    1
  0.100000000000E+01  0.000000000000E+00  0.000000000000E+00
  0.000000000000E+00  0.100000000000E+01  0.000000000000E+00
  0.000000000000E+00  0.000000000000E+00  0.100000000000E+01
  0.000000000000E+00  0.000000000000E+00  0.000000000000E+00
   15
    6      3.582786818199      4.821176357717      2.573158284763
    6      2.514408337582     -1.515374700471      1.795118783513
    6      3.637269878960      0.778638788145      2.761426614405
    6      4.958529248708      2.818165407085      2.815995556024
    6      3.724946887064     -3.587683362947      2.730541442514
    6      4.899036703253     -1.412993280510      2.496490964757
    6      6.227439275431      0.700732790278      2.627677841269
    6      2.690870072853      1.574002373628      3.038584305828
    6      3.788272665183      3.527043278788      2.565725346977
    6      2.457020726341     -2.828633110274      2.621198253173
    6      3.593659253216     -0.676914400812      2.409926597343
    6      4.965225860468      1.431544345675      2.739039790593
    6      3.654320611916     -4.968306215966      2.941549848193
    6      4.813741432152     -2.774241242994      2.404274412366
    6      6.185575762830     -0.736639421947      2.561962958281
    1    1
