   3   1   1 E -5.7044885617163E+02 DE 9.2E-10( 26)
  0.370158621205E+01 -0.641133538787E+01  0.000000000000E+00
  0.370158621205E+01  0.641133538787E+01  0.000000000000E+00
  0.000000000000E+00  0.000000000000E+00  0.868503800000E+01
    1
  0.100000000000E+01  0.000000000000E+00  0.000000000000E+00
  0.000000000000E+00  0.100000000000E+01  0.000000000000E+00
  0.000000000000E+00  0.000000000000E+00  0.100000000000E+01
  0.000000000000E+00  0.000000000000E+00  0.000000000000E+00
   15
    6      3.604528628701      4.746926951061      2.518407260156
    6      2.521282136322     -1.544978102239      2.121016684170
    6      3.671453422186      0.815105679062      2.834126169749
    6      4.980334204270      2.811523472356      2.876649720117
    6      3.718637434742     -3.624820099288      2.941238968004
    6      4.844057481828     -1.421607409668      2.565626591689
    6      6.206757844663      0.666389228549      2.432676656196
    6      2.764115923273      1.974117639773      3.013686902620
    6      3.731232495103      3.408639076028      2.422441604068
    6      2.471906538421     -2.836020177386      2.944444029899
    6      3.553992857870     -0.672898113732      2.704947034695
    6      4.992927640665      1.399430603313      2.588822710124
    6      3.663559978084     -4.949392173611      2.259662683446
    6      4.783382441550     -2.835806037136      2.309418617468
    6      6.184934506478     -0.786092931689      2.549505367601
    1    1
