   3   1   1 E -5.7046494175200E+02 DE 5.2E-10( 26)
  0.370158621205E+01 -0.641133538787E+01  0.000000000000E+00
  0.370158621205E+01  0.641133538787E+01  0.000000000000E+00
  0.000000000000E+00  0.000000000000E+00  0.868503800000E+01
    1
  0.100000000000E+01  0.000000000000E+00  0.000000000000E+00
  0.000000000000E+00  0.100000000000E+01  0.000000000000E+00
  0.000000000000E+00  0.000000000000E+00  0.100000000000E+01
  0.000000000000E+00  0.000000000000E+00  0.000000000000E+00
   15
    6      3.575236249105      4.773338693613      2.486828317083
    6      2.536035424142     -1.542004958621      1.888389397725
    6      3.650231686251      0.803306979399      2.825802815351
    6      4.977411825553      2.823258553741      2.894395100973
    6      3.701979440415     -3.599851125833      2.654024723226
    6      4.867776219161     -1.416834799162      2.641670981571
    6      6.222399592194      0.675503471145      2.460935659019
    6      2.727536137643      1.796496032798      3.074154950482
    6      3.771571310085      3.467511543802      2.437070747161
    6      2.461651361967     -2.814017614376      2.761736881804
    6      3.577979707825     -0.666240759361      2.627859795437
    6      4.983306201629      1.417068603457      2.656942136492
    6      3.652582171526     -4.987198887163      2.764819177441
    6      4.812197934715     -2.807947544342      2.417420762055
    6      6.175208271947     -0.771870583703      2.490619554180
    1    1
