   3   1   1 E -5.7045043050072E+02 DE 6.6E-10( 25)
  0.370158621205E+01 -0.641133538787E+01  0.000000000000E+00
  0.370158621205E+01  0.641133538787E+01  0.000000000000E+00
  0.000000000000E+00  0.000000000000E+00  0.868503800000E+01
    1
  0.100000000000E+01  0.000000000000E+00  0.000000000000E+00
  0.000000000000E+00  0.100000000000E+01  0.000000000000E+00
  0.000000000000E+00  0.000000000000E+00  0.100000000000E+01
  0.000000000000E+00  0.000000000000E+00  0.000000000000E+00
   15
    6      3.497464413619      4.734598312608      2.710783818544
    6      2.564097849601     -1.534039004374      3.424678866737
    6      3.619030916957      0.821385692414      2.277586311705
    6      5.009513177693      2.802016374706      2.384020976388
    6      3.708327414076     -3.597491857513      2.506676372767
    6      4.868468120610     -1.415511149686      2.557245640765
    6      6.230635528773      0.659606631544      2.730018219158
    6      2.668085129534      1.858602423597      2.121529220947
    6      3.823616861470      3.460401021522      2.786778751134
    6      2.476579502464     -2.807662399760      2.437045547900
    6      3.566483240177     -0.653939753787      2.562549795132
    6      4.993493030390      1.385970110307      2.488632314745
    6      3.697775394071     -4.987427074985      2.644482426055
    6      4.817818947687     -2.802959883610      2.771649464907
    6      6.151714007033     -0.773031837590      2.678993273116
    1    1
