   3   1   1 E -5.7042434933770E+02 DE-8.1E-10( 24)
  0.370158621205E+01 -0.641133538787E+01  0.000000000000E+00
  0.370158621205E+01  0.641133538787E+01  0.000000000000E+00
  0.000000000000E+00  0.000000000000E+00  0.868503800000E+01
    1
  0.100000000000E+01  0.000000000000E+00  0.000000000000E+00
  0.000000000000E+00  0.100000000000E+01  0.000000000000E+00
  0.000000000000E+00  0.000000000000E+00  0.100000000000E+01
  0.000000000000E+00  0.000000000000E+00  0.000000000000E+00
   15
    6      3.611039248418      4.722667186959      2.482804478175
    6      2.457522505263     -1.508342274853      2.249336698499
    6      3.688514933231      0.814804980298      2.556149210554
    6      4.968414525201      2.802296027362      2.971745436310
    6      3.730827415869     -3.590903480101      2.768695648242
    6      4.851625347862     -1.425788977096      2.759922576843
    6      6.229729609134      0.643262296806      2.442745122365
    6      2.858337409653      1.961898593781      3.226910965769
    6      3.702017782142      3.367987808648      2.341676917885
    6      2.445435804151     -2.818431524940      2.722831642922
    6      3.563070669319     -0.651633766685      2.777321020891
    6      4.998101213287      1.389674068414      2.463132311438
    6      3.634054614656     -4.936683558255      2.611818953394
    6      4.752421728251     -2.810583893851      2.194913017156
    6      6.201990727718     -0.809705881093      2.512666999557
    1    1
