   3   1   1 E -5.7047438196486E+02 DE-1.5E-09( 24)
  0.370158621205E+01 -0.641133538787E+01  0.000000000000E+00
  0.370158621205E+01  0.641133538787E+01  0.000000000000E+00
  0.000000000000E+00  0.000000000000E+00  0.868503800000E+01
    1
  0.100000000000E+01  0.000000000000E+00  0.000000000000E+00
  0.000000000000E+00  0.100000000000E+01  0.000000000000E+00
  0.000000000000E+00  0.000000000000E+00  0.100000000000E+01
  0.000000000000E+00  0.000000000000E+00  0.000000000000E+00
   15
    6      3.485402484420      4.899877478514      2.543279710119
    6      2.608994131684     -1.503676266263      1.996026863678
    6      3.601239131550      0.756418750599      2.661395417318
    6      4.997971824965      2.844682709777      2.618344962389
    6      3.794478858719     -3.595064863764      2.860976102658
    6      4.894624213155     -1.447554921319      2.696178678128
    6      6.166455517316      0.735417200701      2.579592651623
    6      2.536841688471      1.276842447114      2.671998603910
    6      3.926952131868      3.710765095151      2.581261405918
    6      2.533420776934     -2.844331445664      2.655284493009
    6      3.642872585616     -0.715898764053      2.673637484532
    6      4.907740100841      1.444757631409      2.601576775749
    6      3.658264385817     -4.943762940050      3.002625726652
    6      4.837531990805     -2.786530935512      2.390953920931
    6      6.100313711994     -0.681423571248      2.549538203388
    1    1
