   3   1   1 E -5.7042223816508E+02 DE 1.8E-09( 25)
  0.370158621205E+01 -0.641133538787E+01  0.000000000000E+00
  0.370158621205E+01  0.641133538787E+01  0.000000000000E+00
  0.000000000000E+00  0.000000000000E+00  0.868503800000E+01
    1
  0.100000000000E+01  0.000000000000E+00  0.000000000000E+00
  0.000000000000E+00  0.100000000000E+01  0.000000000000E+00
  0.000000000000E+00  0.000000000000E+00  0.100000000000E+01
  0.000000000000E+00  0.000000000000E+00  0.000000000000E+00
   15
    6      3.571568851530      4.919769524551      2.482487520388
    6      2.544544228059     -1.488250880261      3.067063495634
    6      3.614865983218      0.749899764192      2.442295591844
    6      4.966941027607      2.850827893177      2.492873669525
    6      3.812368704297     -3.597870640968      2.464317276425
    6      4.900472075142     -1.444178218820      2.420271550151
    6      6.167612692545      0.734536310954      2.449545885274
    6      2.545183948712      1.266745962319      3.411850879478
    6      3.860241826912      3.695700465038      2.506925683838
    6      2.517326519127     -2.854830695423      2.533262134239
    6      3.637370938733     -0.711122659334      2.367003233353
    6      4.898091715814      1.453633703145      2.433905203574
    6      3.656008528664     -4.953410941931      2.210026561483
    6      4.868674467248     -2.783979557277      3.333987933995
    6      6.131832026548     -0.686952423968      2.466854380800
    1    1
