   3   1   1 E -5.7051304901827E+02 DE 1.3E-11( 29)
  0.370158621205E+01 -0.641133538787E+01  0.000000000000E+00
  0.370158621205E+01  0.641133538787E+01  0.000000000000E+00
  0.000000000000E+00  0.000000000000E+00  0.868503800000E+01
    1
  0.100000000000E+01  0.000000000000E+00  0.000000000000E+00
  0.000000000000E+00  0.100000000000E+01  0.000000000000E+00
  0.000000000000E+00  0.000000000000E+00  0.100000000000E+01
  0.000000000000E+00  0.000000000000E+00  0.000000000000E+00
   15
    6      3.511813427300      4.895711102356      2.567756490182
    6      2.569083494122     -1.485224557354      2.469798100486
    6      3.610471193404      0.763774400239      2.915719621734
    6      4.979646682685      2.837510255878      2.622316950174
    6      3.796929303581     -3.595282060036      2.717248461936
    6      4.903229531344     -1.449763214248      2.775134203134
    6      6.172780691096      0.729209861003      2.549406100203
    6      2.558851690388      1.291647274401      2.122121998009
    6      3.896395298700      3.690663185095      2.588099578201
    6      2.517833203134     -2.849775929859      2.688516583345
    6      3.639570676949     -0.695750365243      2.912455219858
    6      4.902737883364      1.438555763578      2.699053962943
    6      3.659625122513     -4.943368949057      2.705813293283
    6      4.861171264710     -2.788194531753      2.173287694657
    6      6.112964070864     -0.689194629606      2.575942741855
    1    1
