   3   1   1 E -5.7037599175482E+02 DE-2.4E-11( 29)
  0.370158621205E+01 -0.641133538787E+01  0.000000000000E+00
  0.370158621205E+01  0.641133538787E+01  0.000000000000E+00
  0.000000000000E+00  0.000000000000E+00  0.868503800000E+01
    1
  0.100000000000E+01  0.000000000000E+00  0.000000000000E+00
  0.000000000000E+00  0.100000000000E+01  0.000000000000E+00
  0.000000000000E+00  0.000000000000E+00  0.100000000000E+01
  0.000000000000E+00  0.000000000000E+00  0.000000000000E+00
   15
    6      3.602425733954      4.919323869001      2.577609954411
    6      2.619644992126     -1.542555329744      3.295634952942
    6      3.585240030759      0.759873069415      2.651380819364
    6      4.985618261526      2.854021707990      2.623108963157
    6      3.772722109850     -3.620042015751      2.366163357450
    6      4.907402652923     -1.440787683209      2.369815766114
    6      6.184130574375      0.732017824532      2.754911652238
    6      2.375618034621      1.435032372035      3.136343093782
    6      3.872733487810      3.692645689096      2.600802795813
    6      2.531911237993     -2.846805391491      2.537461701371
    6      3.622254647066     -0.723784833646      2.334756338376
    6      4.921315747105      1.451746367801      2.805580815918
    6      3.664105372796     -4.985021538506      1.733075841483
    6      4.885981916916     -2.839306147656      2.704738047923
    6      6.161998734336     -0.695840354474      2.591286899659
    1    1
