   3   1   1 E -5.7059342266938E+02 DE 1.3E-08( 12)
  0.370158621205E+01 -0.641133538787E+01  0.000000000000E+00
  0.370158621205E+01  0.641133538787E+01  0.000000000000E+00
  0.000000000000E+00  0.000000000000E+00  0.868503800000E+01
    1
  0.100000000000E+01  0.000000000000E+00  0.000000000000E+00
  0.000000000000E+00  0.100000000000E+01  0.000000000000E+00
  0.000000000000E+00  0.000000000000E+00  0.100000000000E+01
  0.000000000000E+00  0.000000000000E+00  0.000000000000E+00
   15
    6      3.541090990644      4.919022871668      2.576435508860
    6      2.566930814899     -1.512155312886      2.345294802644
    6      3.555984287286      0.782147692107      2.693525668164
    6      5.003577381339      2.833458897742      2.600090933070
    6      3.785001131956     -3.620754781041      2.663978119830
    6      4.925105586038     -1.473242597318      2.712052161390
    6      6.171772899544      0.717801533477      2.553295163916
    6      2.295721782190      1.487899687515      2.412416740366
    6      3.982453397946      3.749800213882      2.581457871866
    6      2.545491038413     -2.878656357337      2.604106519647
    6      3.622825713692     -0.708548291354      2.726097741429
    6      4.890764363045      1.444592447141      2.604575943890
    6      3.712621042405     -5.002794226952      2.741000858395
    6      4.958043746922     -2.892146557728      2.663840819509
    6      6.135719357834     -0.695907613524      2.604502147024
    1    1
