   3   1   1 E -5.7044708002684E+02 DE 1.0E-09( 25)
  0.370158621205E+01 -0.641133538787E+01  0.000000000000E+00
  0.370158621205E+01  0.641133538787E+01  0.000000000000E+00
  0.000000000000E+00  0.000000000000E+00  0.868503800000E+01
    1
  0.100000000000E+01  0.000000000000E+00  0.000000000000E+00
  0.000000000000E+00  0.100000000000E+01  0.000000000000E+00
  0.000000000000E+00  0.000000000000E+00  0.100000000000E+01
  0.000000000000E+00  0.000000000000E+00  0.000000000000E+00
   15
    6      3.584248676530      4.740758361581      2.489090334632
    6      2.482200363197     -1.520970835222      2.031609325576
    6      3.671203566156      0.821757369146      2.622370310582
    6      4.977096097459      2.807935041980      2.904541433018
    6      3.712023728903     -3.613568352386      2.625123932106
    6      4.853300331826     -1.414101567577      2.696327178590
    6      6.222839579884      0.649455544448      2.437855991843
    6      2.842767538356      1.923589311091      3.210203827533
    6      3.733389470229      3.411062950580      2.402693070215
    6      2.449952468564     -2.817058295619      2.825149336774
    6      3.553743161326     -0.647613664836      2.691657438856
    6      4.989962662839      1.395855440649      2.494711223546
    6      3.641952390651     -4.993663420837      2.773017934147
    6      4.795083283070     -2.797020234266      2.379118901636
    6      6.183340215166     -0.795900043340      2.499200760944
    1    1
