   3   1   1 E -5.7051238985569E+02 DE-2.0E-09( 22)
  0.370158621205E+01 -0.641133538787E+01  0.000000000000E+00
  0.370158621205E+01  0.641133538787E+01  0.000000000000E+00
  0.000000000000E+00  0.000000000000E+00  0.868503800000E+01
    1
  0.100000000000E+01  0.000000000000E+00  0.000000000000E+00
  0.000000000000E+00  0.100000000000E+01  0.000000000000E+00
  0.000000000000E+00  0.000000000000E+00  0.100000000000E+01
  0.000000000000E+00  0.000000000000E+00  0.000000000000E+00
   15
    6      3.507170262579      4.883315080358      2.543662289792
    6      2.646854695433     -1.542705123758      2.093675818774
    6      3.577053589075      0.766597597987      2.608159303910
    6      5.007023359415      2.832690304610      2.600352687959
    6      3.749202536493     -3.599377906131      2.791256987451
    6      4.907188467891     -1.443308556138      2.749265271720
    6      6.192427629644      0.724848579524      2.483965976001
    6      2.428309976511      1.446216015975      2.488509201214
    6      3.918751176210      3.673295245483      2.606799276004
    6      2.527322714468     -2.830300839470      2.675203749170
    6      3.624330679759     -0.711659675168      2.758183053587
    6      4.929882415129      1.425859219735      2.492519557166
    6      3.682241882296     -4.959087844232      3.100413090399
    6      4.860484740310     -2.821073462700      2.552665738101
    6      6.134859408942     -0.694791030682      2.538038998751
    1    1
