   3   1   1 E -5.7044713704776E+02 DE-2.3E-10( 24)
  0.370158621205E+01 -0.641133538787E+01  0.000000000000E+00
  0.370158621205E+01  0.641133538787E+01  0.000000000000E+00
  0.000000000000E+00  0.000000000000E+00  0.868503800000E+01
    1
  0.100000000000E+01  0.000000000000E+00  0.000000000000E+00
  0.000000000000E+00  0.100000000000E+01  0.000000000000E+00
  0.000000000000E+00  0.000000000000E+00  0.100000000000E+01
  0.000000000000E+00  0.000000000000E+00  0.000000000000E+00
   15
    6      3.597980291732      4.777936195512      2.523414754925
    6      2.548542348640     -1.547196231834      2.015111178370
    6      3.655540638505      0.797242384773      2.876702079736
    6      4.981173739058      2.823215492191      2.890861181484
    6      3.719473215711     -3.619597038653      2.858518928656
    6      4.857091474382     -1.418562035470      2.616977282718
    6      6.201850469589      0.677302848970      2.408979919665
    6      2.689665643220      1.862505549237      2.970770498832
    6      3.757238849837      3.463656756882      2.461029150524
    6      2.477417451591     -2.831236997337      2.900904746353
    6      3.568228555002     -0.682108267288      2.729010524958
    6      4.979498449540      1.405878006486      2.621353461756
    6      3.675136281765     -4.963706270072      2.244111914736
    6      4.803802396283     -2.826144993773      2.418713148674
    6      6.180463729300     -0.768667794232      2.546212228610
    1    1
