   3   1   1 E -5.7060214491905E+02 DE-6.9E-10( 16)
  0.370158621205E+01 -0.641133538787E+01  0.000000000000E+00
  0.370158621205E+01  0.641133538787E+01  0.000000000000E+00
  0.000000000000E+00  0.000000000000E+00  0.868503800000E+01
    1
  0.100000000000E+01  0.000000000000E+00  0.000000000000E+00
  0.000000000000E+00  0.100000000000E+01  0.000000000000E+00
  0.000000000000E+00  0.000000000000E+00  0.100000000000E+01
  0.000000000000E+00  0.000000000000E+00  0.000000000000E+00
   15
    6      3.550550164670      4.916015525219      2.583928082887
    6      2.553608037677     -1.512102820493      2.368047198934
    6      3.550682865264      0.787201243529      2.670244002294
    6      5.002322871982      2.827452766548      2.592147326333
    6      3.783432828996     -3.620649982307      2.666890776523
    6      4.931602476179     -1.476351802818      2.690930522247
    6      6.178529824174      0.715147929499      2.581434817083
    6      2.280793859427      1.517697207626      2.468562041703
    6      3.978832688846      3.742514187111      2.569865496703
    6      2.543958029946     -2.883532748000      2.583297034848
    6      3.623220970398     -0.708445206629      2.680274233492
    6      4.891347126247      1.442924864758      2.605420690404
    6      3.714536518084     -4.998718823988      2.719910005042
    6      4.965683514215     -2.900935840053      2.685289244367
    6      6.144001758050     -0.697698894609      2.616429527140
    1    1
