   3   1   1 E -5.7042039025252E+02 DE-1.1E-09( 24)
  0.370158621205E+01 -0.641133538787E+01  0.000000000000E+00
  0.370158621205E+01  0.641133538787E+01  0.000000000000E+00
  0.000000000000E+00  0.000000000000E+00  0.868503800000E+01
    1
  0.100000000000E+01  0.000000000000E+00  0.000000000000E+00
  0.000000000000E+00  0.100000000000E+01  0.000000000000E+00
  0.000000000000E+00  0.000000000000E+00  0.100000000000E+01
  0.000000000000E+00  0.000000000000E+00  0.000000000000E+00
   15
    6      3.498907902201      4.715427986656      2.786070653625
    6      2.542902727024     -1.526865072188      3.194186767762
    6      3.647176074741      0.841109849775      2.517915561238
    6      4.994398353638      2.792351101983      2.289004983501
    6      3.684233644476     -3.599139151368      2.570309033466
    6      4.867645948472     -1.422917225656      2.489702732579
    6      6.231123045450      0.652581826114      2.821864435262
    6      2.788723224122      1.905850174043      1.984149640921
    6      3.799098721392      3.426387125336      2.889565669450
    6      2.453742111162     -2.806659292049      2.345607008670
    6      3.569399128514     -0.637548147683      2.509703390226
    6      4.995109595857      1.393058642827      2.724798813053
    6      3.660363388568     -4.988268947689      2.405651603466
    6      4.803980279040     -2.807497712185      2.817560868567
    6      6.156299389498     -0.787353552523      2.736579838214
    1    1
