   3   1   1 E -5.7042744963754E+02 DE 2.1E-10( 27)
  0.370158621205E+01 -0.641133538787E+01  0.000000000000E+00
  0.370158621205E+01  0.641133538787E+01  0.000000000000E+00
  0.000000000000E+00  0.000000000000E+00  0.868503800000E+01
    1
  0.100000000000E+01  0.000000000000E+00  0.000000000000E+00
  0.000000000000E+00  0.100000000000E+01  0.000000000000E+00
  0.000000000000E+00  0.000000000000E+00  0.100000000000E+01
  0.000000000000E+00  0.000000000000E+00  0.000000000000E+00
   15
    6      3.576901822748      4.921922174782      2.500646514910
    6      2.543772491903     -1.493996294919      2.857489148295
    6      3.617580366160      0.758013870048      2.444270257024
    6      4.965464381188      2.849614798506      2.493360290342
    6      3.807566898429     -3.604487960672      2.495144261025
    6      4.902007822396     -1.447649878791      2.406635381122
    6      6.168810865245      0.733657668636      2.480614888572
    6      2.536851586380      1.293532475254      3.498623818602
    6      3.861686454835      3.695335037050      2.521774870902
    6      2.517362875333     -2.861714452417      2.496381799650
    6      3.635806312093     -0.703938670938      2.347312693279
    6      4.898464370096      1.451916770112      2.442590363514
    6      3.650253871593     -4.957457131515      2.273589764996
    6      4.877460764008     -2.793979420757      3.343875743845
    6      6.133112651749     -0.690251378987      2.480361203922
    1    1
