   3   1   1 E -5.7061306829884E+02 DE 2.1E-10( 12)
  0.370158621205E+01 -0.641133538787E+01  0.000000000000E+00
  0.370158621205E+01  0.641133538787E+01  0.000000000000E+00
  0.000000000000E+00  0.000000000000E+00  0.868503800000E+01
    1
  0.100000000000E+01  0.000000000000E+00  0.000000000000E+00
  0.000000000000E+00  0.100000000000E+01  0.000000000000E+00
  0.000000000000E+00  0.000000000000E+00  0.100000000000E+01
  0.000000000000E+00  0.000000000000E+00  0.000000000000E+00
   15
    6      3.580578466763      4.900902825733      2.617886528487
    6      2.517260719075     -1.494077385629      2.540443632646
    6      3.528494074405      0.815604936239      2.616232233205
    6      4.997594919519      2.814475625863      2.589504761928
    6      3.774473637900     -3.613087461192      2.595467299456
    6      4.948063533446     -1.471273986487      2.629976590714
    6      6.194376988317      0.707567059416      2.632265905370
    6      2.278105579737      1.545461845328      2.634164431106
    6      3.945059634077      3.702810064573      2.584399831193
    6      2.534152017524     -2.883169226768      2.563428161196
    6      3.622518446597     -0.697758329861      2.586322388758
    6      4.899074127175      1.435089210366      2.627074468172
    6      3.737597741643     -5.000767401220      2.586595925142
    6      4.972266999197     -2.903668741202      2.647013893038
    6      6.163486648779     -0.707591429766      2.631894949591
    1    1
