   3   1   1 E -5.7041395136625E+02 DE 1.8E-12( 28)
  0.370158621205E+01 -0.641133538787E+01  0.000000000000E+00
  0.370158621205E+01  0.641133538787E+01  0.000000000000E+00
  0.000000000000E+00  0.000000000000E+00  0.868503800000E+01
    1
  0.100000000000E+01  0.000000000000E+00  0.000000000000E+00
  0.000000000000E+00  0.100000000000E+01  0.000000000000E+00
  0.000000000000E+00  0.000000000000E+00  0.100000000000E+01
  0.000000000000E+00  0.000000000000E+00  0.000000000000E+00
   15
    6      3.587864711969      4.736755397215      2.474790651632
    6      2.473027917733     -1.490310499993      2.288843112351
    6      3.677539169352      0.809368608763      2.453491555514
    6      4.963482992201      2.804626204614      2.973187734972
    6      3.724534040490     -3.595621151800      2.613916988862
    6      4.867232774128     -1.421450837477      2.840509228457
    6      6.229974844257      0.648614606803      2.387940394756
    6      2.834457250441      1.868572543010      3.222644885578
    6      3.722553350265      3.406629558994      2.376652089995
    6      2.436215311707     -2.824205788508      2.665285744637
    6      3.576545339804     -0.651311979209      2.857203876096
    6      4.991514053601      1.400096030788      2.412130932949
    6      3.640747217371     -4.964576730108      2.733320098716
    6      4.775156000017     -2.781108333240      2.296601427510
    6      6.192258560821     -0.795560024458      2.486152277974
    1    1
