   3   1   1 E -5.7042261438029E+02 DE 5.9E-10( 25)
  0.370158621205E+01 -0.641133538787E+01  0.000000000000E+00
  0.370158621205E+01  0.641133538787E+01  0.000000000000E+00
  0.000000000000E+00  0.000000000000E+00  0.868503800000E+01
    1
  0.100000000000E+01  0.000000000000E+00  0.000000000000E+00
  0.000000000000E+00  0.100000000000E+01  0.000000000000E+00
  0.000000000000E+00  0.000000000000E+00  0.100000000000E+01
  0.000000000000E+00  0.000000000000E+00  0.000000000000E+00
   15
    6      3.580571042374      4.760359782080      2.476048563013
    6      2.487689604961     -1.484345974368      2.271240434123
    6      3.666067569757      0.798334492689      2.414759954316
    6      4.958528968736      2.806908673104      2.967670024469
    6      3.718439119865     -3.596165507251      2.624461623415
    6      4.880392058154     -1.418839498972      2.797182901052
    6      6.233227917492      0.665738780076      2.369808275710
    6      2.796738656323      1.756362308199      3.205678037986
    6      3.738224956655      3.442544441223      2.402201766765
    6      2.434974907632     -2.829981524184      2.754207414448
    6      3.585062401726     -0.656658524173      2.814985683052
    6      4.984124257439      1.413061893863      2.402590284741
    6      3.649911161587     -4.968168679131      2.801423542165
    6      4.791150092427     -2.762265219781      2.300981974126
    6      6.188000819026     -0.776367837979      2.479430520617
    1    1
