   3   1   1 E -5.7037630690302E+02 DE 7.0E-11( 28)
  0.370158621205E+01 -0.641133538787E+01  0.000000000000E+00
  0.370158621205E+01  0.641133538787E+01  0.000000000000E+00
  0.000000000000E+00  0.000000000000E+00  0.868503800000E+01
    1
  0.100000000000E+01  0.000000000000E+00  0.000000000000E+00
  0.000000000000E+00  0.100000000000E+01  0.000000000000E+00
  0.000000000000E+00  0.000000000000E+00  0.100000000000E+01
  0.000000000000E+00  0.000000000000E+00  0.000000000000E+00
   15
    6      3.590307910316      4.936755866567      2.561259823397
    6      2.643061691204     -1.525044343207      3.271794783329
    6      3.595939576215      0.758436548051      2.448816160940
    6      4.981388987736      2.862590257911      2.628792697536
    6      3.771126830305     -3.631698532058      2.527689617320
    6      4.900016761792     -1.444896018462      2.290600937085
    6      6.173371033042      0.734878347200      2.703671663886
    6      2.387056895440      1.383046303579      3.301801479875
    6      3.888823907746      3.718006010156      2.598824548142
    6      2.536950183051     -2.849358279832      2.619915922778
    6      3.625926816753     -0.718811756354      2.207790821251
    6      4.913451041641      1.453590821730      2.705502142959
    6      3.644771858245     -4.989860096757      1.936928973838
    6      4.893402337107     -2.847289620333      2.733335607974
    6      6.147507703563     -0.689827902801      2.545945819691
    1    1
