   3   1   1 E -5.7040506015763E+02 DE-2.0E-11( 30)
  0.370158621205E+01 -0.641133538787E+01  0.000000000000E+00
  0.370158621205E+01  0.641133538787E+01  0.000000000000E+00
  0.000000000000E+00  0.000000000000E+00  0.868503800000E+01
    1
  0.100000000000E+01  0.000000000000E+00  0.000000000000E+00
  0.000000000000E+00  0.100000000000E+01  0.000000000000E+00
  0.000000000000E+00  0.000000000000E+00  0.100000000000E+01
  0.000000000000E+00  0.000000000000E+00  0.000000000000E+00
   15
    6      3.564251653232      4.921412624429      2.472384895144
    6      2.559910874402     -1.490462997987      3.442362645759
    6      3.611407036064      0.743340386656      2.487768383234
    6      4.970689129415      2.855462135871      2.513444347678
    6      3.811219076521     -3.596877840716      2.372687079524
    6      4.897249640531     -1.441522949714      2.451818459581
    6      6.164022314722      0.737111256127      2.410744769364
    6      2.545046558325      1.248865627803      3.179104519222
    6      3.867708546570      3.704555330305      2.507403288427
    6      2.520801839285     -2.848999232361      2.598078928707
    6      3.639185827711     -0.720260743977      2.488568224760
    6      4.897748978080      1.456699186435      2.448527290983
    6      3.656362938050     -4.954194977253      2.019411113478
    6      4.858757640581     -2.781346363645      3.228129349691
    6      6.128741480669     -0.683263836580      2.462237704447
    1    1
