   3   1   1 E -5.7061380152766E+02 DE-4.3E-10( 12)
  0.370158621205E+01 -0.641133538787E+01  0.000000000000E+00
  0.370158621205E+01  0.641133538787E+01  0.000000000000E+00
  0.000000000000E+00  0.000000000000E+00  0.868503800000E+01
    1
  0.100000000000E+01  0.000000000000E+00  0.000000000000E+00
  0.000000000000E+00  0.100000000000E+01  0.000000000000E+00
  0.000000000000E+00  0.000000000000E+00  0.100000000000E+01
  0.000000000000E+00  0.000000000000E+00  0.000000000000E+00
   15
    6      3.602710913735      4.901248727150      2.598719517841
    6      2.508195887190     -1.489385524778      2.604897587410
    6      3.538954340740      0.807109161006      2.607451084116
    6      4.990222842146      2.813655728491      2.600660625079
    6      3.771357972133     -3.606487490840      2.610493269951
    6      4.948455133916     -1.466834862973      2.607611606752
    6      6.197191636410      0.707039910360      2.606998866424
    6      2.295842666747      1.536729176492      2.607837949115
    6      3.916019448187      3.680160744101      2.590399956522
    6      2.523481398462     -2.874402226157      2.605524000176
    6      3.623256296011     -0.701994025272      2.607264134236
    6      4.906138254949      1.431770206351      2.605410337413
    6      3.734111805843     -4.989953442150      2.610969697903
    6      4.958028589194     -2.887852897754      2.612996893663
    6      6.179136348493     -0.710285578635      2.605435473399
    1    1
