   3   1   1 E -5.7042256031362E+02 DE-1.9E-09( 23)
  0.370158621205E+01 -0.641133538787E+01  0.000000000000E+00
  0.370158621205E+01  0.641133538787E+01  0.000000000000E+00
  0.000000000000E+00  0.000000000000E+00  0.868503800000E+01
    1
  0.100000000000E+01  0.000000000000E+00  0.000000000000E+00
  0.000000000000E+00  0.100000000000E+01  0.000000000000E+00
  0.000000000000E+00  0.000000000000E+00  0.100000000000E+01
  0.000000000000E+00  0.000000000000E+00  0.000000000000E+00
   15
    6      3.508643425513      4.657468801332      2.760461693572
    6      2.501624616055     -1.521847768179      3.026830345074
    6      3.662642488413      0.865558931580      2.489893582145
    6      5.009541332870      2.764499071317      2.325423421799
    6      3.711906941067     -3.604914908386      2.225308890344
    6      4.846047024305     -1.429446167292      2.566610154780
    6      6.234210548915      0.627410074866      2.738924918293
    6      2.853177312550      2.129706474106      2.038520864393
    6      3.765646176571      3.326084370158      2.945388566497
    6      2.462994701290     -2.819737081748      2.322155848634
    6      3.540902755170     -0.625526457070      2.515501346438
    6      5.014160831122      1.356080625126      2.678587868846
    6      3.659317745407     -4.925001150361      2.765907509305
    6      4.752633479496     -2.832725768251      3.003656385372
    6      6.169654155414     -0.817091441804      2.679499604509
    1    1
