   3   1   1 E -5.7045265614903E+02 DE-6.8E-10( 26)
  0.370158621205E+01 -0.641133538787E+01  0.000000000000E+00
  0.370158621205E+01  0.641133538787E+01  0.000000000000E+00
  0.000000000000E+00  0.000000000000E+00  0.868503800000E+01
    1
  0.100000000000E+01  0.000000000000E+00  0.000000000000E+00
  0.000000000000E+00  0.100000000000E+01  0.000000000000E+00
  0.000000000000E+00  0.000000000000E+00  0.100000000000E+01
  0.000000000000E+00  0.000000000000E+00  0.000000000000E+00
   15
    6      3.591262364540      4.785582379442      2.525540595193
    6      2.555121724455     -1.545727118315      1.937410557714
    6      3.647067779880      0.791679588515      2.896383411806
    6      4.983859954672      2.827771111917      2.881674517185
    6      3.720081564618     -3.612784614384      2.782741385437
    6      4.861369564893     -1.415994167372      2.648636965698
    6      6.204725074779      0.678529951619      2.409178003773
    6      2.661332924812      1.821275603497      2.993897081159
    6      3.764865643272      3.479959794128      2.472723753011
    6      2.478587247980     -2.824886057150      2.849718224134
    6      3.572711050509     -0.681980456384      2.726732191543
    6      4.977595963963      1.406913149902      2.636184460285
    6      3.683305879765     -4.975646678505      2.330964090864
    6      4.813993868029     -2.819536425803      2.447430189074
    6      6.177222927990     -0.764638455713      2.543455573127
    1    1
