   3   1   1 E -5.7051222558783E+02 DE 1.0E-10( 25)
  0.370158621205E+01 -0.641133538787E+01  0.000000000000E+00
  0.370158621205E+01  0.641133538787E+01  0.000000000000E+00
  0.000000000000E+00  0.000000000000E+00  0.868503800000E+01
    1
  0.100000000000E+01  0.000000000000E+00  0.000000000000E+00
  0.000000000000E+00  0.100000000000E+01  0.000000000000E+00
  0.000000000000E+00  0.000000000000E+00  0.100000000000E+01
  0.000000000000E+00  0.000000000000E+00  0.000000000000E+00
   15
    6      3.520481360667      4.901266886206      2.582552785458
    6      2.571856885767     -1.490953806550      2.528040337100
    6      3.613894468885      0.771753424351      2.917578289800
    6      4.976333647970      2.838234687886      2.622353178908
    6      3.788863076197     -3.605089451071      2.685167949668
    6      4.905794797857     -1.454180060403      2.790270927846
    6      6.173144364322      0.729392971799      2.535133395905
    6      2.548251687899      1.319350047266      2.129659263671
    6      3.898817622276      3.693689981414      2.606283101192
    6      2.516699626879     -2.856554693488      2.669013552636
    6      3.637960360665     -0.689438178538      2.875144338584
    6      4.901885724521      1.437424772628      2.696745321627
    6      3.650075265265     -4.949735220181      2.724067078669
    6      4.872610010542     -2.802814993733      2.134885278781
    6      6.116434634444     -0.691828762194      2.585776200155
    1    1
