   3   1   1 E -5.7038596639068E+02 DE-3.9E-11( 26)
  0.370158621205E+01 -0.641133538787E+01  0.000000000000E+00
  0.370158621205E+01  0.641133538787E+01  0.000000000000E+00
  0.000000000000E+00  0.000000000000E+00  0.868503800000E+01
    1
  0.100000000000E+01  0.000000000000E+00  0.000000000000E+00
  0.000000000000E+00  0.100000000000E+01  0.000000000000E+00
  0.000000000000E+00  0.000000000000E+00  0.100000000000E+01
  0.000000000000E+00  0.000000000000E+00  0.000000000000E+00
   15
    6      3.565488742311      4.936051279079      2.570126290464
    6      2.633646034656     -1.520864532859      3.412644388790
    6      3.590431800573      0.758151205353      2.479936121998
    6      5.001333640766      2.867929229082      2.621878087620
    6      3.800102580222     -3.626262615350      2.390291615373
    6      4.902165166986     -1.448695293299      2.298313382818
    6      6.162158068947      0.735457161207      2.745303664540
    6      2.354949088657      1.348018827550      3.225391430348
    6      3.933486037735      3.751440996935      2.604941373680
    6      2.555622481642     -2.850683418316      2.593365651223
    6      3.633009484974     -0.728013976599      2.256083247060
    6      4.902204781118      1.461071436235      2.674624247610
    6      3.640271713905     -5.000093041387      2.032141953670
    6      4.888545462102     -2.848526382798      2.623248474111
    6      6.129688449563     -0.684463269442      2.554381070696
    1    1
