   3   1   1 E -5.7044189101667E+02 DE 1.7E-09( 25)
  0.370158621205E+01 -0.641133538787E+01  0.000000000000E+00
  0.370158621205E+01  0.641133538787E+01  0.000000000000E+00
  0.000000000000E+00  0.000000000000E+00  0.868503800000E+01
    1
  0.100000000000E+01  0.000000000000E+00  0.000000000000E+00
  0.000000000000E+00  0.100000000000E+01  0.000000000000E+00
  0.000000000000E+00  0.000000000000E+00  0.100000000000E+01
  0.000000000000E+00  0.000000000000E+00  0.000000000000E+00
   15
    6      3.576188007777      4.737673775845      2.489192606918
    6      2.516015106876     -1.532384546532      2.069618561512
    6      3.668769356233      0.822946717104      2.668754278308
    6      4.977398694455      2.816496477636      2.934343738759
    6      3.695613638368     -3.607272315381      2.611194159081
    6      4.852896218203     -1.419850633721      2.684909452162
    6      6.219260623147      0.654670057859      2.410763117135
    6      2.812676539420      1.932558582261      3.196219973780
    6      3.738519990821      3.414550368044      2.392879751919
    6      2.451091361490     -2.811913049811      2.857445582282
    6      3.563020787277     -0.651217255041      2.693945040569
    6      4.991612825108      1.404566479342      2.464713611501
    6      3.650785397607     -4.996817487758      2.752144525504
    6      4.802826073434     -2.817664133750      2.355587300281
    6      6.176428913939     -0.795825430705      2.500959300289
    1    1
