   3   1   1 E -5.7041779866282E+02 DE-2.8E-10( 25)
  0.370158621205E+01 -0.641133538787E+01  0.000000000000E+00
  0.370158621205E+01  0.641133538787E+01  0.000000000000E+00
  0.000000000000E+00  0.000000000000E+00  0.868503800000E+01
    1
  0.100000000000E+01  0.000000000000E+00  0.000000000000E+00
  0.000000000000E+00  0.100000000000E+01  0.000000000000E+00
  0.000000000000E+00  0.000000000000E+00  0.100000000000E+01
  0.000000000000E+00  0.000000000000E+00  0.000000000000E+00
   15
    6      3.488046045019      4.689282884054      2.784719638058
    6      2.538983598027     -1.522820982954      3.185311748698
    6      3.648201442648      0.852521005295      2.498268559092
    6      5.003802241380      2.788829003491      2.294281623738
    6      3.686288481324     -3.604157886573      2.558601496333
    6      4.857452133005     -1.422759793140      2.501711274269
    6      6.229434496570      0.637805619987      2.805826420312
    6      2.813983627894      2.002985420996      1.976814476936
    6      3.791466783845      3.394682016059      2.918299508322
    6      2.454939365737     -2.804281379300      2.324361109992
    6      3.555959900593     -0.629862614269      2.497006124387
    6      5.002974383619      1.377935042847      2.734995526988
    6      3.669158045742     -4.995055124897      2.469443286160
    6      4.799824814406     -2.813495394063      2.805387003201
    6      6.152588174347     -0.801090212139      2.727643203513
    1    1
