   3   1   1 E -5.7046814303305E+02 DE-1.3E-09( 24)
  0.370158621205E+01 -0.641133538787E+01  0.000000000000E+00
  0.370158621205E+01  0.641133538787E+01  0.000000000000E+00
  0.000000000000E+00  0.000000000000E+00  0.868503800000E+01
    1
  0.100000000000E+01  0.000000000000E+00  0.000000000000E+00
  0.000000000000E+00  0.100000000000E+01  0.000000000000E+00
  0.000000000000E+00  0.000000000000E+00  0.100000000000E+01
  0.000000000000E+00  0.000000000000E+00  0.000000000000E+00
   15
    6      3.582319880020      4.777812149989      2.531271449526
    6      2.544227929728     -1.542463187926      1.866141212753
    6      3.637561262658      0.793240626138      2.910140016091
    6      4.987942947952      2.827945411214      2.844505695797
    6      3.720933093338     -3.602452909062      2.696006131581
    6      4.860764503381     -1.412351917911      2.647958910922
    6      6.218775929679      0.673385606782      2.445535326628
    6      2.660429060120      1.812568217527      3.043325451449
    6      3.766686155769      3.473908735496      2.482252951985
    6      2.477027475024     -2.815935346794      2.780828506135
    6      3.569652045140     -0.675309515481      2.667903927567
    6      4.984374367618      1.406065301518      2.688373524443
    6      3.687797107063     -4.987348766658      2.503099684634
    6      4.820095066004     -2.809325408199      2.439798616858
    6      6.174516710662     -0.769221391240      2.535529593630
    1    1
