   3   1   1 E -5.7061378356564E+02 DE 1.8E-10( 12)
  0.370158621205E+01 -0.641133538787E+01  0.000000000000E+00
  0.370158621205E+01  0.641133538787E+01  0.000000000000E+00
  0.000000000000E+00  0.000000000000E+00  0.868503800000E+01
    1
  0.100000000000E+01  0.000000000000E+00  0.000000000000E+00
  0.000000000000E+00  0.100000000000E+01  0.000000000000E+00
  0.000000000000E+00  0.000000000000E+00  0.100000000000E+01
  0.000000000000E+00  0.000000000000E+00  0.000000000000E+00
   15
    6      3.600650938160      4.901897385604      2.602019710787
    6      2.508797808339     -1.490810266515      2.604544437607
    6      3.537898403560      0.807621570569      2.605700425291
    6      4.990468619975      2.814009937830      2.600698489092
    6      3.772398648853     -3.606601730418      2.608810723689
    6      4.948047231417     -1.467242063864      2.608570166053
    6      6.196401717706      0.707412411492      2.607186320075
    6      2.295700564363      1.535526094306      2.614436487035
    6      3.919017188217      3.683348587268      2.595124376667
    6      2.524110903708     -2.874960741642      2.602503941112
    6      3.623886241093     -0.702214479956      2.607579529506
    6      4.905160240494      1.432327851320      2.601670851445
    6      3.734514286644     -4.990993938996      2.610760115767
    6      4.958262735290     -2.888558043979      2.607200840059
    6      6.177788006336     -0.710244967627      2.605864585816
    1    1
