   3   1   1 E -5.7061372603506E+02 DE-2.7E-12( 17)
  0.370158621205E+01 -0.641133538787E+01  0.000000000000E+00
  0.370158621205E+01  0.641133538787E+01  0.000000000000E+00
  0.000000000000E+00  0.000000000000E+00  0.868503800000E+01
    1
  0.100000000000E+01  0.000000000000E+00  0.000000000000E+00
  0.000000000000E+00  0.100000000000E+01  0.000000000000E+00
  0.000000000000E+00  0.000000000000E+00  0.100000000000E+01
  0.000000000000E+00  0.000000000000E+00  0.000000000000E+00
   15
    6      3.594305545539      4.902124930072      2.602696806097
    6      2.511547934282     -1.492393210897      2.590008463988
    6      3.535607463364      0.809113974328      2.607505426515
    6      4.992467368363      2.814058587992      2.596644326455
    6      3.773671321178     -3.609197507642      2.597788158741
    6      4.947470263390     -1.468224609024      2.615224236889
    6      6.194573367782      0.708624027788      2.613542799262
    6      2.293703371243      1.537919959831      2.625546456572
    6      3.926684862827      3.689038705949      2.594758429298
    6      2.527278696639     -2.878017305754      2.590054288264
    6      3.623407760986     -0.701428276236      2.605147903198
    6      4.903649757649      1.433051182391      2.609794392426
    6      3.733239023460     -4.991153218128      2.610089563470
    6      4.962511617246     -2.893312989319      2.613441530796
    6      6.172985180206     -0.709686645957      2.610428218032
    1    1
