   3   1   1 E -5.7044155884460E+02 DE-5.0E-11( 27)
  0.370158621205E+01 -0.641133538787E+01  0.000000000000E+00
  0.370158621205E+01  0.641133538787E+01  0.000000000000E+00
  0.000000000000E+00  0.000000000000E+00  0.868503800000E+01
    1
  0.100000000000E+01  0.000000000000E+00  0.000000000000E+00
  0.000000000000E+00  0.100000000000E+01  0.000000000000E+00
  0.000000000000E+00  0.000000000000E+00  0.100000000000E+01
  0.000000000000E+00  0.000000000000E+00  0.000000000000E+00
   15
    6      3.623886937151      4.718408809107      2.499577745946
    6      2.459394477900     -1.525936547846      2.236291110038
    6      3.690770300634      0.823024960272      2.654805247942
    6      4.976005354395      2.800989557895      2.921025493925
    6      3.730086843101     -3.601524824159      2.903787133445
    6      4.839668599794     -1.425451662128      2.657442036264
    6      6.225700511956      0.644076352425      2.472161159450
    6      2.859552743480      2.034498849748      3.187362917773
    6      3.688795316677      3.341848051323      2.336886813566
    6      2.455795994407     -2.823752234581      2.832995899659
    6      3.549881246361     -0.652435284657      2.695198541235
    6      5.001670614333      1.386108654783      2.507911191834
    6      3.637265872344     -4.923698395059      2.469444627008
    6      4.751385199778     -2.830979066521      2.165053782169
    6      6.203243521846     -0.814659615207      2.542727299744
    1    1
