   3   1   1 E -5.7046574263395E+02 DE 1.6E-09( 27)
  0.370158621205E+01 -0.641133538787E+01  0.000000000000E+00
  0.370158621205E+01  0.641133538787E+01  0.000000000000E+00
  0.000000000000E+00  0.000000000000E+00  0.868503800000E+01
    1
  0.100000000000E+01  0.000000000000E+00  0.000000000000E+00
  0.000000000000E+00  0.100000000000E+01  0.000000000000E+00
  0.000000000000E+00  0.000000000000E+00  0.100000000000E+01
  0.000000000000E+00  0.000000000000E+00  0.000000000000E+00
   15
    6      3.573503226695      4.737791807711      2.480379391808
    6      2.510968311456     -1.532589198220      1.927903286501
    6      3.652573468139      0.818434167568      2.847558849677
    6      4.989792131405      2.816648940630      2.872099477480
    6      3.710318612357     -3.607773697047      2.666608699389
    6      4.848338433493     -1.412239876491      2.642951001178
    6      6.227013219261      0.656113745857      2.454892478113
    6      2.779337845204      1.917593481925      3.109210002465
    6      3.748776572453      3.415494308324      2.395988871626
    6      2.462908617952     -2.813045924326      2.802284313666
    6      3.553711550608     -0.654970301983      2.664158552080
    6      4.999082539134      1.399246731075      2.652879881087
    6      3.662668264026     -4.994273283886      2.666701676658
    6      4.800027631769     -2.804148077157      2.408841718534
    6      6.174083110202     -0.791765218587      2.490212799738
    1    1
