   3   1   1 E -5.7047980634151E+02 DE-2.0E-10( 25)
  0.370158621205E+01 -0.641133538787E+01  0.000000000000E+00
  0.370158621205E+01  0.641133538787E+01  0.000000000000E+00
  0.000000000000E+00  0.000000000000E+00  0.868503800000E+01
    1
  0.100000000000E+01  0.000000000000E+00  0.000000000000E+00
  0.000000000000E+00  0.100000000000E+01  0.000000000000E+00
  0.000000000000E+00  0.000000000000E+00  0.100000000000E+01
  0.000000000000E+00  0.000000000000E+00  0.000000000000E+00
   15
    6      3.506536252077      4.921910836713      2.556978699353
    6      2.675696110176     -1.516079965188      2.292650370379
    6      3.594448770651      0.766297363703      2.892239338646
    6      4.998002151596      2.849031365359      2.624793655901
    6      3.751746142040     -3.629967033841      2.534760593464
    6      4.900439054787     -1.452140831529      2.826423349289
    6      6.173993144987      0.730929319271      2.394130046591
    6      2.424795875409      1.381267441844      2.206812656041
    6      3.945074823428      3.723301644699      2.600555083218
    6      2.536768744050     -2.841654940146      2.671334386052
    6      3.627380048267     -0.704833231040      2.981576799371
    6      4.914893340333      1.433971930389      2.545183304306
    6      3.637863105242     -4.981714177244      2.949466560628
    6      4.888485160796     -2.844434146278      2.459365965093
    6      6.116980810316     -0.685367971317      2.546400191667
    1    1
