   3   1   1 E -5.7049484902892E+02 DE 2.0E-09( 24)
  0.370158621205E+01 -0.641133538787E+01  0.000000000000E+00
  0.370158621205E+01  0.641133538787E+01  0.000000000000E+00
  0.000000000000E+00  0.000000000000E+00  0.868503800000E+01
    1
  0.100000000000E+01  0.000000000000E+00  0.000000000000E+00
  0.000000000000E+00  0.100000000000E+01  0.000000000000E+00
  0.000000000000E+00  0.000000000000E+00  0.100000000000E+01
  0.000000000000E+00  0.000000000000E+00  0.000000000000E+00
   15
    6      3.514323071932      4.923946503500      2.582552328890
    6      2.640352490824     -1.484221403418      2.427648940942
    6      3.618182585757      0.767716649004      2.937214207700
    6      4.979102045143      2.853646751646      2.635306337608
    6      3.755700169636     -3.626519216058      2.551303807080
    6      4.898739598235     -1.471885454793      2.821260060061
    6      6.167711991678      0.732184565157      2.470202490286
    6      2.514215627006      1.354894368208      2.169462852443
    6      3.926330581880      3.719189530635      2.615226966123
    6      2.523855688616     -2.846247501306      2.658860368183
    6      3.631347005205     -0.704005620406      2.912262832432
    6      4.901626479512      1.435049524560      2.628224804597
    6      3.621871972028     -4.965185767042      2.873179441842
    6      4.886901549671     -2.844421894688      2.223397787158
    6      6.112842677034     -0.693623429607      2.576567774654
    1    1
