   3   1   1 E -5.7052416742488E+02 DE-2.0E-11( 16)
  0.370158621205E+01 -0.641133538787E+01  0.000000000000E+00
  0.370158621205E+01  0.641133538787E+01  0.000000000000E+00
  0.000000000000E+00  0.000000000000E+00  0.868503800000E+01
    1
  0.100000000000E+01  0.000000000000E+00  0.000000000000E+00
  0.000000000000E+00  0.100000000000E+01  0.000000000000E+00
  0.000000000000E+00  0.000000000000E+00  0.100000000000E+01
  0.000000000000E+00  0.000000000000E+00  0.000000000000E+00
   15
    6      3.500996194764      4.925479096760      2.564510130036
    6      2.629702690031     -1.514191979785      2.254066991615
    6      3.574649987812      0.768891173377      2.785804532004
    6      5.013329882019      2.852865177563      2.627481152410
    6      3.791093844931     -3.630392379972      2.633837392067
    6      4.899679694890     -1.451238599696      2.767418342208
    6      6.155465767195      0.728539783627      2.421822922499
    6      2.349689448664      1.386971471026      2.262444531657
    6      3.990857310658      3.762193640260      2.603486323102
    6      2.556181866656     -2.858137879966      2.699471235674
    6      3.624250668573     -0.706698798769      2.894135131331
    6      4.895181397188      1.447019377744      2.569528263794
    6      3.678192871523     -5.013616413799      2.874889776099
    6      4.926645211117     -2.862837371593      2.565703414864
    6      6.107186698132     -0.684328691384      2.558070860641
    1    1
