   3   1   1 E -5.7043606915581E+02 DE 1.5E-09( 25)
  0.370158621205E+01 -0.641133538787E+01  0.000000000000E+00
  0.370158621205E+01  0.641133538787E+01  0.000000000000E+00
  0.000000000000E+00  0.000000000000E+00  0.868503800000E+01
    1
  0.100000000000E+01  0.000000000000E+00  0.000000000000E+00
  0.000000000000E+00  0.100000000000E+01  0.000000000000E+00
  0.000000000000E+00  0.000000000000E+00  0.100000000000E+01
  0.000000000000E+00  0.000000000000E+00  0.000000000000E+00
   15
    6      3.483630803559      4.685215855069      2.782664321981
    6      2.535753023246     -1.522332241771      3.300482127834
    6      3.635415248444      0.850016651391      2.360060797919
    6      5.014293303100      2.788318798716      2.351901348561
    6      3.697376948603     -3.604584172460      2.506247586195
    6      4.852411750325     -1.416275255825      2.535163582939
    6      6.236223568496      0.638132264560      2.773503419377
    6      2.787553727408      1.999265829459      2.042358894755
    6      3.800199375013      3.392361921863      2.908309727500
    6      2.464135463262     -2.804618857681      2.352395075173
    6      3.547693136903     -0.631932705939      2.521666816444
    6      5.010814972293      1.373165834594      2.592741687636
    6      3.680952509106     -4.994070836713      2.551355682830
    6      4.797345595359     -2.803144809868      2.772878344629
    6      6.149304109038     -0.799000670005      2.730941586227
    1    1
