   3   1   1 E -5.7044807906312E+02 DE-2.0E-09( 23)
  0.370158621205E+01 -0.641133538787E+01  0.000000000000E+00
  0.370158621205E+01  0.641133538787E+01  0.000000000000E+00
  0.000000000000E+00  0.000000000000E+00  0.868503800000E+01
    1
  0.100000000000E+01  0.000000000000E+00  0.000000000000E+00
  0.000000000000E+00  0.100000000000E+01  0.000000000000E+00
  0.000000000000E+00  0.000000000000E+00  0.100000000000E+01
  0.000000000000E+00  0.000000000000E+00  0.000000000000E+00
   15
    6      3.576706826516      4.761502072885      2.481239254013
    6      2.525402151042     -1.537020383351      2.013446907992
    6      3.661386394422      0.811776020091      2.692525437268
    6      4.973201160480      2.818660613703      2.925354171674
    6      3.695563732840     -3.601150131698      2.628891266971
    6      4.863975785790     -1.418603540252      2.684625903387
    6      6.222352285580      0.669594304443      2.402495088470
    6      2.772836868568      1.831378554276      3.154102827680
    6      3.756258910398      3.448443422423      2.411974379190
    6      2.453710965403     -2.813647387990      2.832017263748
    6      3.575513264666     -0.659105684400      2.668172731237
    6      4.985556879941      1.416309264458      2.514342209178
    6      3.646830578103     -4.988496069978      2.807743945139
    6      4.807191376765     -2.809190480846      2.378849474518
    6      6.176616353642     -0.779932968369      2.486890139534
    1    1
