   3   1   1 E -5.7046100765138E+02 DE-7.6E-10( 25)
  0.370158621205E+01 -0.641133538787E+01  0.000000000000E+00
  0.370158621205E+01  0.641133538787E+01  0.000000000000E+00
  0.000000000000E+00  0.000000000000E+00  0.868503800000E+01
    1
  0.100000000000E+01  0.000000000000E+00  0.000000000000E+00
  0.000000000000E+00  0.100000000000E+01  0.000000000000E+00
  0.000000000000E+00  0.000000000000E+00  0.100000000000E+01
  0.000000000000E+00  0.000000000000E+00  0.000000000000E+00
   15
    6      3.575284624477      4.749144225760      2.474722621150
    6      2.506904209687     -1.530929903499      1.924841994373
    6      3.655941065659      0.816372340170      2.783151217969
    6      4.983500168723      2.815078968517      2.885927545458
    6      3.708317804237     -3.606404962986      2.662627725906
    6      4.855390605977     -1.413071095989      2.659306626085
    6      6.226066538779      0.660571911379      2.450555377958
    6      2.791797721776      1.870955018198      3.114781862927
    6      3.750935838925      3.429382026110      2.404803523499
    6      2.458083434794     -2.813656685301      2.790257466703
    6      3.559682996927     -0.654611907256      2.657054570992
    6      4.992285912550      1.403723295947      2.623256612368
    6      3.652660730717     -4.990868500604      2.751923479407
    6      4.799631149578     -2.798875782598      2.415573804027
    6      6.176620731349     -0.786291342456      2.483886571177
    1    1
