   3   1   1 E -5.7042401205553E+02 DE-1.0E-10( 27)
  0.370158621205E+01 -0.641133538787E+01  0.000000000000E+00
  0.370158621205E+01  0.641133538787E+01  0.000000000000E+00
  0.000000000000E+00  0.000000000000E+00  0.868503800000E+01
    1
  0.100000000000E+01  0.000000000000E+00  0.000000000000E+00
  0.000000000000E+00  0.100000000000E+01  0.000000000000E+00
  0.000000000000E+00  0.000000000000E+00  0.100000000000E+01
  0.000000000000E+00  0.000000000000E+00  0.000000000000E+00
   15
    6      3.488428470423      4.708626067015      2.706967940213
    6      2.570112082597     -1.535717570411      3.205292380665
    6      3.636910440913      0.841035001566      2.339406460094
    6      5.010076540530      2.783608310353      2.332412150498
    6      3.703083227092     -3.618640172534      2.285658436460
    6      4.862368109981     -1.423978311955      2.612057689369
    6      6.215227542672      0.655890033873      2.793871404786
    6      2.719893265470      1.974904496881      2.187392212036
    6      3.823197463178      3.426772653617      2.813152544383
    6      2.476673218979     -2.824283372047      2.254845417060
    6      3.558421210256     -0.651775855930      2.493513748612
    6      4.995875794115      1.373460972155      2.600288243467
    6      3.688200635023     -4.955646154320      2.962287427764
    6      4.792138808460     -2.825017309173      2.825258565754
    6      6.152496724468     -0.778721183695      2.670266378839
    1    1
