   3   1   1 E -5.7039563382333E+02 DE-1.9E-09( 26)
  0.370158621205E+01 -0.641133538787E+01  0.000000000000E+00
  0.370158621205E+01  0.641133538787E+01  0.000000000000E+00
  0.000000000000E+00  0.000000000000E+00  0.868503800000E+01
    1
  0.100000000000E+01  0.000000000000E+00  0.000000000000E+00
  0.000000000000E+00  0.100000000000E+01  0.000000000000E+00
  0.000000000000E+00  0.000000000000E+00  0.100000000000E+01
  0.000000000000E+00  0.000000000000E+00  0.000000000000E+00
   15
    6      3.516725774369      4.714462848949      2.796831968522
    6      2.499236202780     -1.479530726867      2.907917117496
    6      3.654777592907      0.826865393332      2.755590887155
    6      4.980680417374      2.784206379320      2.252561572653
    6      3.712123932382     -3.594849861379      2.600169117190
    6      4.879233353552     -1.422370723066      2.352279418840
    6      6.239360439417      0.645539611093      2.851505328497
    6      2.815179543329      1.856881658759      1.937026727784
    6      3.773925540120      3.413440129507      2.911311277122
    6      2.436446776418     -2.823187041270      2.493812233759
    6      3.577379240889     -0.637054391358      2.323480047943
    6      4.994510903741      1.388627313969      2.810534161879
    6      3.656853638802     -4.967593741099      2.449678772878
    6      4.784090477178     -2.766508521876      2.894200348101
    6      6.172579700897     -0.788410722620      2.745772020181
    1    1
