   3   1   1 E -5.7061259774657E+02 DE-1.4E-09( 11)
  0.370158621205E+01 -0.641133538787E+01  0.000000000000E+00
  0.370158621205E+01  0.641133538787E+01  0.000000000000E+00
  0.000000000000E+00  0.000000000000E+00  0.868503800000E+01
    1
  0.100000000000E+01  0.000000000000E+00  0.000000000000E+00
  0.000000000000E+00  0.100000000000E+01  0.000000000000E+00
  0.000000000000E+00  0.000000000000E+00  0.100000000000E+01
  0.000000000000E+00  0.000000000000E+00  0.000000000000E+00
   15
    6      3.578164736466      4.900995329568      2.643409324113
    6      2.514482755773     -1.499339339274      2.492967020466
    6      3.526862694275      0.808898315791      2.606635112152
    6      4.999958430668      2.814377234253      2.607354401389
    6      3.775194695779     -3.614096457095      2.593324900264
    6      4.940436820987     -1.477741918406      2.628423790735
    6      6.197653535465      0.706699614589      2.654489190981
    6      2.279663944092      1.550473430180      2.577587643013
    6      3.954829082602      3.709499251808      2.604477399812
    6      2.538615082973     -2.885873336924      2.550455827883
    6      3.616896779754     -0.701803810177      2.578442434856
    6      4.899941777541      1.436105049559      2.638366059704
    6      3.739339735151     -4.990362005656      2.613936245022
    6      4.965914865163     -2.902245069632      2.622630081933
    6      6.165148597466     -0.705068683192      2.670171567678
    1    1
