   3   1   1 E -5.7045584130210E+02 DE-6.4E-11( 24)
  0.370158621205E+01 -0.641133538787E+01  0.000000000000E+00
  0.370158621205E+01  0.641133538787E+01  0.000000000000E+00
  0.000000000000E+00  0.000000000000E+00  0.868503800000E+01
    1
  0.100000000000E+01  0.000000000000E+00  0.000000000000E+00
  0.000000000000E+00  0.100000000000E+01  0.000000000000E+00
  0.000000000000E+00  0.000000000000E+00  0.100000000000E+01
  0.000000000000E+00  0.000000000000E+00  0.000000000000E+00
   15
    6      3.575210926656      4.728721266029      2.482712044075
    6      2.512366939697     -1.530458089225      1.990219007003
    6      3.659310923989      0.821821673494      2.795299978286
    6      4.988035728613      2.818036770002      2.891541392130
    6      3.707008319550     -3.609094449497      2.661010151533
    6      4.844557498913     -1.414124757541      2.653178088832
    6      6.223623165194      0.651634563960      2.425224714623
    6      2.794517114191      1.956917194291      3.156326410962
    6      3.736597552071      3.401212489660      2.378354357453
    6      2.460516586848     -2.811554435487      2.852740496087
    6      3.552315605618     -0.652593553250      2.686488860304
    6      5.000666780976      1.396789279429      2.570259166248
    6      3.663882074716     -4.995935379601      2.652230231101
    6      4.800096525266     -2.812559141340      2.389626276160
    6      6.174397791858     -0.798295825531      2.497459825204
    1    1
