   3   1   1 E -5.7043207693375E+02 DE 4.9E-09( 23)
  0.370158621205E+01 -0.641133538787E+01  0.000000000000E+00
  0.370158621205E+01  0.641133538787E+01  0.000000000000E+00
  0.000000000000E+00  0.000000000000E+00  0.868503800000E+01
    1
  0.100000000000E+01  0.000000000000E+00  0.000000000000E+00
  0.000000000000E+00  0.100000000000E+01  0.000000000000E+00
  0.000000000000E+00  0.000000000000E+00  0.100000000000E+01
  0.000000000000E+00  0.000000000000E+00  0.000000000000E+00
   15
    6      3.490005305863      4.736626478158      2.691990254112
    6      2.581054017933     -1.534376351065      3.359260721383
    6      3.621785036304      0.822943968439      2.297768388483
    6      5.011417719215      2.798632059244      2.347398392029
    6      3.707598281897     -3.606277553220      2.439216686277
    6      4.870950484631     -1.417870072609      2.555849566702
    6      6.218241910323      0.662456117400      2.787085972703
    6      2.654512267849      1.869045182921      2.147038497810
    6      3.830974758950      3.467349717215      2.777363124452
    6      2.479902365560     -2.813122592429      2.344804228280
    6      3.568742339109     -0.656911120346      2.496285893299
    6      4.988436222740      1.380817624967      2.567018925728
    6      3.703880459080     -4.979596220733      2.814742829857
    6      4.815869843863     -2.811495203857      2.792974379064
    6      6.149732520838     -0.767704428691      2.663873139822
    1    1
