   3   1   1 E -5.7041636747664E+02 DE 3.9E-09( 23)
  0.370158621205E+01 -0.641133538787E+01  0.000000000000E+00
  0.370158621205E+01  0.641133538787E+01  0.000000000000E+00
  0.000000000000E+00  0.000000000000E+00  0.868503800000E+01
    1
  0.100000000000E+01  0.000000000000E+00  0.000000000000E+00
  0.000000000000E+00  0.100000000000E+01  0.000000000000E+00
  0.000000000000E+00  0.000000000000E+00  0.100000000000E+01
  0.000000000000E+00  0.000000000000E+00  0.000000000000E+00
   15
    6      3.494399885020      4.701242779507      2.784946242688
    6      2.539221469113     -1.524652261821      3.166143076818
    6      3.649947809117      0.848253527708      2.529757821642
    6      4.997871037352      2.789785133125      2.286764775955
    6      3.683710862189     -3.601941725183      2.577458782644
    6      4.862320922805     -1.423827434805      2.487544082101
    6      6.229656325627      0.643965491503      2.815564137500
    6      2.809306332313      1.961856206822      1.970490797126
    6      3.793122485517      3.408533373974      2.905393350233
    6      2.452490568005     -2.805511781158      2.335429947858
    6      3.562627670047     -0.632636013719      2.496062212384
    6      4.998511314136      1.385563948313      2.748939108364
    6      3.663274015589     -4.992672291969      2.427440468954
    6      4.801687927326     -2.811734755506      2.819911040865
    6      6.154954910001     -0.795706591398      2.730825154868
    1    1
