   3   1   1 E -5.7047824992028E+02 DE 4.5E-11( 24)
  0.370158621205E+01 -0.641133538787E+01  0.000000000000E+00
  0.370158621205E+01  0.641133538787E+01  0.000000000000E+00
  0.000000000000E+00  0.000000000000E+00  0.868503800000E+01
    1
  0.100000000000E+01  0.000000000000E+00  0.000000000000E+00
  0.000000000000E+00  0.100000000000E+01  0.000000000000E+00
  0.000000000000E+00  0.000000000000E+00  0.100000000000E+01
  0.000000000000E+00  0.000000000000E+00  0.000000000000E+00
   15
    6      3.577398186652      4.775238352314      2.529041451003
    6      2.540184455775     -1.544124777024      1.843427546421
    6      3.637843392392      0.797391031767      2.911042836823
    6      4.986223128727      2.826383666570      2.847761530796
    6      3.714828148303     -3.600499376240      2.654803000828
    6      4.863614297811     -1.413799756961      2.628420260141
    6      6.223008504038      0.673439324983      2.498586619704
    6      2.679494571884      1.807387987645      3.039877850752
    6      3.775614728540      3.471786173573      2.483866052258
    6      2.472470303662     -2.814890682514      2.726138212891
    6      3.571534614763     -0.671855334357      2.625830092642
    6      4.984777892215      1.410035638987      2.737873384235
    6      3.674396841752     -4.988285228475      2.606020076093
    6      4.817782157564     -2.807148995078      2.421020821611
    6      6.173932310079     -0.770540419799      2.528961263803
    1    1
