   3   1   1 E -5.7042238767269E+02 DE-7.7E-12( 27)
  0.370158621205E+01 -0.641133538787E+01  0.000000000000E+00
  0.370158621205E+01  0.641133538787E+01  0.000000000000E+00
  0.000000000000E+00  0.000000000000E+00  0.868503800000E+01
    1
  0.100000000000E+01  0.000000000000E+00  0.000000000000E+00
  0.000000000000E+00  0.100000000000E+01  0.000000000000E+00
  0.000000000000E+00  0.000000000000E+00  0.100000000000E+01
  0.000000000000E+00  0.000000000000E+00  0.000000000000E+00
   15
    6      3.507714697194      4.695829855712      2.776928365479
    6      2.498363262200     -1.510904144155      3.202299364364
    6      3.656210760304      0.848975248690      2.571036783726
    6      4.998738251146      2.781254772825      2.315070090166
    6      3.704949256123     -3.612546121820      2.563674655503
    6      4.858660220339     -1.416056932492      2.491107232322
    6      6.231606648638      0.632565714698      2.777486536124
    6      2.849476137528      1.994476652252      1.936932078794
    6      3.778684145032      3.391228020936      2.896401285660
    6      2.451839325920     -2.812204328895      2.362210319398
    6      3.547782486796     -0.627184783089      2.504132577194
    6      4.999243307876      1.370837286129      2.724516576546
    6      3.653704005960     -4.992075877569      2.444775875846
    6      4.791007868930     -2.791860183230      2.790930789844
    6      6.165123160169     -0.801817574600      2.725168469035
    1    1
