   3   1   1 E -5.7060948446058E+02 DE-1.3E-09( 15)
  0.370158621205E+01 -0.641133538787E+01  0.000000000000E+00
  0.370158621205E+01  0.641133538787E+01  0.000000000000E+00
  0.000000000000E+00  0.000000000000E+00  0.868503800000E+01
    1
  0.100000000000E+01  0.000000000000E+00  0.000000000000E+00
  0.000000000000E+00  0.100000000000E+01  0.000000000000E+00
  0.000000000000E+00  0.000000000000E+00  0.100000000000E+01
  0.000000000000E+00  0.000000000000E+00  0.000000000000E+00
   15
    6      3.562128711662      4.910999269201      2.619883045089
    6      2.528823367006     -1.501219647547      2.433839983482
    6      3.532646374368      0.800352103679      2.660497590843
    6      5.000990328302      2.823463152492      2.598975465275
    6      3.779255847239     -3.615276349995      2.623542840927
    6      4.938968945362     -1.477356111599      2.664341198934
    6      6.180573745378      0.711244582806      2.618178543264
    6      2.285342698064      1.512833567569      2.495227876477
    6      3.969785174732      3.732534883532      2.597098780097
    6      2.542261782805     -2.886868212279      2.567927478128
    6      3.622882454061     -0.702446280313      2.638362762527
    6      4.891568719303      1.441741940185      2.647545324936
    6      3.740909127596     -4.997105427601      2.631273541803
    6      4.965729557628     -2.900370306360      2.656425121736
    6      6.151236700648     -0.702009558381      2.629551446484
    1    1
