   3   1   1 E -5.7047218504067E+02 DE-2.8E-10( 25)
  0.370158621205E+01 -0.641133538787E+01  0.000000000000E+00
  0.370158621205E+01  0.641133538787E+01  0.000000000000E+00
  0.000000000000E+00  0.000000000000E+00  0.868503800000E+01
    1
  0.100000000000E+01  0.000000000000E+00  0.000000000000E+00
  0.000000000000E+00  0.100000000000E+01  0.000000000000E+00
  0.000000000000E+00  0.000000000000E+00  0.100000000000E+01
  0.000000000000E+00  0.000000000000E+00  0.000000000000E+00
   15
    6      3.486408660509      4.927163202039      2.559062209423
    6      2.669187477623     -1.522709768749      2.229812237465
    6      3.580391362215      0.766988972865      2.834325205251
    6      5.019510136776      2.854340174864      2.635691613483
    6      3.778281540648     -3.629028402375      2.631713933037
    6      4.901396057455     -1.449418981964      2.804742447716
    6      6.162472037190      0.732443297198      2.351360966807
    6      2.382977628860      1.353624417329      2.194413541833
    6      3.992107093223      3.758524169940      2.599401018675
    6      2.557451720214     -2.844094457439      2.752902551034
    6      3.628377626973     -0.710575667674      2.957707528411
    6      4.901748614598      1.442913124589      2.544705627824
    6      3.638290722680     -5.004366841292      2.956823990002
    6      4.894438276191     -2.847190314095      2.489200617573
    6      6.100064579000     -0.678095319844      2.540807511467
    1    1
