   3   1   1 E -5.7055747406020E+02 DE-1.7E-09( 16)
  0.370158621205E+01 -0.641133538787E+01  0.000000000000E+00
  0.370158621205E+01  0.641133538787E+01  0.000000000000E+00
  0.000000000000E+00  0.000000000000E+00  0.868503800000E+01
    1
  0.100000000000E+01  0.000000000000E+00  0.000000000000E+00
  0.000000000000E+00  0.100000000000E+01  0.000000000000E+00
  0.000000000000E+00  0.000000000000E+00  0.100000000000E+01
  0.000000000000E+00  0.000000000000E+00  0.000000000000E+00
   15
    6      1.552589266969      0.824375759660      2.896296946641
    6      2.436697017538     -1.388602909416      2.664626370739
    6      3.794768689650      0.663572457024      2.651795357274
    6      4.792346126231      2.837195902774      2.629083792387
    6      3.632060220527     -3.489082479560      2.471086792235
    6      4.971799588124     -1.441390554069      2.385154816391
    6      6.134731424131      0.641598411002      2.433242339922
    6      1.383690679238     -0.440812829963      2.861356798598
    6      2.733072559254      1.609042385728      2.832862069509
    6      3.354965023311      2.978022826761      2.783988746288
    6      2.344660230188     -2.833256517119      2.576991014908
    6      3.714643336815     -0.723084090610      2.545036456721
    6      5.003827025552      1.387055214648      2.578193963075
    6      4.770268358899     -2.825435621128      2.387980338379
    6      6.137535704996     -0.648680350339      2.384975196935
    1    1
