   3   1   1 E -5.7060189132212E+02 DE 2.7E-12( 15)
  0.370158621205E+01 -0.641133538787E+01  0.000000000000E+00
  0.370158621205E+01  0.641133538787E+01  0.000000000000E+00
  0.000000000000E+00  0.000000000000E+00  0.868503800000E+01
    1
  0.100000000000E+01  0.000000000000E+00  0.000000000000E+00
  0.000000000000E+00  0.100000000000E+01  0.000000000000E+00
  0.000000000000E+00  0.000000000000E+00  0.100000000000E+01
  0.000000000000E+00  0.000000000000E+00  0.000000000000E+00
   15
    6      1.428963929921      0.749859496438      2.853507968264
    6      2.491323431062     -1.382604894001      2.664057810589
    6      3.782876843591      0.708101615406      2.604952621634
    6      4.900657555135      2.869405389968      2.557691457474
    6      3.784871815413     -3.549550821518      2.606649437820
    6      5.078094761827     -1.382446436976      2.547207612740
    6      6.138528810107      0.753771424224      2.356791916336
    6      1.322494999286     -0.544964258986      2.719804148016
    6      2.604935742701      1.490830227488      2.762692442314
    6      2.661692505144      2.868251901781      2.652328832604
    6      2.482489776812     -2.839562721656      2.637168596573
    6      3.784733664505     -0.699678212447      2.607367912153
    6      4.959993114517      1.491801048426      2.443849444508
    6      5.090326265592     -2.840119773967      2.574358775702
    6      6.245672035812     -0.542576378786      2.494242023272
    1    1
