   3   1   1 E -5.7056737362294E+02 DE 7.5E-10( 14)
  0.370158621205E+01 -0.641133538787E+01  0.000000000000E+00
  0.370158621205E+01  0.641133538787E+01  0.000000000000E+00
  0.000000000000E+00  0.000000000000E+00  0.868503800000E+01
    1
  0.100000000000E+01  0.000000000000E+00  0.000000000000E+00
  0.000000000000E+00  0.100000000000E+01  0.000000000000E+00
  0.000000000000E+00  0.000000000000E+00  0.100000000000E+01
  0.000000000000E+00  0.000000000000E+00  0.000000000000E+00
   15
    6      1.590526280868      0.852446786916      2.910184070497
    6      2.430176675458     -1.368273719498      2.682395024842
    6      3.834159955064      0.646750192303      2.630176275548
    6      4.734237875088      2.846469795329      2.627946153300
    6      3.619768405281     -3.491294076676      2.548518609455
    6      5.007534532749     -1.449280458624      2.404262607183
    6      6.133688602515      0.663391296676      2.355663844790
    6      1.388202982576     -0.415459047285      2.836546665010
    6      2.764165796085      1.570476689500      2.847430106693
    6      3.253744247651      2.923633273037      2.771067589769
    6      2.299555494405     -2.825548203287      2.630101018639
    6      3.741130560118     -0.735742350905      2.555386663616
    6      5.009289727124      1.408972178850      2.483547015262
    6      4.790954616181     -2.835290393434      2.465616219204
    6      6.160519500262     -0.640734357509      2.333829136192
    1    1
