   3   1   1 E -5.7059387954885E+02 DE 5.9E-11( 14)
  0.370158621205E+01 -0.641133538787E+01  0.000000000000E+00
  0.370158621205E+01  0.641133538787E+01  0.000000000000E+00
  0.000000000000E+00  0.000000000000E+00  0.868503800000E+01
    1
  0.100000000000E+01  0.000000000000E+00  0.000000000000E+00
  0.000000000000E+00  0.100000000000E+01  0.000000000000E+00
  0.000000000000E+00  0.000000000000E+00  0.100000000000E+01
  0.000000000000E+00  0.000000000000E+00  0.000000000000E+00
   15
    6      1.412132377188      0.812746877743      2.780883825840
    6      2.456212116335     -1.391525002919      2.649086617156
    6      3.787940032722      0.651539309042      2.670179562775
    6      4.698464910959      2.884934811422      2.589144606118
    6      3.806497521790     -3.555823609215      2.585423800269
    6      5.105809714877     -1.396034901306      2.518640358613
    6      6.125835015330      0.782869900995      2.447804271200
    6      1.283733800769     -0.511452057565      2.692479107429
    6      2.639298224471      1.477670220855      2.739955860605
    6      2.878299823864      2.864130851287      2.621840369751
    6      2.386163108071     -2.833456883827      2.626080119104
    6      3.781893145130     -0.740879398508      2.596616789895
    6      4.937426997833      1.484417887234      2.534320132024
    6      5.171607410207     -2.843754290629      2.538985644513
    6      6.286341051878     -0.534866109215      2.491229934707
    1    1
