   3   1   1 E -5.7059964221714E+02 DE-7.7E-10( 15)
  0.370158621205E+01 -0.641133538787E+01  0.000000000000E+00
  0.370158621205E+01  0.641133538787E+01  0.000000000000E+00
  0.000000000000E+00  0.000000000000E+00  0.868503800000E+01
    1
  0.100000000000E+01  0.000000000000E+00  0.000000000000E+00
  0.000000000000E+00  0.100000000000E+01  0.000000000000E+00
  0.000000000000E+00  0.000000000000E+00  0.100000000000E+01
  0.000000000000E+00  0.000000000000E+00  0.000000000000E+00
   15
    6      1.443309355484      0.746878819268      2.805052597078
    6      2.471472930885     -1.385950933270      2.641601745860
    6      3.787029973774      0.681191985867      2.607555957550
    6      4.815762871455      2.869694914251      2.562692778988
    6      3.776040502357     -3.514978817090      2.584724620142
    6      5.088136278530     -1.382789675826      2.582262571503
    6      6.156040108481      0.775939763218      2.416273647443
    6      1.302318377525     -0.549317187241      2.695562251840
    6      2.619590900419      1.476663425052      2.729017076293
    6      2.742175064620      2.861098969424      2.648239677853
    6      2.453766323850     -2.836444426927      2.605421226214
    6      3.780409173713     -0.716297707334      2.608990450725
    6      4.952897925939      1.491502124495      2.460515618384
    6      5.112571676839     -2.835746018573      2.584780084223
    6      6.256133787554     -0.530927629919      2.549980695906
    1    1
