   3   1   1 E -5.7053077716677E+02 DE-4.4E-11( 17)
  0.370158621205E+01 -0.641133538787E+01  0.000000000000E+00
  0.370158621205E+01  0.641133538787E+01  0.000000000000E+00
  0.000000000000E+00  0.000000000000E+00  0.868503800000E+01
    1
  0.100000000000E+01  0.000000000000E+00  0.000000000000E+00
  0.000000000000E+00  0.100000000000E+01  0.000000000000E+00
  0.000000000000E+00  0.000000000000E+00  0.100000000000E+01
  0.000000000000E+00  0.000000000000E+00  0.000000000000E+00
   15
    6      1.492191395513      0.805428874514      2.888480956686
    6      2.439186524262     -1.394086486664      2.666279427370
    6      3.774658861275      0.675336386137      2.652847804469
    6      4.819891460244      2.833346082091      2.621783190501
    6      3.632127094051     -3.483253885875      2.459438136407
    6      4.954079653383     -1.446870377235      2.385930248890
    6      6.149311187088      0.647270812182      2.452256413258
    6      1.389378174523     -0.485787818694      2.867788165185
    6      2.680761992152      1.554030548820      2.818792895559
    6      3.446579883055      3.113708029153      2.807001392568
    6      2.361398804895     -2.839034296894      2.560790598770
    6      3.713276439841     -0.723551439213      2.548355718752
    6      4.992367562554      1.386225192629      2.586944039522
    6      4.772994341135     -2.829952233242      2.380425496602
    6      6.139451877452     -0.662291782315      2.385556515461
    1    1
