   3   1   1 E -5.7054504295866E+02 DE 3.7E-10( 17)
  0.370158621205E+01 -0.641133538787E+01  0.000000000000E+00
  0.370158621205E+01  0.641133538787E+01  0.000000000000E+00
  0.000000000000E+00  0.000000000000E+00  0.868503800000E+01
    1
  0.100000000000E+01  0.000000000000E+00  0.000000000000E+00
  0.000000000000E+00  0.100000000000E+01  0.000000000000E+00
  0.000000000000E+00  0.000000000000E+00  0.100000000000E+01
  0.000000000000E+00  0.000000000000E+00  0.000000000000E+00
   15
    6      1.523451680152      0.809411709184      2.891915810285
    6      2.437576286310     -1.395112837847      2.659036912399
    6      3.785535027036      0.668872807727      2.646409128820
    6      4.804571017955      2.836003820161      2.630735017747
    6      3.630236903069     -3.483830059710      2.456646827500
    6      4.960546088478     -1.440489312456      2.391026546695
    6      6.140265190558      0.644770464883      2.448990953269
    6      1.387479369127     -0.460719498366      2.866586087304
    6      2.707316659496      1.584808707735      2.828094948275
    6      3.401184934733      3.045964401353      2.798638906365
    6      2.353197786045     -2.839726314870      2.567482528995
    6      3.715967057077     -0.723387397302      2.551535343787
    6      4.999790659108      1.386351060092      2.579721537779
    6      4.769934739725     -2.826925682760      2.381360633256
    6      6.140601852555     -0.655474262431      2.384489817524
    1    1
