   3   1   1 E -5.7047753242950E+02 DE-1.0E-09( 16)
  0.370158621205E+01 -0.641133538787E+01  0.000000000000E+00
  0.370158621205E+01  0.641133538787E+01  0.000000000000E+00
  0.000000000000E+00  0.000000000000E+00  0.868503800000E+01
    1
  0.100000000000E+01  0.000000000000E+00  0.000000000000E+00
  0.000000000000E+00  0.100000000000E+01  0.000000000000E+00
  0.000000000000E+00  0.000000000000E+00  0.100000000000E+01
  0.000000000000E+00  0.000000000000E+00  0.000000000000E+00
   15
    6      1.302692549980      0.672763823257      2.618947878148
    6      2.476748791542     -1.419938958868      2.595288962930
    6      3.708045307374      0.702428461780      2.603618850609
    6      4.901226009861      2.867290220233      2.598638378270
    6      3.702217253853     -3.512624911845      2.604456093566
    6      4.952457149747     -1.429944986463      2.580502052568
    6      6.139305307567      0.685279738933      2.598257515545
    6      1.279009858883     -0.674887058988      2.609749536179
    6      2.461426217985      1.359217167784      2.616246185788
    6      3.698550794674      3.551570663242      2.695861162161
    6      2.467261626664     -2.844893338198      2.587309070365
    6      3.716729952561     -0.718803435309      2.591913448875
    6      4.939345305042      1.419929102857      2.598028738253
    6      4.866557329944     -2.843211320265      2.594689672178
    6      6.146081795747     -0.663657562757      2.589163454564
    1    1
