   3   1   1 E -5.7060189327490E+02 DE-7.0E-10( 10)
  0.370158621205E+01 -0.641133538787E+01  0.000000000000E+00
  0.370158621205E+01  0.641133538787E+01  0.000000000000E+00
  0.000000000000E+00  0.000000000000E+00  0.868503800000E+01
    1
  0.100000000000E+01  0.000000000000E+00  0.000000000000E+00
  0.000000000000E+00  0.100000000000E+01  0.000000000000E+00
  0.000000000000E+00  0.000000000000E+00  0.100000000000E+01
  0.000000000000E+00  0.000000000000E+00  0.000000000000E+00
   15
    6      1.429708251250      0.751072956922      2.857895036239
    6      2.490379322750     -1.383235745960      2.664955575572
    6      3.783213835010      0.707023913841      2.606710175348
    6      4.899932626174      2.868014041501      2.558804264953
    6      3.786532766262     -3.548140444553      2.605968256024
    6      5.077273456350     -1.381520199311      2.545514261959
    6      6.137622773651      0.752749426227      2.351796239387
    6      1.323156187849     -0.544030525815      2.721607885047
    6      2.606354289308      1.491106444462      2.768542619148
    6      2.663102068881      2.868253421842      2.655586725563
    6      2.482011444163     -2.840425583417      2.637417936081
    6      3.783929856016     -0.699956783841      2.604172768841
    6      4.960649146765      1.491229797346      2.444567066397
    6      5.089557443103     -2.839854088515      2.572245878624
    6      6.244231783891     -0.541769025335      2.486886310816
    1    1
