   3   1   1 E -5.7060127453284E+02 DE 8.8E-11( 13)
  0.370158621205E+01 -0.641133538787E+01  0.000000000000E+00
  0.370158621205E+01  0.641133538787E+01  0.000000000000E+00
  0.000000000000E+00  0.000000000000E+00  0.868503800000E+01
    1
  0.100000000000E+01  0.000000000000E+00  0.000000000000E+00
  0.000000000000E+00  0.100000000000E+01  0.000000000000E+00
  0.000000000000E+00  0.000000000000E+00  0.100000000000E+01
  0.000000000000E+00  0.000000000000E+00  0.000000000000E+00
   15
    6      1.429691782985      0.740313069401      2.839440339811
    6      2.486842138717     -1.387574362797      2.668182729446
    6      3.782998607441      0.699375714694      2.602608042159
    6      4.876989819631      2.867997957287      2.559681745441
    6      3.785371996663     -3.527724323676      2.611855165203
    6      5.076222126672     -1.379616907551      2.551554097978
    6      6.151053470041      0.769758435962      2.354232186665
    6      1.319617964713     -0.554845610619      2.718482758518
    6      2.605541825577      1.481911478753      2.755801021132
    6      2.671479544319      2.860664730875      2.648805651209
    6      2.489233778531     -2.841613700263      2.641164275494
    6      3.779636624451     -0.702904837739      2.605974890259
    6      4.956455386781      1.495755319073      2.438986899717
    6      5.103719852452     -2.838956853348      2.580531624672
    6      6.242800332451     -0.532022504661      2.505369572296
    1    1
