   3   1   1 E -5.7049535024587E+02 DE-4.0E-09( 12)
  0.370158621205E+01 -0.641133538787E+01  0.000000000000E+00
  0.370158621205E+01  0.641133538787E+01  0.000000000000E+00
  0.000000000000E+00  0.000000000000E+00  0.868503800000E+01
    1
  0.100000000000E+01  0.000000000000E+00  0.000000000000E+00
  0.000000000000E+00  0.100000000000E+01  0.000000000000E+00
  0.000000000000E+00  0.000000000000E+00  0.100000000000E+01
  0.000000000000E+00  0.000000000000E+00  0.000000000000E+00
   15
    6      1.372458325966      0.738837470653      2.838260244371
    6      2.474178652085     -1.420899295107      2.645963093568
    6      3.748115977964      0.685570163973      2.653261284293
    6      4.862752983655      2.849362878939      2.619706783585
    6      3.663577275083     -3.493267797245      2.492731090116
    6      4.968654495921     -1.458359809312      2.407791236436
    6      6.142954470981      0.667242798318      2.494959421502
    6      1.369973502369     -0.577532465390      2.818906170700
    6      2.553885454667      1.408427946640      2.795159432574
    6      3.616516515375      3.391421012513      2.792141351737
    6      2.416615242052     -2.849324622870      2.570179913070
    6      3.724228737108     -0.729518741053      2.564576474792
    6      4.964406259677      1.408806629294      2.588037490680
    6      4.775273129961     -2.836997512059      2.379061323650
    6      6.104064228559     -0.633251051900      2.421935688925
    1    1
