   3   1   1 E -5.7057066904939E+02 DE-3.0E-10( 14)
  0.370158621205E+01 -0.641133538787E+01  0.000000000000E+00
  0.370158621205E+01  0.641133538787E+01  0.000000000000E+00
  0.000000000000E+00  0.000000000000E+00  0.868503800000E+01
    1
  0.100000000000E+01  0.000000000000E+00  0.000000000000E+00
  0.000000000000E+00  0.100000000000E+01  0.000000000000E+00
  0.000000000000E+00  0.000000000000E+00  0.100000000000E+01
  0.000000000000E+00  0.000000000000E+00  0.000000000000E+00
   15
    6      1.553588805924      0.857784480917      2.854143437671
    6      2.430379541933     -1.365621145236      2.667318946914
    6      3.829122816593      0.651073455004      2.592993042427
    6      4.723465392695      2.845703393778      2.615664158252
    6      3.659285190661     -3.485977688872      2.604110798658
    6      5.024803867686     -1.436204294989      2.469618465231
    6      6.124866392927      0.666507091998      2.370517911364
    6      1.388021663988     -0.425295822210      2.776648316054
    6      2.741000287359      1.553324515388      2.750986555771
    6      3.201631352565      2.883522744777      2.689069229649
    6      2.309410291145     -2.824773507999      2.649813555538
    6      3.748807387522     -0.737688235112      2.563721981370
    6      5.008251940951      1.416897937408      2.502211314200
    6      4.842397088643     -2.825871389085      2.573642860392
    6      6.172623230832     -0.622863930372      2.402210426510
    1    1
