   3   1   1 E -5.7058801529139E+02 DE-5.5E-10( 13)
  0.370158621205E+01 -0.641133538787E+01  0.000000000000E+00
  0.370158621205E+01  0.641133538787E+01  0.000000000000E+00
  0.000000000000E+00  0.000000000000E+00  0.868503800000E+01
    1
  0.100000000000E+01  0.000000000000E+00  0.000000000000E+00
  0.000000000000E+00  0.100000000000E+01  0.000000000000E+00
  0.000000000000E+00  0.000000000000E+00  0.100000000000E+01
  0.000000000000E+00  0.000000000000E+00  0.000000000000E+00
   15
    6      1.420861336416      0.855750827323      2.788317452603
    6      2.451163204697     -1.390065994229      2.659850132833
    6      3.789700397066      0.648633888228      2.626997162672
    6      4.685168145736      2.889476458178      2.579917489261
    6      3.791341454700     -3.553784473374      2.616539198154
    6      5.064463436131     -1.407916125299      2.514470149462
    6      6.107599507748      0.738303453469      2.422218444898
    6      1.334793972322     -0.467916445504      2.732320699803
    6      2.671048340663      1.504258894511      2.748308964884
    6      2.969305830429      2.888741173696      2.655954893599
    6      2.367914435189     -2.835493302363      2.633030195876
    6      3.771146486331     -0.740144979438      2.574660636973
    6      4.944137669873      1.470734450022      2.501212707783
    6      5.124469528737     -2.857466425930      2.567799071541
    6      6.264541505386     -0.592593793897      2.461073799657
    1    1
