   3   1   1 E -5.7049326223449E+02 DE-1.4E-10( 14)
  0.370158621205E+01 -0.641133538787E+01  0.000000000000E+00
  0.370158621205E+01  0.641133538787E+01  0.000000000000E+00
  0.000000000000E+00  0.000000000000E+00  0.868503800000E+01
    1
  0.100000000000E+01  0.000000000000E+00  0.000000000000E+00
  0.000000000000E+00  0.100000000000E+01  0.000000000000E+00
  0.000000000000E+00  0.000000000000E+00  0.100000000000E+01
  0.000000000000E+00  0.000000000000E+00  0.000000000000E+00
   15
    6      1.357656576036      0.714924930560      2.814870244687
    6      2.482123659658     -1.423619983294      2.640997347625
    6      3.744542791534      0.689868807429      2.650176347240
    6      4.861915881810      2.862654514942      2.621826033811
    6      3.673880298969     -3.493744249232      2.501652913352
    6      4.980942057497     -1.458162456616      2.427917112007
    6      6.134824010257      0.671835980391      2.506774946317
    6      1.358380103311     -0.607946654601      2.786347847457
    6      2.530373267891      1.369052568007      2.787532510397
    6      3.635243643931      3.442214773495      2.784624169048
    6      2.430620766227     -2.856417751927      2.581001884059
    6      3.729353160385     -0.729733252953      2.565415405125
    6      4.964588648927      1.419820979845      2.589292146879
    6      4.779295653437     -2.829262859673      2.380814877117
    6      6.093914731552     -0.620967740979      2.443427214877
    1    1
