   3   1   1 E -5.7059865710539E+02 DE-6.7E-09( 14)
  0.370158621205E+01 -0.641133538787E+01  0.000000000000E+00
  0.370158621205E+01  0.641133538787E+01  0.000000000000E+00
  0.000000000000E+00  0.000000000000E+00  0.868503800000E+01
    1
  0.100000000000E+01  0.000000000000E+00  0.000000000000E+00
  0.000000000000E+00  0.100000000000E+01  0.000000000000E+00
  0.000000000000E+00  0.000000000000E+00  0.100000000000E+01
  0.000000000000E+00  0.000000000000E+00  0.000000000000E+00
   15
    6      1.444981003714      0.756605600872      2.782840501699
    6      2.464951265127     -1.387409595014      2.647522158210
    6      3.788620580335      0.671683969108      2.604221964072
    6      4.777718788294      2.866178991672      2.584612899987
    6      3.780187341073     -3.524519390516      2.610778896447
    6      5.104577220923     -1.385501032030      2.560172103347
    6      6.149721370475      0.789570904431      2.420858229241
    6      1.283665951252     -0.542361721762      2.671023363517
    6      2.621016180958      1.477264466106      2.713646368922
    6      2.781394492734      2.857656448940      2.640692169623
    6      2.429937423960     -2.835594993270      2.624828250403
    6      3.785015668174     -0.725870173014      2.603690394030
    6      4.943166348071      1.491239271897      2.500558308933
    6      5.133782896983     -2.838653712377      2.584915745895
    6      6.268918719354     -0.519771429649      2.532309645674
    1    1
