   3   1   1 E -5.7056878313272E+02 DE-2.5E-09( 11)
  0.370158621205E+01 -0.641133538787E+01  0.000000000000E+00
  0.370158621205E+01  0.641133538787E+01  0.000000000000E+00
  0.000000000000E+00  0.000000000000E+00  0.868503800000E+01
    1
  0.100000000000E+01  0.000000000000E+00  0.000000000000E+00
  0.000000000000E+00  0.100000000000E+01  0.000000000000E+00
  0.000000000000E+00  0.000000000000E+00  0.100000000000E+01
  0.000000000000E+00  0.000000000000E+00  0.000000000000E+00
   15
    6      1.580128186928      0.854488629273      2.908676873304
    6      2.428105450608     -1.365847140465      2.681248169562
    6      3.830335883586      0.655680780424      2.633479778101
    6      4.736784943716      2.839517378721      2.595904248075
    6      3.633850642965     -3.489627651714      2.572660122193
    6      5.010640280814     -1.444522704927      2.445629590549
    6      6.131460069666      0.662028734909      2.338276600656
    6      1.393964456596     -0.419315846608      2.816521088736
    6      2.750076051958      1.566488803771      2.826791053842
    6      3.246351789670      2.901678436919      2.723244226778
    6      2.300946405088     -2.824615115973      2.625165814659
    6      3.740013897375     -0.734198169093      2.553547421644
    6      5.007713801778      1.414107958862      2.504044241108
    6      4.806006274141     -2.829946836398      2.513169400138
    6      6.161277116536     -0.635399652307      2.344312370655
    1    1
