   3   1   1 E -5.7046216167284E+02 DE-1.0E-06( 26)
  0.370158621205E+01 -0.641133538787E+01  0.000000000000E+00
  0.370158621205E+01  0.641133538787E+01  0.000000000000E+00
  0.000000000000E+00  0.000000000000E+00  0.868503800000E+01
    1
  0.100000000000E+01  0.000000000000E+00  0.000000000000E+00
  0.000000000000E+00  0.100000000000E+01  0.000000000000E+00
  0.000000000000E+00  0.000000000000E+00  0.100000000000E+01
  0.000000000000E+00  0.000000000000E+00  0.000000000000E+00
   15
    6      1.271485112484      0.688538425050      2.606565526153
    6      2.474014801273     -1.416322602162      2.605067490098
    6      3.701622965092      0.703677115672      2.607588881841
    6      4.916085993011      2.860540063776      2.617789532219
    6      3.698586770615     -3.534091130482      2.588566206739
    6      4.946916280237     -1.428948643773      2.595560870694
    6      6.151938272009      0.697563887851      2.606469159520
    6      1.258442355431     -0.688044844234      2.605865048417
    6      2.459874825894      1.385922854856      2.607163229825
    6      3.698849671245      3.559847973190      2.639913761132
    6      2.468156161162     -2.842346983741      2.604097323089
    6      3.710886656540     -0.715507744433      2.602651972117
    6      4.935073745099      1.419841064724      2.610645673766
    6      4.901256318152     -2.853737911193      2.583982408246
    6      6.164465323181     -0.686413919708      2.600743916144
    1    1
