   3   1   1 E -5.7056175934296E+02 DE 3.3E-09( 14)
  0.370158621205E+01 -0.641133538787E+01  0.000000000000E+00
  0.370158621205E+01  0.641133538787E+01  0.000000000000E+00
  0.000000000000E+00  0.000000000000E+00  0.868503800000E+01
    1
  0.100000000000E+01  0.000000000000E+00  0.000000000000E+00
  0.000000000000E+00  0.100000000000E+01  0.000000000000E+00
  0.000000000000E+00  0.000000000000E+00  0.100000000000E+01
  0.000000000000E+00  0.000000000000E+00  0.000000000000E+00
   15
    6      1.579963080904      0.838452292455      2.899810759937
    6      2.435854139647     -1.382043074188      2.668889385580
    6      3.806075012318      0.657477859093      2.656073492358
    6      4.777582446827      2.839592574955      2.628977070891
    6      3.633072315628     -3.493168664787      2.491351642118
    6      4.984190751155     -1.442177119066      2.382439463871
    6      6.129441155498      0.640634369592      2.412400008704
    6      1.379497209207     -0.421568581761      2.854282806613
    6      2.757099770445      1.627377717479      2.837415133671
    6      3.307524332759      2.914765923807      2.762483042123
    6      2.334938768710     -2.827559096506      2.591568978647
    6      3.716179321291     -0.723609449340      2.540763665618
    6      5.008949797597      1.389148681749      2.573318622820
    6      4.771227735958     -2.824898563501      2.400663910900
    6      6.136059413482     -0.641907264588      2.382233016150
    1    1
