   3   1   1 E -5.7057947102670E+02 DE-3.6E-09( 14)
  0.370158621205E+01 -0.641133538787E+01  0.000000000000E+00
  0.370158621205E+01  0.641133538787E+01  0.000000000000E+00
  0.000000000000E+00  0.000000000000E+00  0.868503800000E+01
    1
  0.100000000000E+01  0.000000000000E+00  0.000000000000E+00
  0.000000000000E+00  0.100000000000E+01  0.000000000000E+00
  0.000000000000E+00  0.000000000000E+00  0.100000000000E+01
  0.000000000000E+00  0.000000000000E+00  0.000000000000E+00
   15
    6      1.459376964427      0.874536283947      2.819364918096
    6      2.447104360064     -1.382839593281      2.662259626788
    6      3.800486040076      0.638402103308      2.607001752275
    6      4.690971700577      2.880308014130      2.589490951055
    6      3.749193131993     -3.519789665113      2.611176283099
    6      5.050695173934     -1.422389577399      2.490568345746
    6      6.102657835283      0.705060400254      2.412126195237
    6      1.372593800637     -0.447422250846      2.758126587978
    6      2.709012061776      1.523374115830      2.764369495675
    6      3.068263506783      2.891795747196      2.659213500910
    6      2.351381341274     -2.832266392651      2.638916593574
    6      3.766013063490     -0.745608511640      2.561225768501
    6      4.969827140409      1.442651783725      2.503744671065
    6      4.999792901705     -2.845749107716      2.560357000693
    6      6.220286228996     -0.609545744351      2.444729309308
    1    1
