   3   1   1 E -5.7060203532847E+02 DE 4.6E-10( 13)
  0.370158621205E+01 -0.641133538787E+01  0.000000000000E+00
  0.370158621205E+01  0.641133538787E+01  0.000000000000E+00
  0.000000000000E+00  0.000000000000E+00  0.868503800000E+01
    1
  0.100000000000E+01  0.000000000000E+00  0.000000000000E+00
  0.000000000000E+00  0.100000000000E+01  0.000000000000E+00
  0.000000000000E+00  0.000000000000E+00  0.100000000000E+01
  0.000000000000E+00  0.000000000000E+00  0.000000000000E+00
   15
    6      1.429427900184      0.753005974903      2.854728909054
    6      2.488989377336     -1.382350089873      2.663063236957
    6      3.783787150248      0.706042630794      2.606425389871
    6      4.895684258426      2.867472438231      2.558376090368
    6      3.785310878611     -3.547818717058      2.605319994073
    6      5.077966603780     -1.382503292983      2.546068182620
    6      6.137941184658      0.752306357689      2.356368798234
    6      1.321732506008     -0.542369949221      2.719057908499
    6      2.606972525725      1.491430479276      2.766346423984
    6      2.672376175174      2.867354736794      2.654094952716
    6      2.477959238590     -2.839212819876      2.637612789706
    6      3.783610617829     -0.700730778300      2.605115638466
    6      4.960851902777      1.490480614080      2.447082646152
    6      5.089594907959     -2.839567272121      2.572948799222
    6      6.245450024118     -0.543022706941      2.490061240080
    1    1
