   3   1   1 E -5.7049176149029E+02 DE-1.0E-10( 13)
  0.370158621205E+01 -0.641133538787E+01  0.000000000000E+00
  0.370158621205E+01  0.641133538787E+01  0.000000000000E+00
  0.000000000000E+00  0.000000000000E+00  0.868503800000E+01
    1
  0.100000000000E+01  0.000000000000E+00  0.000000000000E+00
  0.000000000000E+00  0.100000000000E+01  0.000000000000E+00
  0.000000000000E+00  0.000000000000E+00  0.100000000000E+01
  0.000000000000E+00  0.000000000000E+00  0.000000000000E+00
   15
    6      1.350392005059      0.693675798071      2.786581581716
    6      2.487137148307     -1.427394952554      2.633482381295
    6      3.741154789768      0.692232180946      2.637832361445
    6      4.861412004249      2.872971713541      2.627602843997
    6      3.684061044402     -3.491312548038      2.505520361890
    6      4.986274236417     -1.455548440420      2.462545812997
    6      6.126398061036      0.673407158975      2.529096285285
    6      1.351370610905     -0.630270836547      2.749802123895
    6      2.514311534595      1.342314752429      2.770203823394
    6      3.649723990989      3.480743079856      2.756673282197
    6      2.441485517093     -2.861037301862      2.585929182425
    6      3.732330363824     -0.730043391541      2.567180173689
    6      4.962879120819      1.426657900445      2.590775431637
    6      4.782189851742     -2.821633156808      2.410804305227
    6      6.086534972218     -0.614244351101      2.468641048911
    1    1
