   3   1   1 E -5.7057560460620E+02 DE-1.0E-11( 16)
  0.370158621205E+01 -0.641133538787E+01  0.000000000000E+00
  0.370158621205E+01  0.641133538787E+01  0.000000000000E+00
  0.000000000000E+00  0.000000000000E+00  0.868503800000E+01
    1
  0.100000000000E+01  0.000000000000E+00  0.000000000000E+00
  0.000000000000E+00  0.100000000000E+01  0.000000000000E+00
  0.000000000000E+00  0.000000000000E+00  0.100000000000E+01
  0.000000000000E+00  0.000000000000E+00  0.000000000000E+00
   15
    6      1.492018784291      0.875896830788      2.836085380301
    6      2.442823529764     -1.376207188630      2.660993159590
    6      3.811522054264      0.637066949391      2.596461488680
    6      4.698004089933      2.869799985256      2.596194389623
    6      3.720819477360     -3.503785099342      2.611471316131
    6      5.045690357247     -1.431261259501      2.482499751501
    6      6.106556153507      0.690744515015      2.393148457980
    6      1.381120471120     -0.437855817361      2.768644638803
    6      2.725407922996      1.533104045519      2.761513735029
    6      3.112226275234      2.889135883960      2.661049825197
    6      2.337220578219     -2.827970035579      2.641959129060
    6      3.761749634922     -0.747476601558      2.552085077023
    6      4.983542994057      1.430934962357      2.506445973440
    6      4.939172239371     -2.838854050751      2.571602120703
    6      6.199780689140     -0.612755514171      2.442516556939
    1    1
