   3   1   1 E -5.7059536250842E+02 DE-2.0E-09( 13)
  0.370158621205E+01 -0.641133538787E+01  0.000000000000E+00
  0.370158621205E+01  0.641133538787E+01  0.000000000000E+00
  0.000000000000E+00  0.000000000000E+00  0.868503800000E+01
    1
  0.100000000000E+01  0.000000000000E+00  0.000000000000E+00
  0.000000000000E+00  0.100000000000E+01  0.000000000000E+00
  0.000000000000E+00  0.000000000000E+00  0.100000000000E+01
  0.000000000000E+00  0.000000000000E+00  0.000000000000E+00
   15
    6      1.416114520432      0.802835921154      2.765537148519
    6      2.457655858850     -1.390647766306      2.633570735242
    6      3.786931670800      0.650796482056      2.619560245047
    6      4.707100111444      2.883741042058      2.572315065436
    6      3.798641801978     -3.548185128530      2.602306160118
    6      5.115801888708     -1.395636839394      2.561972800807
    6      6.128393772348      0.789339967219      2.446784397391
    6      1.281026459396     -0.522020386807      2.665130086966
    6      2.639268680546      1.480772843865      2.728067704521
    6      2.861093602501      2.863249184232      2.627804368691
    6      2.394196856952     -2.835711381931      2.619262281990
    6      3.788007785554     -0.741850831692      2.613338897893
    6      4.939553187754      1.481932308961      2.520300654081
    6      5.157082028656     -2.842456453170      2.581509183377
    6      6.286787025504     -0.525641356321      2.525211269921
    1    1
