   3   1   1 E -5.7059606504816E+02 DE 1.4E-09( 14)
  0.370158621205E+01 -0.641133538787E+01  0.000000000000E+00
  0.370158621205E+01  0.641133538787E+01  0.000000000000E+00
  0.000000000000E+00  0.000000000000E+00  0.868503800000E+01
    1
  0.100000000000E+01  0.000000000000E+00  0.000000000000E+00
  0.000000000000E+00  0.100000000000E+01  0.000000000000E+00
  0.000000000000E+00  0.000000000000E+00  0.100000000000E+01
  0.000000000000E+00  0.000000000000E+00  0.000000000000E+00
   15
    6      1.431624818976      0.783935583018      2.788995411040
    6      2.460712510038     -1.389268604340      2.639502844492
    6      3.787016204726      0.662829648867      2.638231929138
    6      4.729344352510      2.875220888789      2.565050062441
    6      3.787478611308     -3.546447553871      2.555941590040
    6      5.123696664435     -1.399697401938      2.557434829970
    6      6.135038606593      0.799418855408      2.455280832878
    6      1.276882398254     -0.531348010852      2.668535080134
    6      2.627217920132      1.491509477817      2.736108020422
    6      2.819733470696      2.865012816628      2.616007218823
    6      2.404664686375     -2.836223446122      2.597042707173
    6      3.793542238201     -0.738919207894      2.644675632103
    6      4.935547840026      1.489152496723      2.543930660528
    6      5.158512315482     -2.858597247299      2.544611256223
    6      6.286642613671     -0.516060689541      2.531322924596
    1    1
