   3   1   1 E -5.7057251389187E+02 DE 6.2E-11( 14)
  0.370158621205E+01 -0.641133538787E+01  0.000000000000E+00
  0.370158621205E+01  0.641133538787E+01  0.000000000000E+00
  0.000000000000E+00  0.000000000000E+00  0.868503800000E+01
    1
  0.100000000000E+01  0.000000000000E+00  0.000000000000E+00
  0.000000000000E+00  0.100000000000E+01  0.000000000000E+00
  0.000000000000E+00  0.000000000000E+00  0.100000000000E+01
  0.000000000000E+00  0.000000000000E+00  0.000000000000E+00
   15
    6      1.524498795433      0.871746194321      2.860054905203
    6      2.436058637159     -1.369057393694      2.663147942248
    6      3.822252274313      0.642659751549      2.585231956302
    6      4.708337051700      2.856655095660      2.606992199572
    6      3.691072693835     -3.490767890533      2.589521375863
    6      5.037969150551     -1.435241330505      2.464194554012
    6      6.114349013806      0.677774936553      2.393583534633
    6      1.385639405701     -0.431610657068      2.782662688754
    6      2.735011998144      1.540582683171      2.765329330679
    6      3.154989593671      2.881728132230      2.674627066063
    6      2.321949700991     -2.825384239108      2.637754594898
    6      3.756262507406     -0.744753476261      2.550276033531
    6      4.997897029679      1.422807203115      2.521111477405
    6      4.887566854510     -2.830545926242      2.557773218705
    6      6.183800544525     -0.616075477795      2.430410122132
    1    1
