   3   1   1 E -5.7050598944055E+02 DE 2.5E-09( 15)
  0.370158621205E+01 -0.641133538787E+01  0.000000000000E+00
  0.370158621205E+01  0.641133538787E+01  0.000000000000E+00
  0.000000000000E+00  0.000000000000E+00  0.868503800000E+01
    1
  0.100000000000E+01  0.000000000000E+00  0.000000000000E+00
  0.000000000000E+00  0.100000000000E+01  0.000000000000E+00
  0.000000000000E+00  0.000000000000E+00  0.100000000000E+01
  0.000000000000E+00  0.000000000000E+00  0.000000000000E+00
   15
    6      1.452620263538      0.799410005690      2.877337857029
    6      2.446313804053     -1.405634096332      2.672541771728
    6      3.756033599864      0.688145530307      2.658670312708
    6      4.839888403083      2.835537801500      2.622632149211
    6      3.639254471969     -3.480664325425      2.459119994387
    6      4.944620708632     -1.452988877747      2.383482270560
    6      6.148330931461      0.657364357820      2.468444766763
    6      1.388566751015     -0.541557197758      2.855671024797
    6      2.632990548850      1.490754001694      2.806314479832
    6      3.532495942409      3.241379973563      2.811561293498
    6      2.382612508979     -2.842203351419      2.554469493842
    6      3.711337047209     -0.726866278927      2.553648234508
    6      4.980223514118      1.393426402798      2.589478998445
    6      4.774067454113     -2.838433147283      2.383875202663
    6      6.128299302133     -0.667153193088      2.385423150030
    1    1
