   3   1   1 E -5.7058414086793E+02 DE 1.9E-11( 17)
  0.370158621205E+01 -0.641133538787E+01  0.000000000000E+00
  0.370158621205E+01  0.641133538787E+01  0.000000000000E+00
  0.000000000000E+00  0.000000000000E+00  0.868503800000E+01
    1
  0.100000000000E+01  0.000000000000E+00  0.000000000000E+00
  0.000000000000E+00  0.100000000000E+01  0.000000000000E+00
  0.000000000000E+00  0.000000000000E+00  0.100000000000E+01
  0.000000000000E+00  0.000000000000E+00  0.000000000000E+00
   15
    6      1.442334527594      0.866888305932      2.802791773975
    6      2.448483951564     -1.387487569891      2.660709382495
    6      3.794837412463      0.645375908809      2.617261603862
    6      4.688518364817      2.884980417975      2.583364156964
    6      3.768057345831     -3.541418153893      2.615872802305
    6      5.053156265396     -1.414822173529      2.503564997111
    6      6.104160781705      0.719656510517      2.413707328765
    6      1.354741967887     -0.454229879066      2.744461980017
    6      2.690968892643      1.517991362377      2.753928948908
    6      3.021190935645      2.894585731334      2.666135398134
    6      2.358501639308     -2.834683810252      2.635814026582
    6      3.767770129210     -0.741756242839      2.564519031734
    6      4.954977350608      1.457520972524      2.500865839691
    6      5.066043706999     -2.856072521983      2.567987281317
    6      6.243911979755     -0.606011252622      2.451686448139
    1    1
