   3   1   1 E -5.7060189698121E+02 DE 5.6E-09( 10)
  0.370158621205E+01 -0.641133538787E+01  0.000000000000E+00
  0.370158621205E+01  0.641133538787E+01  0.000000000000E+00
  0.000000000000E+00  0.000000000000E+00  0.868503800000E+01
    1
  0.100000000000E+01  0.000000000000E+00  0.000000000000E+00
  0.000000000000E+00  0.100000000000E+01  0.000000000000E+00
  0.000000000000E+00  0.000000000000E+00  0.100000000000E+01
  0.000000000000E+00  0.000000000000E+00  0.000000000000E+00
   15
    6      1.429111025945      0.751658709925      2.857325782782
    6      2.490300260450     -1.382792247570      2.663534418392
    6      3.783168162880      0.707246879884      2.606734883502
    6      4.900178588320      2.867814819359      2.558851528104
    6      3.787128004693     -3.548476723842      2.606145128068
    6      5.077238645904     -1.381939268882      2.544412679607
    6      6.137624957852      0.752083880955      2.353061762606
    6      1.323122625657     -0.543630261559      2.720660036089
    6      2.606241094344      1.491131986014      2.768444930390
    6      2.663418528376      2.868572957145      2.655881741987
    6      2.481686384431     -2.840064213076      2.637477410864
    6      3.783719071061     -0.699808013074      2.604028506435
    6      4.960678993299      1.491173302971      2.445500567349
    6      5.089766449494     -2.840065332589      2.572350869533
    6      6.244272458718     -0.542388870269      2.488260754291
    1    1
