   3   1   1 E -5.7056938871350E+02 DE-7.9E-11( 15)
  0.370158621205E+01 -0.641133538787E+01  0.000000000000E+00
  0.370158621205E+01  0.641133538787E+01  0.000000000000E+00
  0.000000000000E+00  0.000000000000E+00  0.868503800000E+01
    1
  0.100000000000E+01  0.000000000000E+00  0.000000000000E+00
  0.000000000000E+00  0.100000000000E+01  0.000000000000E+00
  0.000000000000E+00  0.000000000000E+00  0.100000000000E+01
  0.000000000000E+00  0.000000000000E+00  0.000000000000E+00
   15
    6      1.568818139509      0.854914592090      2.875400123876
    6      2.428219521956     -1.365938355945      2.663119892350
    6      3.829337534868      0.658179501328      2.603614593235
    6      4.732141028492      2.839544862528      2.639476742422
    6      3.642964669021     -3.487381339488      2.578440226335
    6      5.016512753628     -1.438486033671      2.455305914183
    6      6.128601798062      0.661670054660      2.335538296169
    6      1.392794076496     -0.422657997844      2.789933972430
    6      2.741364188029      1.562346710823      2.778973613890
    6      3.231602883874      2.888950635088      2.739973655243
    6      2.303557462544     -2.827018515406      2.646084800354
    6      3.744282920483     -0.734439166760      2.547728119448
    6      5.009523717492      1.416409564014      2.510489196553
    6      4.821119372485     -2.826539838531      2.547374806860
    6      6.166815184485     -0.629037067494      2.371217046649
    1    1
