   3   1   1 E -5.7058954311544E+02 DE 9.1E-11( 14)
  0.370158621205E+01 -0.641133538787E+01  0.000000000000E+00
  0.370158621205E+01  0.641133538787E+01  0.000000000000E+00
  0.000000000000E+00  0.000000000000E+00  0.868503800000E+01
    1
  0.100000000000E+01  0.000000000000E+00  0.000000000000E+00
  0.000000000000E+00  0.100000000000E+01  0.000000000000E+00
  0.000000000000E+00  0.000000000000E+00  0.100000000000E+01
  0.000000000000E+00  0.000000000000E+00  0.000000000000E+00
   15
    6      1.445471544138      0.818781438356      2.791725455136
    6      2.444731897378     -1.384386861107      2.661058701826
    6      3.798976676615      0.667687516558      2.623659807223
    6      4.707502304544      2.871902427788      2.590632562516
    6      3.771718753345     -3.563289941803      2.597185826160
    6      5.069593972670     -1.404126317585      2.521495758228
    6      6.134302533260      0.754834635328      2.410334553300
    6      1.294183375917     -0.483886324571      2.728127136634
    6      2.648368855171      1.499927983511      2.734546327870
    6      2.946280945798      2.876078264432      2.676250439695
    6      2.358641493713     -2.831843658069      2.625301609442
    6      3.766026172615     -0.730234336520      2.589489065690
    6      4.944521576382      1.483403501431      2.508741965407
    6      5.146679554892     -2.852292122282      2.567746441960
    6      6.280655594985     -0.572038600073      2.456375348913
    1    1
