   3   1   1 E -5.7056650919794E+02 DE-4.4E-10( 13)
  0.370158621205E+01 -0.641133538787E+01  0.000000000000E+00
  0.370158621205E+01  0.641133538787E+01  0.000000000000E+00
  0.000000000000E+00  0.000000000000E+00  0.868503800000E+01
    1
  0.100000000000E+01  0.000000000000E+00  0.000000000000E+00
  0.000000000000E+00  0.100000000000E+01  0.000000000000E+00
  0.000000000000E+00  0.000000000000E+00  0.100000000000E+01
  0.000000000000E+00  0.000000000000E+00  0.000000000000E+00
   15
    6      1.591659420665      0.840827561789      2.909221963697
    6      2.433688310049     -1.374265817912      2.658362998367
    6      3.831356094404      0.645898270177      2.645722004897
    6      4.737820219274      2.852105235002      2.641487580208
    6      3.620697310825     -3.487554852836      2.510753479411
    6      5.005890271854     -1.444332031736      2.421261836510
    6      6.131819454463      0.659479839897      2.356468864199
    6      1.381508354124     -0.419656406071      2.843165010590
    6      2.765323360932      1.577791067497      2.853993108090
    6      3.257750069773      2.924480539606      2.709655832946
    6      2.308811207982     -2.828107800849      2.619538614699
    6      3.740531078491     -0.733495911514      2.563935630462
    6      5.013721037619      1.405578875567      2.533765705707
    6      4.781538395809     -2.830614632613      2.450278824354
    6      6.155540665162     -0.637616330611      2.365059545863
    1    1
