   3   1   1 E -5.7048902533506E+02 DE-1.6E-10( 12)
  0.370158621205E+01 -0.641133538787E+01  0.000000000000E+00
  0.370158621205E+01  0.641133538787E+01  0.000000000000E+00
  0.000000000000E+00  0.000000000000E+00  0.868503800000E+01
    1
  0.100000000000E+01  0.000000000000E+00  0.000000000000E+00
  0.000000000000E+00  0.100000000000E+01  0.000000000000E+00
  0.000000000000E+00  0.000000000000E+00  0.100000000000E+01
  0.000000000000E+00  0.000000000000E+00  0.000000000000E+00
   15
    6      1.345121153338      0.666984898357      2.700923699965
    6      2.484280479303     -1.429572515292      2.604919998043
    6      3.730781173829      0.697173195990      2.611958960449
    6      4.870178090168      2.879022506780      2.600370407673
    6      3.698492240025     -3.482225467167      2.586155853211
    6      4.973714088590     -1.441922448451      2.523985048864
    6      6.119983517139      0.667561901680      2.587934147297
    6      1.324935979540     -0.655623165816      2.661050674655
    6      2.489920380277      1.322742030837      2.677304726045
    6      3.682377520369      3.525977636212      2.690110508683
    6      2.457453101821     -2.856461318828      2.579976676275
    6      3.729330346371     -0.727329067948      2.571356213156
    6      4.955289162584      1.423895957264      2.596928151185
    6      4.796718520522     -2.819323431017      2.525149873314
    6      6.099079497549     -0.620383107208      2.564546061185
    1    1
