   3   1   1 E -5.7048966251672E+02 DE-1.0E-09( 12)
  0.370158621205E+01 -0.641133538787E+01  0.000000000000E+00
  0.370158621205E+01  0.641133538787E+01  0.000000000000E+00
  0.000000000000E+00  0.000000000000E+00  0.868503800000E+01
    1
  0.100000000000E+01  0.000000000000E+00  0.000000000000E+00
  0.000000000000E+00  0.100000000000E+01  0.000000000000E+00
  0.000000000000E+00  0.000000000000E+00  0.100000000000E+01
  0.000000000000E+00  0.000000000000E+00  0.000000000000E+00
   15
    6      1.350964793692      0.672487233698      2.717719717196
    6      2.488614222659     -1.430423284275      2.601421919183
    6      3.737922283475      0.693838129213      2.620235531831
    6      4.862782964854      2.879792907399      2.608401337216
    6      3.693769679395     -3.481449734221      2.527543679144
    6      4.982584579689     -1.448238946429      2.510176205462
    6      6.117684268747      0.669685724974      2.581432880133
    6      1.341896050307     -0.649120017926      2.679843153348
    6      2.502955631070      1.321003779133      2.699455968408
    6      3.664961456488      3.511854781504      2.731953180454
    6      2.451634060723     -2.860547989250      2.594802453521
    6      3.733026691725     -0.729585670197      2.569010675936
    6      4.959932003815      1.427138828916      2.604943261849
    6      4.784252607143     -2.813244727094      2.518736893908
    6      6.084673957643     -0.612673410049      2.516994142412
    1    1
