   3   1   1 E -5.7060199736430E+02 DE-2.4E-09(  9)
  0.370158621205E+01 -0.641133538787E+01  0.000000000000E+00
  0.370158621205E+01  0.641133538787E+01  0.000000000000E+00
  0.000000000000E+00  0.000000000000E+00  0.868503800000E+01
    1
  0.100000000000E+01  0.000000000000E+00  0.000000000000E+00
  0.000000000000E+00  0.100000000000E+01  0.000000000000E+00
  0.000000000000E+00  0.000000000000E+00  0.100000000000E+01
  0.000000000000E+00  0.000000000000E+00  0.000000000000E+00
   15
    6      1.428655061658      0.751947781986      2.856833157168
    6      2.490237429626     -1.382380933525      2.663304861480
    6      3.783288319290      0.707723485733      2.606433638272
    6      4.901296346376      2.867665451892      2.558836257494
    6      3.787918597859     -3.548313147349      2.605811685790
    6      5.077091736941     -1.382400194554      2.544840571135
    6      6.137374779291      0.750964027665      2.352535092321
    6      1.322738007636     -0.543103660068      2.719790062891
    6      2.605847702841      1.491385731781      2.768522028355
    6      2.662913298739      2.868589561493      2.656444845742
    6      2.481673117036     -2.839635263544      2.637645356294
    6      3.783550878086     -0.699547531085      2.604498095133
    6      4.961077665499      1.491075670441      2.445181763651
    6      5.089846566048     -2.840113245280      2.572907612511
    6      6.244145744496     -0.543340130192      2.489085971763
    1    1
