   3   1   1 E -5.7049789908427E+02 DE 1.9E-09( 29)
  0.370158621205E+01 -0.641133538787E+01  0.000000000000E+00
  0.370158621205E+01  0.641133538787E+01  0.000000000000E+00
  0.000000000000E+00  0.000000000000E+00  0.868503800000E+01
    1
  0.100000000000E+01  0.000000000000E+00  0.000000000000E+00
  0.000000000000E+00  0.100000000000E+01  0.000000000000E+00
  0.000000000000E+00  0.000000000000E+00  0.100000000000E+01
  0.000000000000E+00  0.000000000000E+00  0.000000000000E+00
   15
    6      1.397578856448      0.750662534528      2.854770378733
    6      2.464774800741     -1.423967694235      2.651439885360
    6      3.750016466100      0.678379371447      2.657707498018
    6      4.861901942268      2.840020110048      2.619843425999
    6      3.659575404161     -3.486189662253      2.476685403359
    6      4.949707501403     -1.452767864753      2.389468821356
    6      6.144106015834      0.658445637275      2.485311889783
    6      1.388693124473     -0.546706147896      2.836768671546
    6      2.581615814848      1.452014594390      2.797582465483
    6      3.594966886431      3.345770052851      2.809165646359
    6      2.403513880681     -2.841979607220      2.564634462345
    6      3.718663223679     -0.730421734854      2.565783017058
    6      4.960437837344      1.396118067503      2.590375434470
    6      4.769392220612     -2.839551133811      2.386062193420
    6      6.112711276400     -0.649308917628      2.397071806710
    1    1
