   3   1   1 E -5.7060189910475E+02 DE 4.3E-10( 10)
  0.370158621205E+01 -0.641133538787E+01  0.000000000000E+00
  0.370158621205E+01  0.641133538787E+01  0.000000000000E+00
  0.000000000000E+00  0.000000000000E+00  0.868503800000E+01
    1
  0.100000000000E+01  0.000000000000E+00  0.000000000000E+00
  0.000000000000E+00  0.100000000000E+01  0.000000000000E+00
  0.000000000000E+00  0.000000000000E+00  0.100000000000E+01
  0.000000000000E+00  0.000000000000E+00  0.000000000000E+00
   15
    6      1.428601640968      0.752000369315      2.856874739337
    6      2.490317641813     -1.382390384008      2.663664216104
    6      3.783137243441      0.707792557643      2.606002780488
    6      4.901371460894      2.867654842752      2.558890006352
    6      3.787698324240     -3.548541919650      2.605850923055
    6      5.077132367469     -1.382425098500      2.544819356779
    6      6.137391537368      0.751060213775      2.352585410298
    6      1.322925067878     -0.543092253955      2.720156989692
    6      2.605714937946      1.491652419174      2.768244763185
    6      2.663121061204      2.868520603216      2.656223360937
    6      2.481674352886     -2.839683523601      2.637911173243
    6      3.783600387326     -0.699563229436      2.604545713406
    6      4.961042908816      1.491078301140      2.444796205762
    6      5.089734537844     -2.840167482671      2.572998471785
    6      6.244191781332     -0.543377809803      2.489106889577
    1    1
