   3   1   1 E -5.7060203995925E+02 DE-2.1E-10( 13)
  0.370158621205E+01 -0.641133538787E+01  0.000000000000E+00
  0.370158621205E+01  0.641133538787E+01  0.000000000000E+00
  0.000000000000E+00  0.000000000000E+00  0.868503800000E+01
    1
  0.100000000000E+01  0.000000000000E+00  0.000000000000E+00
  0.000000000000E+00  0.100000000000E+01  0.000000000000E+00
  0.000000000000E+00  0.000000000000E+00  0.100000000000E+01
  0.000000000000E+00  0.000000000000E+00  0.000000000000E+00
   15
    6      1.429111240760      0.752797290543      2.855430158713
    6      2.488776460749     -1.382235548239      2.663368238307
    6      3.783986178200      0.705309409380      2.605840136445
    6      4.895472567593      2.867633237135      2.557121687570
    6      3.783895371428     -3.547808400024      2.605323211953
    6      5.078904389477     -1.382354928081      2.547674804177
    6      6.138637752617      0.752933806377      2.355394990632
    6      1.320990443601     -0.542396111531      2.718721035607
    6      2.607128966975      1.490222108433      2.765723415953
    6      2.672252550146      2.867296784274      2.654066521451
    6      2.476986505352     -2.838745035781      2.637372641733
    6      3.783885813442     -0.701137913504      2.605550933820
    6      4.960634294052      1.490406648024      2.445461980331
    6      5.090578675853     -2.839127680222      2.573837172059
    6      6.246414041181     -0.542276061392      2.491784071248
    1    1
