   3   1   1 E -5.7060044558019E+02 DE 7.8E-11( 17)
  0.370158621205E+01 -0.641133538787E+01  0.000000000000E+00
  0.370158621205E+01  0.641133538787E+01  0.000000000000E+00
  0.000000000000E+00  0.000000000000E+00  0.868503800000E+01
    1
  0.100000000000E+01  0.000000000000E+00  0.000000000000E+00
  0.000000000000E+00  0.100000000000E+01  0.000000000000E+00
  0.000000000000E+00  0.000000000000E+00  0.100000000000E+01
  0.000000000000E+00  0.000000000000E+00  0.000000000000E+00
   15
    6      1.435733947259      0.736432601526      2.804593609805
    6      2.480606695537     -1.387348566809      2.644300491564
    6      3.784807308494      0.691491011203      2.576502097973
    6      4.851710084827      2.872033141820      2.581888573556
    6      3.778184641842     -3.512367565671      2.625782000576
    6      5.081889890016     -1.381455986072      2.560722521165
    6      6.157803262296      0.772669493681      2.406445805532
    6      1.310869448085     -0.558189301972      2.692785917804
    6      2.610228452145      1.478730417282      2.727304180375
    6      2.696837217972      2.862300039196      2.661048137152
    6      2.479541775058     -2.837401973919      2.643298111266
    6      3.780744870185     -0.708850126322      2.583904833518
    6      4.958055208921      1.494350234428      2.457407742431
    6      5.102786413222     -2.840349947415      2.586564591204
    6      6.247856035565     -0.531525865561      2.530122386078
    1    1
