   3   1   1 E -5.7048596878279E+02 DE 7.9E-11( 17)
  0.370158621205E+01 -0.641133538787E+01  0.000000000000E+00
  0.370158621205E+01  0.641133538787E+01  0.000000000000E+00
  0.000000000000E+00  0.000000000000E+00  0.868503800000E+01
    1
  0.100000000000E+01  0.000000000000E+00  0.000000000000E+00
  0.000000000000E+00  0.100000000000E+01  0.000000000000E+00
  0.000000000000E+00  0.000000000000E+00  0.100000000000E+01
  0.000000000000E+00  0.000000000000E+00  0.000000000000E+00
   15
    6      1.327923209666      0.666471973027      2.636744354431
    6      2.479011740547     -1.425607781311      2.593661492906
    6      3.718065546837      0.701298306101      2.590741811591
    6      4.885533150554      2.874329873585      2.621121891573
    6      3.704249899693     -3.493690061198      2.567509957669
    6      4.961316297463     -1.435046099253      2.590982773025
    6      6.127814726502      0.671984297683      2.594880902531
    6      1.300823470224     -0.664049000230      2.607686734889
    6      2.472132639309      1.337526524728      2.615053636460
    6      3.698135302659      3.541490138617      2.724189962797
    6      2.464512512515     -2.850650499242      2.612352027588
    6      3.722134626675     -0.722862051823      2.588817678223
    6      4.947019465695      1.420932143824      2.594211490531
    6      4.826978118563     -2.832020586632      2.562184420044
    6      6.122004544521     -0.639589572482      2.582531865744
    1    1
