   3   1   1 E -5.7059259340335E+02 DE 5.0E-10( 14)
  0.370158621205E+01 -0.641133538787E+01  0.000000000000E+00
  0.370158621205E+01  0.641133538787E+01  0.000000000000E+00
  0.000000000000E+00  0.000000000000E+00  0.868503800000E+01
    1
  0.100000000000E+01  0.000000000000E+00  0.000000000000E+00
  0.000000000000E+00  0.100000000000E+01  0.000000000000E+00
  0.000000000000E+00  0.000000000000E+00  0.100000000000E+01
  0.000000000000E+00  0.000000000000E+00  0.000000000000E+00
   15
    6      1.424177769500      0.815749795520      2.773898980602
    6      2.450801551654     -1.388877185258      2.654784500821
    6      3.792788327620      0.661955754844      2.622818174911
    6      4.698284820710      2.880797644175      2.579406859806
    6      3.795554370269     -3.569030347295      2.604226901235
    6      5.089409892921     -1.400932481408      2.542007497201
    6      6.129558603059      0.772195774581      2.422528016706
    6      1.282382791726     -0.497401316370      2.704042971695
    6      2.638251219030      1.489867961554      2.725410857424
    6      2.892428813311      2.875178613387      2.658999586439
    6      2.372086787844     -2.833546175678      2.624894727927
    6      3.775234423802     -0.735514743290      2.596074094998
    6      4.934693688315      1.489732195356      2.508194678825
    6      5.187919609348     -2.856006779818      2.582583966847
    6      6.294082582316     -0.553651104908      2.482799184564
    1    1
