   3   1   1 E -5.7060181215588E+02 DE 9.8E-10( 14)
  0.370158621205E+01 -0.641133538787E+01  0.000000000000E+00
  0.370158621205E+01  0.641133538787E+01  0.000000000000E+00
  0.000000000000E+00  0.000000000000E+00  0.868503800000E+01
    1
  0.100000000000E+01  0.000000000000E+00  0.000000000000E+00
  0.000000000000E+00  0.100000000000E+01  0.000000000000E+00
  0.000000000000E+00  0.000000000000E+00  0.100000000000E+01
  0.000000000000E+00  0.000000000000E+00  0.000000000000E+00
   15
    6      1.428193869651      0.752079760183      2.874924482668
    6      2.491737252118     -1.382776807036      2.662249544554
    6      3.782801650268      0.709321239540      2.608133920330
    6      4.900265332200      2.869117608683      2.556194398072
    6      3.784661535778     -3.552423718403      2.602929014898
    6      5.076793282837     -1.382906158562      2.531752576485
    6      6.138747858191      0.754945453222      2.341863311433
    6      1.325156259283     -0.545210169388      2.734270582877
    6      2.605463390156      1.492233659974      2.784620369954
    6      2.661982648089      2.866501014915      2.663915457431
    6      2.482728668344     -2.840264655776      2.633435568975
    6      3.783735599510     -0.698509385027      2.602527273563
    6      4.958604743363      1.491794578580      2.439264084054
    6      5.091700657302     -2.841766012054      2.566777804295
    6      6.245082504331     -0.541618803458      2.479812610411
    1    1
