   3   1   1 E -5.7056362229872E+02 DE-3.1E-10( 13)
  0.370158621205E+01 -0.641133538787E+01  0.000000000000E+00
  0.370158621205E+01  0.641133538787E+01  0.000000000000E+00
  0.000000000000E+00  0.000000000000E+00  0.868503800000E+01
    1
  0.100000000000E+01  0.000000000000E+00  0.000000000000E+00
  0.000000000000E+00  0.100000000000E+01  0.000000000000E+00
  0.000000000000E+00  0.000000000000E+00  0.100000000000E+01
  0.000000000000E+00  0.000000000000E+00  0.000000000000E+00
   15
    6      1.577378994903      0.840480581627      2.898840533242
    6      2.440950702860     -1.383784225662      2.672230040374
    6      3.815947496708      0.652680590897      2.656793259196
    6      4.763857297810      2.847135364768      2.615051677893
    6      3.639485243497     -3.487329999090      2.515893952319
    6      5.000420500024     -1.437675122201      2.402373568771
    6      6.123821869344      0.655564344283      2.349451342815
    6      1.363195366649     -0.427429889285      2.852312682893
    6      2.746925093981      1.598540764174      2.850847731238
    6      3.291958602342      2.904612457596      2.751548596698
    6      2.337448062631     -2.828761413686      2.612922478261
    6      3.729014648425     -0.727705635942      2.561768576099
    6      5.019259090037      1.397797671841      2.536736519263
    6      4.772793472702     -2.824783640154      2.418656644661
    6      6.135198809511     -0.628824243772      2.387243396279
    1    1
