   3   1   1 E -5.7048792173390E+02 DE-4.5E-10( 15)
  0.370158621205E+01 -0.641133538787E+01  0.000000000000E+00
  0.370158621205E+01  0.641133538787E+01  0.000000000000E+00
  0.000000000000E+00  0.000000000000E+00  0.868503800000E+01
    1
  0.100000000000E+01  0.000000000000E+00  0.000000000000E+00
  0.000000000000E+00  0.100000000000E+01  0.000000000000E+00
  0.000000000000E+00  0.000000000000E+00  0.100000000000E+01
  0.000000000000E+00  0.000000000000E+00  0.000000000000E+00
   15
    6      1.339199024115      0.666268468384      2.667496014476
    6      2.481660686700     -1.428326295035      2.593201903782
    6      3.725621887076      0.699326942042      2.600089728525
    6      4.875929113434      2.877784809472      2.605169790778
    6      3.701598640056     -3.485522395957      2.603351684887
    6      4.968581704659     -1.439230053584      2.554939713508
    6      6.122612704623      0.667709148395      2.584014498957
    6      1.314792490313     -0.658728824822      2.630222043667
    6      2.482214103037      1.327549950157      2.639649921800
    6      3.691275937575      3.533139052451      2.697683687247
    6      2.460823609706     -2.854147245940      2.568136276536
    6      3.726342124545     -0.725566851025      2.575088681577
    6      4.952157555500      1.422406580363      2.596392579123
    6      4.806674602998     -2.825116841290      2.596556434872
    6      6.108171067086     -0.627028838217      2.570678040266
    1    1
