   3   1   1 E -5.7060202917919E+02 DE-4.6E-10(  9)
  0.370158621205E+01 -0.641133538787E+01  0.000000000000E+00
  0.370158621205E+01  0.641133538787E+01  0.000000000000E+00
  0.000000000000E+00  0.000000000000E+00  0.868503800000E+01
    1
  0.100000000000E+01  0.000000000000E+00  0.000000000000E+00
  0.000000000000E+00  0.100000000000E+01  0.000000000000E+00
  0.000000000000E+00  0.000000000000E+00  0.100000000000E+01
  0.000000000000E+00  0.000000000000E+00  0.000000000000E+00
   15
    6      1.428943818304      0.752866607523      2.855500473768
    6      2.488741087951     -1.382291392223      2.663272719716
    6      3.783898891460      0.705336563490      2.605534148617
    6      4.895442030343      2.867456868074      2.557020349729
    6      3.783993648217     -3.547784404150      2.605544524978
    6      5.078954945466     -1.382311942367      2.547673913658
    6      6.138634209702      0.753019333186      2.355638316318
    6      1.321091720949     -0.542308509624      2.718846129978
    6      2.607054972560      1.490258370122      2.765727816557
    6      2.672295708021      2.867240669847      2.653951867772
    6      2.476968647689     -2.838921579991      2.637477322019
    6      3.783890872862     -0.701131200973      2.605514781676
    6      4.960611879524      1.490396421079      2.445380842316
    6      5.090684668589     -2.839075959307      2.573599376548
    6      6.246448149788     -0.542232239293      2.491988416348
    1    1
