   3   1   1 E -5.7060171806450E+02 DE 2.0E-09( 13)
  0.370158621205E+01 -0.641133538787E+01  0.000000000000E+00
  0.370158621205E+01  0.641133538787E+01  0.000000000000E+00
  0.000000000000E+00  0.000000000000E+00  0.868503800000E+01
    1
  0.100000000000E+01  0.000000000000E+00  0.000000000000E+00
  0.000000000000E+00  0.100000000000E+01  0.000000000000E+00
  0.000000000000E+00  0.000000000000E+00  0.100000000000E+01
  0.000000000000E+00  0.000000000000E+00  0.000000000000E+00
   15
    6      1.429606854302      0.754663383717      2.855147511083
    6      2.491874406559     -1.386781664250      2.673693725593
    6      3.785804827083      0.705656985129      2.614989021379
    6      4.890582049037      2.869535230555      2.549923915867
    6      3.782067072159     -3.551202916746      2.598230136343
    6      5.074933177543     -1.382584045103      2.541574176226
    6      6.139371525080      0.759339843911      2.360860525179
    6      1.326271307095     -0.542717554753      2.729501714744
    6      2.609011870480      1.489589585971      2.763064022965
    6      2.668417749781      2.869038898934      2.646539826140
    6      2.483231724505     -2.844274258428      2.635268398278
    6      3.784213525223     -0.700432065120      2.611651563209
    6      4.958424685905      1.492829136282      2.454745956934
    6      5.090880062407     -2.845010098157      2.564268596811
    6      6.242964414264     -0.537132856549      2.483211909249
    1    1
