   3   1   1 E -5.7059741029038E+02 DE-6.8E-10( 14)
  0.370158621205E+01 -0.641133538787E+01  0.000000000000E+00
  0.370158621205E+01  0.641133538787E+01  0.000000000000E+00
  0.000000000000E+00  0.000000000000E+00  0.868503800000E+01
    1
  0.100000000000E+01  0.000000000000E+00  0.000000000000E+00
  0.000000000000E+00  0.100000000000E+01  0.000000000000E+00
  0.000000000000E+00  0.000000000000E+00  0.100000000000E+01
  0.000000000000E+00  0.000000000000E+00  0.000000000000E+00
   15
    6      1.441872038593      0.766774924164      2.771532504947
    6      2.461291199885     -1.386807132852      2.619393000399
    6      3.789938753642      0.668947183417      2.613209015261
    6      4.750444563490      2.867613990312      2.578729616294
    6      3.779700212306     -3.537018593717      2.586160869359
    6      5.119755710143     -1.391378698650      2.574438080548
    6      6.145758381166      0.799761113156      2.481484719404
    6      1.270157285970     -0.539348705217      2.653446364962
    6      2.620615882609      1.481799035102      2.704038336178
    6      2.797989501358      2.857581145607      2.626672136882
    6      2.412805256025     -2.835837938015      2.605460795588
    6      3.792310190143     -0.732279355646      2.599991849079
    6      4.939413508441      1.492132827287      2.532060209696
    6      5.151506633295     -2.849001645319      2.578419119925
    6      6.284096134359     -0.512420544237      2.557634381479
    1    1
