   3   1   1 E -5.7060203904766E+02 DE 4.3E-11( 11)
  0.370158621205E+01 -0.641133538787E+01  0.000000000000E+00
  0.370158621205E+01  0.641133538787E+01  0.000000000000E+00
  0.000000000000E+00  0.000000000000E+00  0.868503800000E+01
    1
  0.100000000000E+01  0.000000000000E+00  0.000000000000E+00
  0.000000000000E+00  0.100000000000E+01  0.000000000000E+00
  0.000000000000E+00  0.000000000000E+00  0.100000000000E+01
  0.000000000000E+00  0.000000000000E+00  0.000000000000E+00
   15
    6      1.429269752792      0.752353599931      2.854831766319
    6      2.488629542168     -1.382073777751      2.663396139055
    6      3.784237945336      0.705237461319      2.605788589832
    6      4.895000392091      2.867769807211      2.557369201414
    6      3.783937414129     -3.547917711394      2.604692378657
    6      5.078918469627     -1.382272684259      2.548096734221
    6      6.138886293220      0.753195640007      2.355525534024
    6      1.320310054188     -0.542624279704      2.718551395973
    6      2.607170458977      1.489692865169      2.765961558035
    6      2.672447526353      2.867241670486      2.654716122520
    6      2.476690517879     -2.838604543947      2.636869097784
    6      3.783823901912     -0.701098971660      2.606113271703
    6      4.960711096098      1.490598770035      2.446017721548
    6      5.090958483489     -2.838899808523      2.573267016622
    6      6.246663403165     -0.542080431528      2.491474472293
    1    1
