   3   1   1 E -5.7050068409224E+02 DE-1.4E-09( 15)
  0.370158621205E+01 -0.641133538787E+01  0.000000000000E+00
  0.370158621205E+01  0.641133538787E+01  0.000000000000E+00
  0.000000000000E+00  0.000000000000E+00  0.868503800000E+01
    1
  0.100000000000E+01  0.000000000000E+00  0.000000000000E+00
  0.000000000000E+00  0.100000000000E+01  0.000000000000E+00
  0.000000000000E+00  0.000000000000E+00  0.100000000000E+01
  0.000000000000E+00  0.000000000000E+00  0.000000000000E+00
   15
    6      1.419742877453      0.772484837294      2.875753004485
    6      2.456349691711     -1.424528909390      2.649641841062
    6      3.753745513656      0.673837589210      2.657577813119
    6      4.859862706742      2.828477205215      2.622115904102
    6      3.648945951211     -3.484040669404      2.466634436871
    6      4.935576973341     -1.450686496629      2.375888843480
    6      6.148286172472      0.652465389950      2.480513493084
    6      1.403487750776     -0.515979707499      2.863118636925
    6      2.608901573158      1.494534780698      2.803464484844
    6      3.573601102842      3.294854883502      2.808958621114
    6      2.388898980706     -2.836567221981      2.555268128557
    6      3.714083277245     -0.730832152337      2.568032415876
    6      4.960005618512      1.385414429395      2.590372643970
    6      4.763715688653     -2.846542769720      2.391097244371
    6      6.122451372946     -0.662373582910      2.374233488139
    1    1
