   3   1   1 E -5.7051620593766E+02 DE 4.6E-11( 19)
  0.370158621205E+01 -0.641133538787E+01  0.000000000000E+00
  0.370158621205E+01  0.641133538787E+01  0.000000000000E+00
  0.000000000000E+00  0.000000000000E+00  0.868503800000E+01
    1
  0.100000000000E+01  0.000000000000E+00  0.000000000000E+00
  0.000000000000E+00  0.100000000000E+01  0.000000000000E+00
  0.000000000000E+00  0.000000000000E+00  0.100000000000E+01
  0.000000000000E+00  0.000000000000E+00  0.000000000000E+00
   15
    6      1.484314478895      0.817671535434      2.890127880926
    6      2.439034323231     -1.404330137309      2.657813227101
    6      3.762539380468      0.687839528101      2.646900227164
    6      4.825083941661      2.833599772304      2.632452007831
    6      3.629722813275     -3.476361071623      2.453473079614
    6      4.942282999744     -1.446831864741      2.388179367964
    6      6.143943393221      0.654722750391      2.467861179334
    6      1.392238989694     -0.523330949061      2.866786329558
    6      2.660640800020      1.523236017812      2.817725030794
    6      3.495012118937      3.176426409991      2.805191719640
    6      2.371545614325     -2.846937060343      2.554602457218
    6      3.712604374805     -0.726662957916      2.559240447802
    6      4.991511631750      1.390326933114      2.582691392716
    6      4.771152188597     -2.836924589124      2.386446756654
    6      6.136028202800     -0.671926711636      2.373179895684
    1    1
