   3   1   1 E -5.7049071469586E+02 DE-9.7E-10( 11)
  0.370158621205E+01 -0.641133538787E+01  0.000000000000E+00
  0.370158621205E+01  0.641133538787E+01  0.000000000000E+00
  0.000000000000E+00  0.000000000000E+00  0.868503800000E+01
    1
  0.100000000000E+01  0.000000000000E+00  0.000000000000E+00
  0.000000000000E+00  0.100000000000E+01  0.000000000000E+00
  0.000000000000E+00  0.000000000000E+00  0.100000000000E+01
  0.000000000000E+00  0.000000000000E+00  0.000000000000E+00
   15
    6      1.350506485731      0.681240973720      2.744403471322
    6      2.489161763197     -1.429482491287      2.610114065298
    6      3.739837222211      0.692814303248      2.629666643272
    6      4.861054072797      2.877745094509      2.631398603509
    6      3.689476435385     -3.486503091496      2.519782056044
    6      4.986164405077     -1.452342432801      2.495108695216
    6      6.120844591299      0.672328922130      2.554956418295
    6      1.348161203621     -0.641579272824      2.707255896259
    6      2.508489441442      1.328630738744      2.728087427503
    6      3.656316897031      3.499358174942      2.762415032317
    6      2.447115165597     -2.861912304606      2.584468354731
    6      3.733404524510     -0.730086426498      2.573071139496
    6      4.961529590210      1.428232835352      2.603645443495
    6      4.782521129668     -2.815868575901      2.450005648163
    6      6.083072323647     -0.612058841838      2.488292105080
    1    1
