   3   1   1 E -6.0878990107737E+02 DE 3.7E-11( 11)
  0.370158621205E+01 -0.641133538787E+01  0.000000000000E+00
  0.370158621205E+01  0.641133538787E+01  0.000000000000E+00
  0.000000000000E+00  0.000000000000E+00  0.868503800000E+01
    1
  0.100000000000E+01  0.000000000000E+00  0.000000000000E+00
  0.000000000000E+00  0.100000000000E+01  0.000000000000E+00
  0.000000000000E+00  0.000000000000E+00  0.100000000000E+01
  0.000000000000E+00  0.000000000000E+00  0.000000000000E+00
   16
    6      1.235991461752      0.711141246232      2.605588172770
    6      2.358649611028      2.789444157494      2.606705130955
    6      3.699054719451      5.111048701968      2.606624882784
    6      2.516051952863     -1.422213998078      2.604776169397
    6      3.723578141154      0.669254034757      2.604680647965
    6      4.923968031340      2.856126402784      2.604564388144
    6      3.672734023813     -3.563705266941      2.605768650804
    6      6.156482330722      0.738282990459      2.605515760355
    6      1.262709246082     -0.710522382661      2.605598687000
    6      2.480553032907      1.398834898618      2.605579881736
    6      2.419397042930     -2.852009651833      2.605007784085
    6      3.713066323059     -0.719014632147      2.603644997826
    6      4.913456778540      1.467857187464      2.604869605395
    6      3.699465676637     -4.985370461879      2.605590899259
    6      4.937977199512     -2.973933911156      2.607180887865
    6      6.278381750314     -0.652331111036      2.606485853662
    1    1
