   3   1   1 E -6.0878990207560E+02 DE-1.3E-11(  8)
  0.370158621205E+01 -0.641133538787E+01  0.000000000000E+00
  0.370158621205E+01  0.641133538787E+01  0.000000000000E+00
  0.000000000000E+00  0.000000000000E+00  0.868503800000E+01
    1
  0.100000000000E+01  0.000000000000E+00  0.000000000000E+00
  0.000000000000E+00  0.100000000000E+01  0.000000000000E+00
  0.000000000000E+00  0.000000000000E+00  0.100000000000E+01
  0.000000000000E+00  0.000000000000E+00  0.000000000000E+00
   16
    6      1.235956301433      0.711161558655      2.605483516562
    6      2.358623306353      2.789475195821      2.605352439764
    6      3.699015807420      5.111055355034      2.605315855975
    6      2.516035723055     -1.422203336561      2.605586135325
    6      3.723560620712      0.669262711108      2.605544681240
    6      4.923934630260      2.856145830812      2.605891106454
    6      3.672758461775     -3.563703483951      2.605547711046
    6      6.156493112103      0.738260544387      2.605440249328
    6      1.262685123260     -0.710523940341      2.605485355115
    6      2.480542190588      1.398856966688      2.605476991597
    6      2.419413334078     -2.852020237593      2.605676096386
    6      3.713099761404     -0.719034047734      2.605565187398
    6      4.913474251758      1.467848466231      2.605614781308
    6      3.699500187420     -4.985390406331      2.605485975500
    6      4.938016294453     -2.973940700545      2.605504154480
    6      6.278408216035     -0.652362271634      2.605212162522
    1    1
