   3   1   1 E -6.0878990258446E+02 DE 3.8E-10(  8)
  0.370158621205E+01 -0.641133538787E+01  0.000000000000E+00
  0.370158621205E+01  0.641133538787E+01  0.000000000000E+00
  0.000000000000E+00  0.000000000000E+00  0.868503800000E+01
    1
  0.100000000000E+01  0.000000000000E+00  0.000000000000E+00
  0.000000000000E+00  0.100000000000E+01  0.000000000000E+00
  0.000000000000E+00  0.000000000000E+00  0.100000000000E+01
  0.000000000000E+00  0.000000000000E+00  0.000000000000E+00
   16
    6      1.235859632375      0.711216784867      2.605614568132
    6      2.358396665649      2.789309040578      2.605268964758
    6      3.699058013051      5.111326864360      2.606111169323
    6      2.516087399581     -1.422142986606      2.605646465026
    6      3.723531882378      0.669186342221      2.606037574661
    6      4.923570836049      2.856358556168      2.603658036744
    6      3.672611866875     -3.563648401830      2.604906056103
    6      6.156374551772      0.738357986797      2.606081914168
    6      1.262834032191     -0.710577740142      2.605632534891
    6      2.480660664477      1.398756916204      2.605615848287
    6      2.419361682135     -2.852080953677      2.604729183768
    6      3.713464060840     -0.719246924560      2.606949914361
    6      4.913503266116      1.467925164135      2.605350529049
    6      3.699593327227     -4.985443655342      2.605589533046
    6      4.937974323833     -2.974212640948      2.603990751066
    6      6.278635117558     -0.652196148183      2.606999356616
    1    1
