   3   1   1 E -6.0878990341348E+02 DE-2.5E-10(  9)
  0.370158621205E+01 -0.641133538787E+01  0.000000000000E+00
  0.370158621205E+01  0.641133538787E+01  0.000000000000E+00
  0.000000000000E+00  0.000000000000E+00  0.868503800000E+01
    1
  0.100000000000E+01  0.000000000000E+00  0.000000000000E+00
  0.000000000000E+00  0.100000000000E+01  0.000000000000E+00
  0.000000000000E+00  0.000000000000E+00  0.100000000000E+01
  0.000000000000E+00  0.000000000000E+00  0.000000000000E+00
   16
    6      1.235709470651      0.711302552283      2.605589299417
    6      2.358035240463      2.789022060525      2.605696650903
    6      3.699143377735      5.111770508352      2.605631301483
    6      2.516177767944     -1.422042971255      2.605393413041
    6      3.723486766674      0.669055615927      2.605418086589
    6      4.922957831601      2.856716648326      2.605719103981
    6      3.672350327180     -3.563551917954      2.605419417590
    6      6.156163864733      0.738533439705      2.605637940747
    6      1.263099414277     -0.710672006035      2.605612892109
    6      2.480871175594      1.398577153962      2.605571135291
    6      2.419271209630     -2.852181584421      2.605490530354
    6      3.714077854720     -0.719605442431      2.604975172211
    6      4.913548795675      1.468056453872      2.605623911658
    6      3.699737560793     -4.985526036109      2.605582860954
    6      4.937889536051     -2.974657004328      2.605232451201
    6      6.278997128386     -0.651909266375      2.605588232471
    1    1
