   3   1   1 E -6.0879004153016E+02 DE 5.7E-11( 15)
  0.370158621205E+01 -0.641133538787E+01  0.000000000000E+00
  0.370158621205E+01  0.641133538787E+01  0.000000000000E+00
  0.000000000000E+00  0.000000000000E+00  0.868503800000E+01
    1
  0.100000000000E+01  0.000000000000E+00  0.000000000000E+00
  0.000000000000E+00  0.100000000000E+01  0.000000000000E+00
  0.000000000000E+00  0.000000000000E+00  0.100000000000E+01
  0.000000000000E+00  0.000000000000E+00  0.000000000000E+00
   16
    6      1.235736208294      0.711287343276      2.605490517366
    6      2.358126804332      2.789077755510      2.605310717580
    6      3.699133972423      5.111665396337      2.605620460655
    6      2.516154263262     -1.422051904077      2.605471014986
    6      3.723483734925      0.669080733625      2.605410627098
    6      4.923022538724      2.856678225880      2.605526124757
    6      3.672371227103     -3.563551688802      2.605564521861
    6      6.156172471811      0.738516452584      2.605499228129
    6      1.263078048496     -0.710672157910      2.605524462523
    6      2.480862388314      1.398594432159      2.605430276599
    6      2.419294465349     -2.852172215974      2.605511963857
    6      3.714012774594     -0.719566857902      2.605464295809
    6      4.913551382413      1.468031211101      2.605472419330
    6      3.699711044752     -4.985510927756      2.605490013154
    6      4.937899663390     -2.974552129857      2.605857106253
    6      6.278906333925     -0.651965464149      2.605538650040
    1    1
