   3   1   1 E -6.0878670309537E+02 DE 1.8E-11( 15)
  0.370158621205E+01 -0.641133538787E+01  0.000000000000E+00
  0.370158621205E+01  0.641133538787E+01  0.000000000000E+00
  0.000000000000E+00  0.000000000000E+00  0.868503800000E+01
    1
  0.100000000000E+01  0.000000000000E+00  0.000000000000E+00
  0.000000000000E+00  0.100000000000E+01  0.000000000000E+00
  0.000000000000E+00  0.000000000000E+00  0.100000000000E+01
  0.000000000000E+00  0.000000000000E+00  0.000000000000E+00
   16
    6      1.229638915302      0.714814561335      2.605511918531
    6      2.368461218217      2.796873109555      2.605510478787
    6      3.697448940950      5.098969654705      2.605511421531
    6      2.494577840542     -1.419172918051      2.605511591892
    6      3.710254346183      0.686367066313      2.605512009578
    6      4.935944062870      2.849199850957      2.605510600807
    6      3.692185112018     -3.582149735280      2.605510621309
    6      6.182167377692      0.730613184745      2.605512220757
    6      1.243249552497     -0.692095617042      2.605511934377
    6      2.454879117050      1.406521049387      2.605511825707
    6      2.440861344679     -2.855064652330      2.605510671990
    6      3.701081859254     -0.712082801308      2.605512395357
    6      4.926787866192      1.450759949165      2.605511660831
    6      3.705863586793     -4.989069758139      2.605511913058
    6      4.939558055555     -2.961856343429      2.605509006978
    6      6.268558126313     -0.659738396538      2.605512128512
    1    1
