   3   1   1 E -6.0878983662213E+02 DE 3.7E-10( 10)
  0.370158621205E+01 -0.641133538787E+01  0.000000000000E+00
  0.370158621205E+01  0.641133538787E+01  0.000000000000E+00
  0.000000000000E+00  0.000000000000E+00  0.868503800000E+01
    1
  0.100000000000E+01  0.000000000000E+00  0.000000000000E+00
  0.000000000000E+00  0.100000000000E+01  0.000000000000E+00
  0.000000000000E+00  0.000000000000E+00  0.100000000000E+01
  0.000000000000E+00  0.000000000000E+00  0.000000000000E+00
   16
    6      1.237662375734      0.710172076040      2.605509532827
    6      2.358928156907      2.786536259781      2.605401897600
    6      3.701712133961      5.112252557487      2.605420810975
    6      2.517369451744     -1.422548920301      2.605579505516
    6      3.724523684173      0.668276130820      2.605597327660
    6      4.923975155791      2.856130102023      2.605557199132
    6      3.670354456124     -3.563493373088      2.605477537403
    6      6.155116988813      0.740250551623      2.605524626116
    6      1.265082905018     -0.710742491786      2.605508270045
    6      2.481922524836      1.396876546609      2.605510721129
    6      2.418076833881     -2.851679637243      2.605539756028
    6      3.713056316640     -0.719016579183      2.605703045751
    6      4.912514149956      1.468840011405      2.605567380495
    6      3.697815176087     -4.984413116633      2.605509273938
    6      4.935309519307     -2.975137280020      2.605323863810
    6      6.278097493134     -0.649414633490      2.605451651575
    1    1
