   3   1   1 E -6.0878964967656E+02 DE-4.0E-10( 11)
  0.370158621205E+01 -0.641133538787E+01  0.000000000000E+00
  0.370158621205E+01  0.641133538787E+01  0.000000000000E+00
  0.000000000000E+00  0.000000000000E+00  0.868503800000E+01
    1
  0.100000000000E+01  0.000000000000E+00  0.000000000000E+00
  0.000000000000E+00  0.100000000000E+01  0.000000000000E+00
  0.000000000000E+00  0.000000000000E+00  0.100000000000E+01
  0.000000000000E+00  0.000000000000E+00  0.000000000000E+00
   16
    6      1.237888645784      0.710032401154      2.605510545778
    6      2.356619615470      2.794879532927      2.605518624356
    6      3.693390168856      5.110081177146      2.605516511944
    6      2.513880400261     -1.423905456097      2.605506834387
    6      3.723952608601      0.671974265300      2.605503920895
    6      4.927450006522      2.854133806306      2.605512863007
    6      3.675892395581     -3.563391812233      2.605515554482
    6      6.157828482530      0.735394390558      2.605508286038
    6      1.259542397219     -0.710845918331      2.605510910534
    6      2.479211518331      1.401735747986      2.605509941746
    6      2.421565335170     -2.850321216573      2.605512302998
    6      3.709578868634     -0.717018636695      2.605496172470
    6      4.913083512628      1.465141463963      2.605507404115
    6      3.697592124114     -4.984275321105      2.605510745953
    6      4.943632589257     -2.972968514531      2.605530073247
    6      6.280408653148     -0.657757705729      2.605511708049
    1    1
