   3   1   1 E -5.7073913829965E+02 DE-3.5E-10( 12)
  0.370158621205E+01 -0.641133538787E+01  0.000000000000E+00
  0.370158621205E+01  0.641133538787E+01  0.000000000000E+00
  0.000000000000E+00  0.000000000000E+00  0.868503800000E+01
    1
  0.100000000000E+01  0.000000000000E+00  0.000000000000E+00
  0.000000000000E+00  0.100000000000E+01  0.000000000000E+00
  0.000000000000E+00  0.000000000000E+00  0.100000000000E+01
  0.000000000000E+00  0.000000000000E+00  0.000000000000E+00
   15
    6      2.583468592013     -1.491013209690      2.608095003746
    6      3.714273636290      0.647067414973      2.632290355079
    6      4.986999752565      2.878371579602      2.576769074044
    6      3.816540481525     -3.614837609410      2.580942673954
    6      5.043496849889     -1.506008108762      2.637224015949
    6      6.250919076347      0.664101231053      2.599628753152
    6      1.341906817174     -0.770424577375      2.610865369295
    6      1.343903215865      0.621698762393      2.586870591757
    6      3.845092807735      4.938538495988      2.637634364059
    6      2.530158268004     -2.894891913567      2.559856219558
    6      3.776329490456     -0.747597923589      2.652378425347
    6      4.898479165834      1.447690331463      2.587918716734
    6      3.822053714141     -5.054055475305      2.594781084496
    6      4.979361641264     -2.879471034656      2.597977222514
    6      6.292395883690     -0.787615146940      2.619439130316
    1    1
