   3   1   1 E -5.7073810972524E+02 DE 1.6E-09( 16)
  0.370158621205E+01 -0.641133538787E+01  0.000000000000E+00
  0.370158621205E+01  0.641133538787E+01  0.000000000000E+00
  0.000000000000E+00  0.000000000000E+00  0.868503800000E+01
    1
  0.100000000000E+01  0.000000000000E+00  0.000000000000E+00
  0.000000000000E+00  0.100000000000E+01  0.000000000000E+00
  0.000000000000E+00  0.000000000000E+00  0.100000000000E+01
  0.000000000000E+00  0.000000000000E+00  0.000000000000E+00
   15
    6      2.588168074415     -1.496286704911      2.599481587792
    6      3.687442847406      0.649493615542      2.648563798097
    6      4.977172444615      2.887036412461      2.580740903105
    6      3.817120177331     -3.618774758376      2.554180251887
    6      5.042155751159     -1.503361695206      2.648076844035
    6      6.254104104272      0.664645005347      2.595941614536
    6      1.351493569676     -0.766549127548      2.599975621372
    6      1.364413071479      0.618423763439      2.571508762055
    6      3.854957178932      4.935817948052      2.647389859883
    6      2.529520101538     -2.898400770090      2.545440177225
    6      3.775498561136     -0.747498467614      2.650718993608
    6      4.879265749082      1.453845200775      2.595897545201
    6      3.832939190231     -5.058147648758      2.591959408546
    6      4.977929283895     -2.878833030124      2.643945155428
    6      6.293199287623     -0.789856926811      2.608850477232
    1    1
