   3   1   1 E -5.7073938139064E+02 DE 2.5E-10( 12)
  0.370158621205E+01 -0.641133538787E+01  0.000000000000E+00
  0.370158621205E+01  0.641133538787E+01  0.000000000000E+00
  0.000000000000E+00  0.000000000000E+00  0.868503800000E+01
    1
  0.100000000000E+01  0.000000000000E+00  0.000000000000E+00
  0.000000000000E+00  0.100000000000E+01  0.000000000000E+00
  0.000000000000E+00  0.000000000000E+00  0.100000000000E+01
  0.000000000000E+00  0.000000000000E+00  0.000000000000E+00
   15
    6      2.579778631924     -1.489424120319      2.605353866859
    6      3.722265152515      0.646732853907      2.636949237248
    6      5.002809273433      2.865136736046      2.572810721802
    6      3.822956213524     -3.613268490680      2.580242200572
    6      5.040262700382     -1.503092436735      2.631240348894
    6      6.250329461799      0.665866217760      2.605868820662
    6      1.335553640283     -0.772346695978      2.604609358905
    6      1.334314506957      0.618032329823      2.584979511459
    6      3.833261268322      4.944946595631      2.625684431023
    6      2.533913663022     -2.894407805554      2.561906888512
    6      3.773420436683     -0.746787001882      2.649135911176
    6      4.907376428832      1.441105024196      2.605578698537
    6      3.819523573547     -5.053046664814      2.596552333776
    6      4.984036243035     -2.876930567379      2.606243599382
    6      6.285578198531     -0.780963157841      2.615515071192
    1    1
