   3   1   1 E -5.7039361443315E+02 DE-2.5E-10( 22)
  0.370158621205E+01 -0.641133538787E+01  0.000000000000E+00
  0.370158621205E+01  0.641133538787E+01  0.000000000000E+00
  0.000000000000E+00  0.000000000000E+00  0.868503800000E+01
    1
  0.100000000000E+01  0.000000000000E+00  0.000000000000E+00
  0.000000000000E+00  0.100000000000E+01  0.000000000000E+00
  0.000000000000E+00  0.000000000000E+00  0.100000000000E+01
  0.000000000000E+00  0.000000000000E+00  0.000000000000E+00
   15
    6      2.461472464162     -1.424009440871      2.604991151942
    6      3.619962176139      0.714390668645      2.606760622181
    6      4.903041687478      2.910269707085      2.606564532079
    6      3.767435678547     -3.589079176661      2.603815958345
    6      4.989283213578     -1.466765507595      2.604220968844
    6      6.215700438100      0.684133733170      2.604743891094
    6      1.213412547416     -0.739603719770      2.605579279105
    6      2.273557698250      1.273276613016      2.610650177487
    6      3.775215272030      3.840398193220      2.609589127352
    6      2.495138154041     -2.853565099743      2.605177597791
    6      3.705158078096     -0.735815048078      2.605299182309
    6      4.888898960034      1.452261438736      2.606071532330
    6      3.735902016143     -4.990398161026      2.602670002458
    6      4.993442076649     -2.883488348676      2.602496934235
    6      6.187758932127     -0.740453035274      2.604040042449
    1    1
