   3   1   1 E -5.7073967249443E+02 DE-1.4E-09( 10)
  0.370158621205E+01 -0.641133538787E+01  0.000000000000E+00
  0.370158621205E+01  0.641133538787E+01  0.000000000000E+00
  0.000000000000E+00  0.000000000000E+00  0.868503800000E+01
    1
  0.100000000000E+01  0.000000000000E+00  0.000000000000E+00
  0.000000000000E+00  0.100000000000E+01  0.000000000000E+00
  0.000000000000E+00  0.000000000000E+00  0.100000000000E+01
  0.000000000000E+00  0.000000000000E+00  0.000000000000E+00
   15
    6      2.579652369118     -1.489410240148      2.605544409569
    6      3.722462689500      0.646496808673      2.637029328903
    6      5.003111830351      2.864216645873      2.573945709595
    6      3.822517650564     -3.613420264421      2.580545339607
    6      5.040505743273     -1.503556096995      2.630486682072
    6      6.249502382044      0.666115417438      2.605486862121
    6      1.335998712763     -0.771432666080      2.605507087596
    6      1.334283212218      0.618503120685      2.586179535935
    6      3.833014341833      4.946494614964      2.624851973635
    6      2.533744912183     -2.894477422600      2.562248498415
    6      3.773492179617     -0.746983208387      2.648796813221
    6      4.908723250075      1.440131519906      2.605501214021
    6      3.818953289342     -5.052994542095      2.597076499821
    6      4.983954657424     -2.877414837729      2.605558774808
    6      6.285462172486     -0.780716032905      2.613912270682
    1    1
