   3   1   1 E -5.7059726311261E+02 DE-1.2E-10( 19)
  0.370158621205E+01 -0.641133538787E+01  0.000000000000E+00
  0.370158621205E+01  0.641133538787E+01  0.000000000000E+00
  0.000000000000E+00  0.000000000000E+00  0.868503800000E+01
    1
  0.100000000000E+01  0.000000000000E+00  0.000000000000E+00
  0.000000000000E+00  0.100000000000E+01  0.000000000000E+00
  0.000000000000E+00  0.000000000000E+00  0.100000000000E+01
  0.000000000000E+00  0.000000000000E+00  0.000000000000E+00
   15
    6      2.767536346230     -1.504511013720      2.606414186941
    6      3.463121665247      0.669418471344      2.601876480619
    6      4.757833070473      3.008754558918      2.602037840157
    6      3.658784509197     -3.641086153411      2.606793215453
    6      5.054494768857     -1.534707240711      2.607916011547
    6      6.238288229115      0.613442097407      2.610833698516
    6      1.488578038627     -0.836637734289      2.613472341673
    6      1.867593127638      0.914093862513      2.594972244379
    6      3.890990970215      4.844399232666      2.598359436681
    6      2.445499855509     -2.911148181776      2.605114880107
    6      3.825747964955     -0.786201677253      2.606021051370
    6      4.710272530117      1.565983450415      2.606048357594
    6      3.763326815378     -5.036704213540      2.607588234640
    6      4.941742891552     -2.990367154997      2.607489729657
    6      6.351568609681     -0.923175487386      2.607733290666
    1    1
