   3   1   1 E -5.7072815221476E+02 DE 6.1E-10( 14)
  0.370158621205E+01 -0.641133538787E+01  0.000000000000E+00
  0.370158621205E+01  0.641133538787E+01  0.000000000000E+00
  0.000000000000E+00  0.000000000000E+00  0.868503800000E+01
    1
  0.100000000000E+01  0.000000000000E+00  0.000000000000E+00
  0.000000000000E+00  0.100000000000E+01  0.000000000000E+00
  0.000000000000E+00  0.000000000000E+00  0.100000000000E+01
  0.000000000000E+00  0.000000000000E+00  0.000000000000E+00
   15
    6      2.587683690432     -1.537419733403      2.608529620665
    6      3.515243726699      0.668222513692      2.612079622894
    6      4.977504576204      2.874956160088      2.606251222364
    6      3.855079924736     -3.630160436674      2.585385939110
    6      5.019059383499     -1.447136065799      2.569264183775
    6      6.325879873856      0.650295136417      2.592853309219
    6      1.365819620564     -0.795958411743      2.627652194635
    6      1.504472894253      0.598614607483      2.668831822497
    6      3.855700550468      4.913688237516      2.653167440640
    6      2.549921869966     -2.930762224774      2.592659423603
    6      3.747060094054     -0.736729879414      2.599970152168
    6      4.734433804935      1.498819967235      2.591345863909
    6      3.918189379723     -5.070532075057      2.637451803230
    6      4.972183820057     -2.826086195486      2.559157339786
    6      6.297146183344     -0.778258783903      2.578071061506
    1    1
