   3   1   1 E -5.7039689103401E+02 DE-1.7E-09( 16)
  0.370158621205E+01 -0.641133538787E+01  0.000000000000E+00
  0.370158621205E+01  0.641133538787E+01  0.000000000000E+00
  0.000000000000E+00  0.000000000000E+00  0.868503800000E+01
    1
  0.100000000000E+01  0.000000000000E+00  0.000000000000E+00
  0.000000000000E+00  0.100000000000E+01  0.000000000000E+00
  0.000000000000E+00  0.000000000000E+00  0.100000000000E+01
  0.000000000000E+00  0.000000000000E+00  0.000000000000E+00
   15
    6      2.464440977381     -1.426470185069      2.604921842019
    6      3.616743612362      0.715476752874      2.606685982033
    6      4.901158041062      2.912298749657      2.606511999155
    6      3.766392332299     -3.587189990289      2.603862555731
    6      4.986652454700     -1.467086531540      2.604276460702
    6      6.217328668936      0.683429236709      2.604798532859
    6      1.219683889479     -0.751232291428      2.605753609551
    6      2.267057171358      1.265358438289      2.610667746943
    6      3.783667927575      3.856541184792      2.609572279070
    6      2.496307983572     -2.854414937932      2.605161998366
    6      3.706214154023     -0.735912911212      2.605287826553
    6      4.887158960719      1.453530818304      2.606071331086
    6      3.736303110042     -4.987015141402      2.602602748050
    6      4.991683003984     -2.882772844300      2.602550780011
    6      6.184587105296     -0.742987531277      2.603945307871
    1    1
