   3   1   1 E -5.7062515126305E+02 DE 6.1E-10( 17)
  0.370158621205E+01 -0.641133538787E+01  0.000000000000E+00
  0.370158621205E+01  0.641133538787E+01  0.000000000000E+00
  0.000000000000E+00  0.000000000000E+00  0.868503800000E+01
    1
  0.100000000000E+01  0.000000000000E+00  0.000000000000E+00
  0.000000000000E+00  0.100000000000E+01  0.000000000000E+00
  0.000000000000E+00  0.000000000000E+00  0.100000000000E+01
  0.000000000000E+00  0.000000000000E+00  0.000000000000E+00
   15
    6      2.631419139395     -1.480841987100      2.633636012325
    6      3.424093299486      0.642683982021      2.594937103085
    6      4.886838164065      2.849122294979      2.598846589111
    6      3.757861154253     -3.575802317184      2.598487642237
    6      5.036756525844     -1.500053173497      2.606321328992
    6      6.347284658808      0.585996804313      2.599426772124
    6      1.432606444382     -0.921177935208      2.624343814102
    6      1.546048560690      0.878613714469      2.609383086816
    6      3.922888319823      4.959457161566      2.594173178238
    6      2.507130364776     -2.971821167715      2.614943382612
    6      3.720550918018     -0.761668010572      2.609801818533
    6      4.685509392183      1.477597735469      2.595945445944
    6      4.005154345028     -5.004725357387      2.592358222438
    6      4.980534470503     -2.905909731304      2.599096425277
    6      6.340703635536     -0.819919196670      2.610970178166
    1    1
