   3   1   1 E -5.7073354732658E+02 DE-1.9E-10( 18)
  0.370158621205E+01 -0.641133538787E+01  0.000000000000E+00
  0.370158621205E+01  0.641133538787E+01  0.000000000000E+00
  0.000000000000E+00  0.000000000000E+00  0.868503800000E+01
    1
  0.100000000000E+01  0.000000000000E+00  0.000000000000E+00
  0.000000000000E+00  0.100000000000E+01  0.000000000000E+00
  0.000000000000E+00  0.000000000000E+00  0.100000000000E+01
  0.000000000000E+00  0.000000000000E+00  0.000000000000E+00
   15
    6      2.600256001355     -1.511637535985      2.594805688467
    6      3.593716043657      0.655926889853      2.611254441716
    6      4.956197758059      2.895177345278      2.614430125316
    6      3.827715695112     -3.614362380861      2.570394151271
    6      5.038182829769     -1.470776815527      2.645046174250
    6      6.282418300061      0.664738838589      2.624497932262
    6      1.359749089716     -0.792702180545      2.606490984024
    6      1.443530418259      0.597890893893      2.583478210124
    6      3.855593681666      4.914734089644      2.595155780617
    6      2.527976890835     -2.916334437804      2.576905355346
    6      3.764120288575     -0.746345488313      2.625714040708
    6      4.809204585088      1.472716948111      2.627313759521
    6      3.880543061892     -5.054430136613      2.573248387936
    6      4.974995026494     -2.853882182491      2.603806295500
    6      6.311179722254     -0.789161031051      2.630129672941
    1    1
