   3   1   1 E -5.7070404124866E+02 DE-2.3E-10( 21)
  0.370158621205E+01 -0.641133538787E+01  0.000000000000E+00
  0.370158621205E+01  0.641133538787E+01  0.000000000000E+00
  0.000000000000E+00  0.000000000000E+00  0.868503800000E+01
    1
  0.100000000000E+01  0.000000000000E+00  0.000000000000E+00
  0.000000000000E+00  0.100000000000E+01  0.000000000000E+00
  0.000000000000E+00  0.000000000000E+00  0.100000000000E+01
  0.000000000000E+00  0.000000000000E+00  0.000000000000E+00
   15
    6      2.596965040649     -1.536777637307      2.629174147525
    6      3.491724423972      0.663833611958      2.608305603763
    6      4.944820666600      2.875224933343      2.599835819849
    6      3.814342595877     -3.620096212077      2.592629813084
    6      5.032410872013     -1.463810559220      2.603971234864
    6      6.329181182663      0.630134750518      2.573480225540
    6      1.381801935065     -0.854893983170      2.673241393783
    6      1.570630513482      0.691086027102      2.502739681364
    6      3.867266202855      4.934074075121      2.535688262106
    6      2.535987597058     -2.945588644166      2.616637527565
    6      3.752089058531     -0.737427993927      2.609833652251
    6      4.705823940246      1.507588390588      2.610617470824
    6      3.924639469135     -5.040610307423      2.680418736635
    6      4.966478356814     -2.859749333358      2.600348519497
    6      6.311217537829     -0.791434301803      2.645748911350
    1    1
