   3   1   1 E -5.7073967239836E+02 DE 2.0E-12( 10)
  0.370158621205E+01 -0.641133538787E+01  0.000000000000E+00
  0.370158621205E+01  0.641133538787E+01  0.000000000000E+00
  0.000000000000E+00  0.000000000000E+00  0.868503800000E+01
    1
  0.100000000000E+01  0.000000000000E+00  0.000000000000E+00
  0.000000000000E+00  0.100000000000E+01  0.000000000000E+00
  0.000000000000E+00  0.000000000000E+00  0.100000000000E+01
  0.000000000000E+00  0.000000000000E+00  0.000000000000E+00
   15
    6      2.579631941833     -1.489335483137      2.605506068597
    6      3.722615079916      0.646472177696      2.636987810554
    6      5.003181942036      2.864190255283      2.573625828516
    6      3.822524167174     -3.613406100060      2.580772197416
    6      5.040477944287     -1.503590076145      2.630820408261
    6      6.249413237320      0.666161872837      2.605368385295
    6      1.335872908454     -0.771427414683      2.605344308509
    6      1.334251580900      0.618545176348      2.586165871249
    6      3.832943355302      4.946560265821      2.624705055521
    6      2.533741006790     -2.894430062192      2.562307393900
    6      3.773454233600     -0.747012130910      2.648821272321
    6      4.908976561146      1.440005886944      2.605453227446
    6      3.818868879034     -5.052986807643      2.597014014490
    6      4.983979561299     -2.877461927338      2.605999031155
    6      6.285446993699     -0.780732816643      2.613780126769
    1    1
