   3   1   1 E -5.7072548178069E+02 DE 9.2E-08( 24)
  0.370158621205E+01 -0.641133538787E+01  0.000000000000E+00
  0.370158621205E+01  0.641133538787E+01  0.000000000000E+00
  0.000000000000E+00  0.000000000000E+00  0.868503800000E+01
    1
  0.100000000000E+01  0.000000000000E+00  0.000000000000E+00
  0.000000000000E+00  0.100000000000E+01  0.000000000000E+00
  0.000000000000E+00  0.000000000000E+00  0.100000000000E+01
  0.000000000000E+00  0.000000000000E+00  0.000000000000E+00
   15
    6      2.580698486362     -1.541929734901      2.658425331538
    6      3.506517879351      0.673212074897      2.619032194253
    6      4.984851115055      2.870037848203      2.607276490712
    6      3.854768170110     -3.636809076554      2.590860392420
    6      5.018079955196     -1.447664614371      2.607556279642
    6      6.327917315773      0.642718545080      2.558656015371
    6      1.373544427223     -0.788057086954      2.674107239239
    6      1.510607702197      0.602840372917      2.537512862487
    6      3.862240793703      4.917323321052      2.671046097548
    6      2.555243745472     -2.936646116579      2.644599613661
    6      3.745619698989     -0.732191267766      2.647498239987
    6      4.723465435722      1.502505007927      2.576621732717
    6      3.924043128146     -5.074940221717      2.531462208167
    6      4.969521020116     -2.825299378075      2.561079340980
    6      6.288260519375     -0.773546856981      2.596936961280
    1    1
