   3   1   1 E -5.7047439662824E+02 DE 7.7E-11( 20)
  0.370158621205E+01 -0.641133538787E+01  0.000000000000E+00
  0.370158621205E+01  0.641133538787E+01  0.000000000000E+00
  0.000000000000E+00  0.000000000000E+00  0.868503800000E+01
    1
  0.100000000000E+01  0.000000000000E+00  0.000000000000E+00
  0.000000000000E+00  0.100000000000E+01  0.000000000000E+00
  0.000000000000E+00  0.000000000000E+00  0.100000000000E+01
  0.000000000000E+00  0.000000000000E+00  0.000000000000E+00
   15
    6      2.506060049716     -1.462241420109      2.604860292716
    6      3.574801727794      0.718570397282      2.606617472424
    6      4.894307319469      2.925383919282      2.606251342278
    6      3.756542905996     -3.584821750957      2.603800100085
    6      4.962475347842     -1.463085244132      2.604048246192
    6      6.231446540663      0.672733124047      2.604718340051
    6      1.194265707556     -0.927783689142      2.606846883818
    6      2.204648495319      1.238025229433      2.609963957986
    6      3.913030508855      4.121165679742      2.609094906859
    6      2.505953090265     -2.873610975656      2.604974577877
    6      3.695704253658     -0.741423965732      2.605111104971
    6      4.864838585714      1.480031101472      2.606039368110
    6      3.750357960549     -4.979294311336      2.603205628793
    6      4.986097834440     -2.886663296783      2.603093937494
    6      6.184849064955     -0.785431981232      2.604044840346
    1    1
