   3   1   1 E -5.7073967161248E+02 DE 6.5E-10(  8)
  0.370158621205E+01 -0.641133538787E+01  0.000000000000E+00
  0.370158621205E+01  0.641133538787E+01  0.000000000000E+00
  0.000000000000E+00  0.000000000000E+00  0.868503800000E+01
    1
  0.100000000000E+01  0.000000000000E+00  0.000000000000E+00
  0.000000000000E+00  0.100000000000E+01  0.000000000000E+00
  0.000000000000E+00  0.000000000000E+00  0.100000000000E+01
  0.000000000000E+00  0.000000000000E+00  0.000000000000E+00
   15
    6      2.579676627628     -1.489615968704      2.605541075040
    6      3.721431348978      0.646623913430      2.637163933855
    6      5.002859307014      2.864454646574      2.573459550948
    6      3.822722930575     -3.613439140890      2.580621241046
    6      5.040323916626     -1.503237059403      2.630880533916
    6      6.250055757433      0.666007846070      2.605364875113
    6      1.336004246736     -0.771749089482      2.605297215387
    6      1.335110773343      0.618345659174      2.586033135662
    6      3.833181025751      4.946041561625      2.624857226360
    6      2.533811645845     -2.894595601950      2.562039297215
    6      3.773329033649     -0.746912020058      2.649090881427
    6      4.907570634719      1.440587933188      2.605445585308
    6      3.819713905390     -5.053055353022      2.597045103564
    6      4.983992175805     -2.877138740223      2.606036772762
    6      6.285596063298     -0.780765770150      2.613794572398
    1    1
