   3   1   1 E -5.7038188001259E+02 DE 9.8E-12( 22)
  0.370158621205E+01 -0.641133538787E+01  0.000000000000E+00
  0.370158621205E+01  0.641133538787E+01  0.000000000000E+00
  0.000000000000E+00  0.000000000000E+00  0.868503800000E+01
    1
  0.100000000000E+01  0.000000000000E+00  0.000000000000E+00
  0.000000000000E+00  0.100000000000E+01  0.000000000000E+00
  0.000000000000E+00  0.000000000000E+00  0.100000000000E+01
  0.000000000000E+00  0.000000000000E+00  0.000000000000E+00
   15
    6      2.426477242557     -1.411942722069      2.605222255278
    6      3.600654689509      0.720836352527      2.606972727201
    6      4.887690686594      2.926886304051      2.606694438409
    6      3.799617052294     -3.611156042093      2.603645773891
    6      5.024261117829     -1.483892406162      2.604021256682
    6      6.239962204297      0.672324427060      2.604514307275
    6      1.188974494603     -0.711988764812      2.605176620694
    6      2.279284589727      1.284316417295      2.610688882260
    6      3.764055778047      3.820007679095      2.609671838291
    6      2.511795504465     -2.868221708766      2.605200096062
    6      3.727133874502     -0.740542666390      2.605285070334
    6      4.910642993350      1.437646388166      2.606039637407
    6      3.715800580448     -4.986212964891      2.602856744667
    6      4.971173996488     -2.871467414558      2.602410073169
    6      6.177854588078     -0.725040062273      2.604271278381
    1    1
