   3   1   1 E -5.7071705260940E+02 DE 1.5E-09( 12)
  0.370158621205E+01 -0.641133538787E+01  0.000000000000E+00
  0.370158621205E+01  0.641133538787E+01  0.000000000000E+00
  0.000000000000E+00  0.000000000000E+00  0.868503800000E+01
    1
  0.100000000000E+01  0.000000000000E+00  0.000000000000E+00
  0.000000000000E+00  0.100000000000E+01  0.000000000000E+00
  0.000000000000E+00  0.000000000000E+00  0.100000000000E+01
  0.000000000000E+00  0.000000000000E+00  0.000000000000E+00
   15
    6      2.585607229196     -1.537489175978      2.619058708864
    6      3.499249186636      0.663979025868      2.618753040204
    6      4.958715141781      2.870910100843      2.604389697879
    6      3.829346907372     -3.622509504365      2.584162364727
    6      5.026041943225     -1.453102194707      2.594304961513
    6      6.335601887306      0.635030166784      2.582033914897
    6      1.372586776039     -0.840912122986      2.660048127961
    6      1.554039396485      0.651699826449      2.580326636063
    6      3.857148270508      4.929930599336      2.530521491140
    6      2.542712745528     -2.942160942350      2.608437281098
    6      3.746017204761     -0.732959364066      2.604217094268
    6      4.712618962197      1.505688886223      2.615171700636
    6      3.931880083207     -5.047375475679      2.658212195627
    6      4.967166394122     -2.844840810923      2.588930416695
    6      6.306647264427     -0.784336198270      2.634103368428
    1    1
