   3   1   1 E -5.7073934881227E+02 DE 2.3E-09( 13)
  0.370158621205E+01 -0.641133538787E+01  0.000000000000E+00
  0.370158621205E+01  0.641133538787E+01  0.000000000000E+00
  0.000000000000E+00  0.000000000000E+00  0.868503800000E+01
    1
  0.100000000000E+01  0.000000000000E+00  0.000000000000E+00
  0.000000000000E+00  0.100000000000E+01  0.000000000000E+00
  0.000000000000E+00  0.000000000000E+00  0.100000000000E+01
  0.000000000000E+00  0.000000000000E+00  0.000000000000E+00
   15
    6      2.579838915192     -1.489060220941      2.604872112857
    6      3.723832245247      0.646155038480      2.636116390674
    6      4.997014391131      2.870867774476      2.568968208961
    6      3.820337058176     -3.613601947919      2.580374855616
    6      5.042144152563     -1.504547665439      2.631122918836
    6      6.251346910836      0.664230506377      2.606497227295
    6      1.336361811177     -0.771748394752      2.606070944222
    6      1.334199427513      0.618811127191      2.588085129076
    6      3.837395589281      4.941534980942      2.627001331084
    6      2.532433877749     -2.893681636524      2.559875633605
    6      3.774880714112     -0.746811902477      2.649903929429
    6      4.904975666040      1.444536369652      2.602897082055
    6      3.819514885248     -5.053648808423      2.597977296236
    6      4.982246659329     -2.877637731616      2.606245447383
    6      6.288857089194     -0.783844672849      2.616662492669
    1    1
