   3   1   1 E -5.7073455005427E+02 DE-1.6E-09( 19)
  0.370158621205E+01 -0.641133538787E+01  0.000000000000E+00
  0.370158621205E+01  0.641133538787E+01  0.000000000000E+00
  0.000000000000E+00  0.000000000000E+00  0.868503800000E+01
    1
  0.100000000000E+01  0.000000000000E+00  0.000000000000E+00
  0.000000000000E+00  0.100000000000E+01  0.000000000000E+00
  0.000000000000E+00  0.000000000000E+00  0.100000000000E+01
  0.000000000000E+00  0.000000000000E+00  0.000000000000E+00
   15
    6      2.603130852484     -1.491203748697      2.588501526857
    6      3.682488173855      0.645995221311      2.627410155421
    6      4.945593436971      2.912130354005      2.566715507463
    6      3.806889979392     -3.606973006020      2.634859813760
    6      5.055983691033     -1.502639408387      2.639528315836
    6      6.232551643633      0.678137351464      2.634100676131
    6      1.354157888284     -0.772290397096      2.576554105431
    6      1.371421909133      0.604389705052      2.571278553677
    6      3.857129084024      4.923429238452      2.556889392519
    6      2.511756553744     -2.900551540127      2.557822012608
    6      3.782293784556     -0.757577260170      2.650065840489
    6      4.890913610420      1.445801436507      2.609461763433
    6      3.835587956797     -5.048316867690      2.595535717192
    6      4.982128936352     -2.882564059631      2.658821370987
    6      6.313351892112     -0.796214202793      2.615126248194
    1    1
