   3   1   1 E -5.7073186144500E+02 DE-1.3E-09( 14)
  0.370158621205E+01 -0.641133538787E+01  0.000000000000E+00
  0.370158621205E+01  0.641133538787E+01  0.000000000000E+00
  0.000000000000E+00  0.000000000000E+00  0.868503800000E+01
    1
  0.100000000000E+01  0.000000000000E+00  0.000000000000E+00
  0.000000000000E+00  0.100000000000E+01  0.000000000000E+00
  0.000000000000E+00  0.000000000000E+00  0.100000000000E+01
  0.000000000000E+00  0.000000000000E+00  0.000000000000E+00
   15
    6      2.598196166731     -1.522915044471      2.601333871123
    6      3.553549888319      0.662804597630      2.600795609178
    6      4.961780708041      2.887623231593      2.595579422346
    6      3.835993606952     -3.620672146638      2.603023861813
    6      5.032073772603     -1.460100994287      2.610358713892
    6      6.302597508960      0.656925082660      2.622018363593
    6      1.364817320492     -0.799123529852      2.611864952779
    6      1.476143753203      0.603483465809      2.609014340405
    6      3.857118652018      4.912002753913      2.584284679646
    6      2.535400276740     -2.924586973194      2.589947901852
    6      3.758091215197     -0.741257716683      2.621934820832
    6      4.770985141969      1.485760340267      2.610816848888
    6      3.897994506342     -5.059837533296      2.599855012742
    6      4.971957436987     -2.843147843252      2.610175370960
    6      6.308679438234     -0.785404874021      2.611667229950
    1    1
