   3   1   1 E -5.7060364886587E+02 DE 1.5E-09( 20)
  0.370158621205E+01 -0.641133538787E+01  0.000000000000E+00
  0.370158621205E+01  0.641133538787E+01  0.000000000000E+00
  0.000000000000E+00  0.000000000000E+00  0.868503800000E+01
    1
  0.100000000000E+01  0.000000000000E+00  0.000000000000E+00
  0.000000000000E+00  0.100000000000E+01  0.000000000000E+00
  0.000000000000E+00  0.000000000000E+00  0.100000000000E+01
  0.000000000000E+00  0.000000000000E+00  0.000000000000E+00
   15
    6      2.684773484318     -1.492471198923      2.631587704471
    6      3.415754825389      0.638254378614      2.595509460857
    6      4.862673507880      2.871664010771      2.597180447104
    6      3.745234398233     -3.576229868217      2.600473849324
    6      5.052881460113     -1.506382885500      2.607460298296
    6      6.329823423511      0.597143166025      2.601994913883
    6      1.454704502217     -0.943963799912      2.626046579118
    6      1.511917062438      0.887773426044      2.607527097793
    6      3.923663856417      4.985597159190      2.592583660250
    6      2.498760150746     -2.967905657013      2.614150778520
    6      3.741943692539     -0.772717545229      2.610869773818
    6      4.667728447956      1.493933615492      2.596182332715
    6      3.982264786689     -5.003654022650      2.591763566558
    6      4.983773685672     -2.922594393222      2.598683874666
    6      6.369482108673     -0.836893569290      2.610656662625
    1    1
