   3   1   1 E -5.7073937512127E+02 DE-3.8E-09( 11)
  0.370158621205E+01 -0.641133538787E+01  0.000000000000E+00
  0.370158621205E+01  0.641133538787E+01  0.000000000000E+00
  0.000000000000E+00  0.000000000000E+00  0.868503800000E+01
    1
  0.100000000000E+01  0.000000000000E+00  0.000000000000E+00
  0.000000000000E+00  0.100000000000E+01  0.000000000000E+00
  0.000000000000E+00  0.000000000000E+00  0.100000000000E+01
  0.000000000000E+00  0.000000000000E+00  0.000000000000E+00
   15
    6      2.578873705921     -1.489276374126      2.604249458844
    6      3.722453670038      0.646591137014      2.637256316168
    6      5.002840902675      2.865416972727      2.573290928518
    6      3.823439935152     -3.613621186784      2.581202738193
    6      5.040614559659     -1.502623636782      2.631003836675
    6      6.251051550676      0.665596804000      2.606379443232
    6      1.334678461828     -0.772006998719      2.604117679074
    6      1.333882856286      0.617293474223      2.585464825302
    6      3.832951810816      4.944958048918      2.624035584881
    6      2.533968905571     -2.894433857694      2.560618934892
    6      3.773208457709     -0.746448782002      2.648209012155
    6      4.906587362569      1.441635970577      2.606762819557
    6      3.820158045310     -5.053743802639      2.597564269372
    6      4.984297482967     -2.876840361259      2.608217760438
    6      6.286371685614     -0.780944591276      2.614297392699
    1    1
