   3   1   1 E -5.7069903466504E+02 DE-1.0E-08( 17)
  0.370158621205E+01 -0.641133538787E+01  0.000000000000E+00
  0.370158621205E+01  0.641133538787E+01  0.000000000000E+00
  0.000000000000E+00  0.000000000000E+00  0.868503800000E+01
    1
  0.100000000000E+01  0.000000000000E+00  0.000000000000E+00
  0.000000000000E+00  0.100000000000E+01  0.000000000000E+00
  0.000000000000E+00  0.000000000000E+00  0.100000000000E+01
  0.000000000000E+00  0.000000000000E+00  0.000000000000E+00
   15
    6      2.537147942052     -1.552714859228      2.608691677232
    6      3.507361246893      0.699353411326      2.623329671117
    6      5.003298998456      2.849192083892      2.621762202962
    6      3.850109683636     -3.630907782547      2.606522594867
    6      5.004292641861     -1.443508822994      2.596807006934
    6      6.355735345518      0.605521174647      2.612040114740
    6      1.368958497713     -0.796623282242      2.532174399193
    6      1.554119831877      0.599135354854      2.703739265127
    6      3.842123191971      4.874381121568      2.703358511260
    6      2.567552493596     -2.951728473158      2.611939432418
    6      3.729054860723     -0.710620766593      2.612684024297
    6      4.722822852305      1.498017522810      2.603789824582
    6      3.977947095542     -5.058131211841      2.504766386358
    6      4.956686885669     -2.776744713981      2.589222778135
    6      6.248167824977     -0.753067940335      2.551843110779
    1    1
