   3   1   1 E -5.6984012157083E+02 DE-2.4E-11( 26)
  0.370158621205E+01 -0.641133538787E+01  0.000000000000E+00
  0.370158621205E+01  0.641133538787E+01  0.000000000000E+00
  0.000000000000E+00  0.000000000000E+00  0.868503800000E+01
    1
  0.100000000000E+01  0.000000000000E+00  0.000000000000E+00
  0.000000000000E+00  0.100000000000E+01  0.000000000000E+00
  0.000000000000E+00  0.000000000000E+00  0.100000000000E+01
  0.000000000000E+00  0.000000000000E+00  0.000000000000E+00
   15
    6      2.613349612599     -1.575655485502      2.610752143652
    6      3.404145091621      0.598126932141      2.601281261566
    6      4.806555817512      2.953212501617      2.598441635644
    6      3.726523471167     -3.649121999772      2.607453899518
    6      5.186739328736     -1.570332897427      2.608664569161
    6      6.219411073847      0.688297765794      2.614375305066
    6      1.760877565932     -0.378786685476      2.616740544202
    6      1.616094284858      0.460546210518      2.587475455349
    6      3.850168990889      4.884856995439      2.593694574386
    6      2.441131598199     -2.973851307072      2.607234934263
    6      3.906402433596     -0.834088828329      2.609278761189
    6      4.626573327225      1.568077536408      2.605649910994
    6      3.749209440038     -5.005968678798      2.608370107262
    6      5.038724494273     -3.018922362039      2.606039040708
    6      6.279472862297     -0.694836881323      2.607218857040
    1    1
