   3   1   1 E -5.7068171614133E+02 DE-5.3E-11( 17)
  0.370158621205E+01 -0.641133538787E+01  0.000000000000E+00
  0.370158621205E+01  0.641133538787E+01  0.000000000000E+00
  0.000000000000E+00  0.000000000000E+00  0.868503800000E+01
    1
  0.100000000000E+01  0.000000000000E+00  0.000000000000E+00
  0.000000000000E+00  0.100000000000E+01  0.000000000000E+00
  0.000000000000E+00  0.000000000000E+00  0.100000000000E+01
  0.000000000000E+00  0.000000000000E+00  0.000000000000E+00
   15
    6      2.594831160655     -1.532608102381      2.636897006493
    6      3.480294356221      0.667476611445      2.593101119453
    6      4.904516003478      2.879405082939      2.604022153496
    6      3.779774021813     -3.595615355888      2.607027105051
    6      5.063632681634     -1.494820805496      2.611004765954
    6      6.329599179869      0.598639238940      2.603171431149
    6      1.400276593957     -0.905110629320      2.635428558306
    6      1.598532026381      0.772166451348      2.547918571378
    6      3.856526433176      4.935862649805      2.565602933498
    6      2.516834097678     -2.958469182829      2.622828281575
    6      3.768601162414     -0.747479956619      2.615672950316
    6      4.692462088887      1.501592000243      2.593672129489
    6      3.936204826194     -5.011950121863      2.626891250592
    6      4.979224980212     -2.863371174881      2.605060761474
    6      6.324069780221     -0.794163889264      2.614371981776
    1    1
