   3   1   1 E -5.7073881667718E+02 DE-6.9E-10( 13)
  0.370158621205E+01 -0.641133538787E+01  0.000000000000E+00
  0.370158621205E+01  0.641133538787E+01  0.000000000000E+00
  0.000000000000E+00  0.000000000000E+00  0.868503800000E+01
    1
  0.100000000000E+01  0.000000000000E+00  0.000000000000E+00
  0.000000000000E+00  0.100000000000E+01  0.000000000000E+00
  0.000000000000E+00  0.000000000000E+00  0.100000000000E+01
  0.000000000000E+00  0.000000000000E+00  0.000000000000E+00
   15
    6      2.582445624689     -1.492489240429      2.609822115191
    6      3.715898580493      0.647967660005      2.640353933933
    6      4.983110491143      2.883094150960      2.573178499698
    6      3.815410599494     -3.618245184404      2.556002854966
    6      5.046867457387     -1.510776754656      2.639668878571
    6      6.246453058558      0.665651264521      2.602059199167
    6      1.343138927119     -0.763940635333      2.609038414006
    6      1.339928204574      0.629259122612      2.579924953038
    6      3.847801977699      4.939928655469      2.654917593183
    6      2.528023683588     -2.894722360116      2.552928659347
    6      3.778057196782     -0.748661260108      2.661529288737
    6      4.901760495507      1.447379835794      2.613714431481
    6      3.820652599450     -5.058364186784      2.593326892898
    6      4.981368806692     -2.885210918558      2.573451626123
    6      6.294461689617     -0.789317332794      2.622753659662
    1    1
