   3   1   1 E -5.7073967193649E+02 DE 5.7E-09( 13)
  0.370158621205E+01 -0.641133538787E+01  0.000000000000E+00
  0.370158621205E+01  0.641133538787E+01  0.000000000000E+00
  0.000000000000E+00  0.000000000000E+00  0.868503800000E+01
    1
  0.100000000000E+01  0.000000000000E+00  0.000000000000E+00
  0.000000000000E+00  0.100000000000E+01  0.000000000000E+00
  0.000000000000E+00  0.000000000000E+00  0.100000000000E+01
  0.000000000000E+00  0.000000000000E+00  0.000000000000E+00
   15
    6      2.579773510525     -1.489375545601      2.605527689602
    6      3.722681962952      0.646551255107      2.637460972767
    6      5.003104802503      2.864392362114      2.574896521624
    6      3.822478690817     -3.613510213252      2.579748153301
    6      5.040611386732     -1.503693569919      2.629970623460
    6      6.249222354887      0.666145479370      2.605877199044
    6      1.336134036585     -0.771288718844      2.605723299763
    6      1.333901504093      0.618439534394      2.586015327753
    6      3.833147521564      4.946649103358      2.624917029611
    6      2.533736757562     -2.894471230405      2.561894024797
    6      3.773691116255     -0.747006822487      2.649040753628
    6      4.908836219269      1.440079910447      2.605792728542
    6      3.818666993867     -5.053102171654      2.596953972561
    6      4.983945104165     -2.877544468443      2.604334716855
    6      6.285447431014     -0.780712088005      2.614517986692
    1    1
