   3   1   1 E -5.7050057690310E+02 DE 6.5E-11( 19)
  0.370158621205E+01 -0.641133538787E+01  0.000000000000E+00
  0.370158621205E+01  0.641133538787E+01  0.000000000000E+00
  0.000000000000E+00  0.000000000000E+00  0.868503800000E+01
    1
  0.100000000000E+01  0.000000000000E+00  0.000000000000E+00
  0.000000000000E+00  0.100000000000E+01  0.000000000000E+00
  0.000000000000E+00  0.000000000000E+00  0.100000000000E+01
  0.000000000000E+00  0.000000000000E+00  0.000000000000E+00
   15
    6      2.554757592642     -1.484237129375      2.605011607466
    6      3.532167653935      0.723431168117      2.606426848643
    6      4.874962560436      2.942367486475      2.605978100935
    6      3.752549614594     -3.610030784302      2.603923292220
    6      4.970972665962     -1.482682041867      2.604164375107
    6      6.233220759399      0.651089095233      2.605087160962
    6      1.282954607105     -0.913783903461      2.607064054437
    6      2.163179420986      1.256031444121      2.608591347524
    6      3.865970311190      4.266270807719      2.608066126381
    6      2.505764082752     -2.896678154553      2.604667466774
    6      3.697501098078     -0.749161910260      2.605000206901
    6      4.831651587598      1.501852776187      2.606037828456
    6      3.759590615223     -5.009930815001      2.604284730195
    6      4.979284698351     -2.912520417620      2.603572950606
    6      6.220852124539     -0.830464805233      2.604794903394
    1    1
