   3   1   1 E -5.7042287994346E+02 DE-1.3E-10( 16)
  0.370158621205E+01 -0.641133538787E+01  0.000000000000E+00
  0.370158621205E+01  0.641133538787E+01  0.000000000000E+00
  0.000000000000E+00  0.000000000000E+00  0.868503800000E+01
    1
  0.100000000000E+01  0.000000000000E+00  0.000000000000E+00
  0.000000000000E+00  0.100000000000E+01  0.000000000000E+00
  0.000000000000E+00  0.000000000000E+00  0.100000000000E+01
  0.000000000000E+00  0.000000000000E+00  0.000000000000E+00
   15
    6      2.485067663998     -1.441292364934      2.604706788346
    6      3.597091215687      0.718672375294      2.606576824007
    6      4.893792352511      2.920969442855      2.606373691113
    6      3.759980330623     -3.582466227066      2.603955779653
    6      4.973310052035     -1.465542176744      2.604308602734
    6      6.226622845064      0.677474375644      2.604631910585
    6      1.228210545961     -0.825887716539      2.606575485469
    6      2.232708990232      1.238683441812      2.610656196021
    6      3.838085578674      3.966818142317      2.609476265395
    6      2.501584274977     -2.862278959371      2.605056592773
    6      3.706703799278     -0.737454342197      2.605163660046
    6      4.877625190786      1.463451235827      2.605972835003
    6      3.742893007211     -4.976688907581      2.602683077829
    6      4.984725225749     -2.881629017508      2.602776505484
    6      6.176978320002     -0.761276485628      2.603756785541
    1    1
