   3   1   1 E -5.7072060542608E+02 DE-9.0E-09( 14)
  0.370158621205E+01 -0.641133538787E+01  0.000000000000E+00
  0.370158621205E+01  0.641133538787E+01  0.000000000000E+00
  0.000000000000E+00  0.000000000000E+00  0.868503800000E+01
    1
  0.100000000000E+01  0.000000000000E+00  0.000000000000E+00
  0.000000000000E+00  0.100000000000E+01  0.000000000000E+00
  0.000000000000E+00  0.000000000000E+00  0.100000000000E+01
  0.000000000000E+00  0.000000000000E+00  0.000000000000E+00
   15
    6      2.576633397858     -1.537907225434      2.613473105555
    6      3.504231417319      0.667977756701      2.573205883386
    6      4.974843525590      2.866352705892      2.621638148331
    6      3.840853036354     -3.627302583527      2.622250683040
    6      5.022753948959     -1.450113454007      2.598121614445
    6      6.336299164392      0.633831866098      2.633841010185
    6      1.376871716770     -0.813588122974      2.622096167094
    6      1.527508013968      0.612553106610      2.455223806602
    6      3.858143627849      4.928560107357      2.655985195254
    6      2.550273031598     -2.940739205695      2.612602970646
    6      3.745250390997     -0.729772186089      2.602674974483
    6      4.714799248464      1.503062749221      2.613385163018
    6      3.935569572739     -5.057334042222      2.656699040369
    6      4.966243670334     -2.829716693639      2.599608238216
    6      6.295105629598     -0.774311962113      2.601864999376
    1    1
