   3   1   1 E -5.7045739940769E+02 DE-1.3E-08( 19)
  0.370158621205E+01 -0.641133538787E+01  0.000000000000E+00
  0.370158621205E+01  0.641133538787E+01  0.000000000000E+00
  0.000000000000E+00  0.000000000000E+00  0.868503800000E+01
    1
  0.100000000000E+01  0.000000000000E+00  0.000000000000E+00
  0.000000000000E+00  0.100000000000E+01  0.000000000000E+00
  0.000000000000E+00  0.000000000000E+00  0.100000000000E+01
  0.000000000000E+00  0.000000000000E+00  0.000000000000E+00
   15
    6      2.661120731332     -1.614645326018      2.612109572144
    6      3.394412157248      0.660657355107      2.601147515878
    6      4.803094235287      2.962490645444      2.599223699689
    6      3.746793247412     -3.642634113309      2.607285295598
    6      5.146002880553     -1.557673435612      2.608266396035
    6      6.225463176856      0.702965884498      2.613485834117
    6      1.688082373657     -0.983322860375      2.634297219512
    6      1.553960901488      1.024743087763      2.568945081150
    6      3.937385589585      4.876849205443      2.595566190211
    6      2.450579883466     -2.960555175309      2.607218602361
    6      3.887691502123     -0.815867997610      2.609123345361
    6      4.634590662652      1.556005370863      2.605285904737
    6      3.759674063974     -5.030018112724      2.607529625386
    6      5.034411188275     -2.989019205341      2.605943231241
    6      6.302116798882     -0.738422506642      2.607243486582
    1    1
