   3   1   1 E -5.7073096537655E+02 DE 1.5E-10( 17)
  0.370158621205E+01 -0.641133538787E+01  0.000000000000E+00
  0.370158621205E+01  0.641133538787E+01  0.000000000000E+00
  0.000000000000E+00  0.000000000000E+00  0.868503800000E+01
    1
  0.100000000000E+01  0.000000000000E+00  0.000000000000E+00
  0.000000000000E+00  0.100000000000E+01  0.000000000000E+00
  0.000000000000E+00  0.000000000000E+00  0.100000000000E+01
  0.000000000000E+00  0.000000000000E+00  0.000000000000E+00
   15
    6      2.594328494086     -1.527305101802      2.604503671028
    6      3.537714172566      0.664042710737      2.616979893049
    6      4.964850468022      2.882799754252      2.596748552788
    6      3.841218625905     -3.622167624535      2.600364559196
    6      5.029221950432     -1.454364570466      2.601193517991
    6      6.313726737017      0.654152674555      2.599060672164
    6      1.364360624250     -0.802943356573      2.617923172046
    6      1.487884049922      0.602224169042      2.609377666551
    6      3.854213541795      4.912705301106      2.609319299965
    6      2.538688474259     -2.927762132913      2.592111940595
    6      3.753930396260     -0.739060319768      2.613662890403
    6      4.755927007896      1.490582182571      2.609891530901
    6      3.908501287004     -5.060995172676      2.594935098590
    6      4.971889064565     -2.837396191309      2.605982568562
    6      6.308924498810     -0.782959506043      2.610615966172
    1    1
