   3   1   1 E -5.7072995603667E+02 DE-2.3E-09( 15)
  0.370158621205E+01 -0.641133538787E+01  0.000000000000E+00
  0.370158621205E+01  0.641133538787E+01  0.000000000000E+00
  0.000000000000E+00  0.000000000000E+00  0.868503800000E+01
    1
  0.100000000000E+01  0.000000000000E+00  0.000000000000E+00
  0.000000000000E+00  0.100000000000E+01  0.000000000000E+00
  0.000000000000E+00  0.000000000000E+00  0.100000000000E+01
  0.000000000000E+00  0.000000000000E+00  0.000000000000E+00
   15
    6      2.592109928241     -1.534808518361      2.601536752575
    6      3.523722363982      0.668625287348      2.620752651227
    6      4.971134683155      2.879682775383      2.584115501095
    6      3.846720293984     -3.628212039847      2.601461307909
    6      5.027370476482     -1.453639816563      2.612154449452
    6      6.317856952474      0.650209743349      2.608367110429
    6      1.370435516357     -0.796541981267      2.603938331376
    6      1.495168857029      0.603626584145      2.629955399684
    6      3.857939729219      4.914162043182      2.606090413334
    6      2.544031019623     -2.930780196381      2.588433311913
    6      3.754478617570     -0.738237800338      2.601705063617
    6      4.740778480681      1.495983573186      2.600177018509
    6      3.910226090139     -5.067572877235      2.616573943416
    6      4.971323132072     -2.831838422467      2.602619325372
    6      6.302083251783     -0.779105537954      2.604790420093
    1    1
