   3   1   1 E -5.7057379944281E+02 DE-5.1E-11( 20)
  0.370158621205E+01 -0.641133538787E+01  0.000000000000E+00
  0.370158621205E+01  0.641133538787E+01  0.000000000000E+00
  0.000000000000E+00  0.000000000000E+00  0.868503800000E+01
    1
  0.100000000000E+01  0.000000000000E+00  0.000000000000E+00
  0.000000000000E+00  0.100000000000E+01  0.000000000000E+00
  0.000000000000E+00  0.000000000000E+00  0.100000000000E+01
  0.000000000000E+00  0.000000000000E+00  0.000000000000E+00
   15
    6      2.678510141049     -1.505094755200      2.604994905798
    6      3.478032075221      0.711417757051      2.605617070962
    6      4.802849555769      2.987429327422      2.605240656619
    6      3.693182277009     -3.650196506721      2.604293430736
    6      5.011795604595     -1.524354368627      2.604849153629
    6      6.249945554580      0.598149230246      2.606286975100
    6      1.313200138278     -0.965412920111      2.609123302338
    6      2.036660336254      1.170690358956      2.605745065635
    6      3.929667913160      4.749267834280      2.605489699154
    6      2.465191995415     -2.916214989212      2.604274893847
    6      3.759778992006     -0.762092998550      2.604864177616
    6      4.761960581436      1.537399566422      2.606042954222
    6      3.768121878808     -5.055919652076      2.605166893939
    6      4.939327378681     -2.970983476146      2.604407488943
    6      6.337154970528     -0.952531591556      2.606274331461
    1    1
