   3   1   1 E -5.7037533776247E+02 DE-7.6E-10( 18)
  0.370158621205E+01 -0.641133538787E+01  0.000000000000E+00
  0.370158621205E+01  0.641133538787E+01  0.000000000000E+00
  0.000000000000E+00  0.000000000000E+00  0.868503800000E+01
    1
  0.100000000000E+01  0.000000000000E+00  0.000000000000E+00
  0.000000000000E+00  0.100000000000E+01  0.000000000000E+00
  0.000000000000E+00  0.000000000000E+00  0.100000000000E+01
  0.000000000000E+00  0.000000000000E+00  0.000000000000E+00
   15
    6      2.439189131537     -1.408066724163      2.605511278297
    6      3.663722878679      0.732842202736      2.605512632521
    6      4.900118991879      2.871780339654      2.605511687116
    6      3.747706358776     -3.588930275048      2.605510302096
    6      4.979972882673     -1.449421891224      2.605510760375
    6      6.208239637634      0.689287924931      2.605511065217
    6      1.207583137629     -0.700037464836      2.605511303884
    6      2.426919583773      1.442614717681      2.605515597910
    6      3.667207275612      3.588293326732      2.605511376898
    6      2.469281698640     -2.850355404851      2.605511287250
    6      3.701878789352     -0.711751191045      2.605511173586
    6      4.930066505289      1.427994138752      2.605511880591
    6      3.726204882159     -5.003244398561      2.605509632923
    6      4.964436425175     -2.865233532054      2.605509990700
    6      6.192851213983     -0.724218952525      2.605511030634
    1    1
