   3   1   1 E -5.7055463517355E+02 DE-7.5E-10( 19)
  0.370158621205E+01 -0.641133538787E+01  0.000000000000E+00
  0.370158621205E+01  0.641133538787E+01  0.000000000000E+00
  0.000000000000E+00  0.000000000000E+00  0.868503800000E+01
    1
  0.100000000000E+01  0.000000000000E+00  0.000000000000E+00
  0.000000000000E+00  0.100000000000E+01  0.000000000000E+00
  0.000000000000E+00  0.000000000000E+00  0.100000000000E+01
  0.000000000000E+00  0.000000000000E+00  0.000000000000E+00
   15
    6      2.575657845712     -1.502921162484      2.604837795087
    6      3.510920159585      0.732435916319      2.606363555405
    6      4.861977009621      2.951253384260      2.605891856993
    6      3.743368885709     -3.616499492027      2.603979994247
    6      4.967404948149     -1.489681401413      2.604248205287
    6      6.250593794714      0.634076308565      2.605256704734
    6      1.238861527155     -0.981051214250      2.607605052056
    6      2.145145678728      1.244991188889      2.608131726028
    6      3.930640943877      4.428542632299      2.607656669228
    6      2.498846905476     -2.913923669352      2.604570906597
    6      3.725141891013     -0.740508790319      2.604945706708
    6      4.820727509047      1.507800685760      2.606032520788
    6      3.763679028000     -5.009260921637      2.604513040073
    6      4.956165323179     -2.909467318558      2.603710361021
    6      6.236247942825     -0.884233329872      2.604926905748
    1    1
