   3   1   1 E -5.7073591125717E+02 DE-8.7E-10( 15)
  0.370158621205E+01 -0.641133538787E+01  0.000000000000E+00
  0.370158621205E+01  0.641133538787E+01  0.000000000000E+00
  0.000000000000E+00  0.000000000000E+00  0.868503800000E+01
    1
  0.100000000000E+01  0.000000000000E+00  0.000000000000E+00
  0.000000000000E+00  0.100000000000E+01  0.000000000000E+00
  0.000000000000E+00  0.000000000000E+00  0.100000000000E+01
  0.000000000000E+00  0.000000000000E+00  0.000000000000E+00
   15
    6      2.601260354922     -1.494152821469      2.597935072830
    6      3.678910410500      0.648091410113      2.621900296091
    6      4.948649243851      2.909590016339      2.577392272275
    6      3.808396934118     -3.610866709238      2.604966133869
    6      5.055621145026     -1.503413305661      2.644307068267
    6      6.235348099631      0.676010983745      2.626309233790
    6      1.355373111025     -0.770340082097      2.585198774137
    6      1.372571020846      0.611505074022      2.565381405327
    6      3.857816781267      4.925679061886      2.582701223113
    6      2.513801176041     -2.902184305086      2.564367284450
    6      3.782364201132     -0.756334922746      2.656090710975
    6      4.886289794782      1.448070581188      2.611675172405
    6      3.836006571676     -5.051743800691      2.585113120195
    6      4.981731289376     -2.883207550223      2.638804112168
    6      6.311239258597     -0.795150813903      2.620529120108
    1    1
