   3   1   1 E -5.7073750233273E+02 DE 4.0E-11( 18)
  0.370158621205E+01 -0.641133538787E+01  0.000000000000E+00
  0.370158621205E+01  0.641133538787E+01  0.000000000000E+00
  0.000000000000E+00  0.000000000000E+00  0.868503800000E+01
    1
  0.100000000000E+01  0.000000000000E+00  0.000000000000E+00
  0.000000000000E+00  0.100000000000E+01  0.000000000000E+00
  0.000000000000E+00  0.000000000000E+00  0.100000000000E+01
  0.000000000000E+00  0.000000000000E+00  0.000000000000E+00
   15
    6      2.594510663177     -1.496566548300      2.609452877284
    6      3.669487227183      0.648991348748      2.650139161831
    6      4.966747131272      2.893609991466      2.580848542566
    6      3.815506760527     -3.614079423345      2.582989690799
    6      5.043597536985     -1.497384042402      2.631116848381
    6      6.255413279812      0.665779985603      2.606980511363
    6      1.357517584025     -0.772431893094      2.604937537579
    6      1.379329701452      0.602824599719      2.582337690362
    6      3.857660387989      4.932591006787      2.605865891206
    6      2.526389784034     -2.902052182269      2.570018915630
    6      3.776354302625     -0.748429649347      2.656491472508
    6      4.866834566302      1.455220781019      2.613236422702
    6      3.842054930585     -5.052571280840      2.609141931749
    6      4.975492616541     -2.873528168785      2.571373665748
    6      6.298482920280     -0.790421708783      2.607739840291
    1    1
