   3   1   1 E -5.7037618917201E+02 DE 1.6E-09( 19)
  0.370158621205E+01 -0.641133538787E+01  0.000000000000E+00
  0.370158621205E+01  0.641133538787E+01  0.000000000000E+00
  0.000000000000E+00  0.000000000000E+00  0.868503800000E+01
    1
  0.100000000000E+01  0.000000000000E+00  0.000000000000E+00
  0.000000000000E+00  0.100000000000E+01  0.000000000000E+00
  0.000000000000E+00  0.000000000000E+00  0.100000000000E+01
  0.000000000000E+00  0.000000000000E+00  0.000000000000E+00
   15
    6      2.433144365783     -1.406341143976      2.605507366286
    6      3.655274235194      0.732953468545      2.605538992650
    6      4.896402432450      2.877991397103      2.605529401220
    6      3.756691499852     -3.592797447652      2.605478306154
    6      4.988263671990     -1.455038969566      2.605485857464
    6      6.217421235644      0.684600940911      2.605492973569
    6      1.199652026604     -0.698814310789      2.605506940944
    6      2.410482845411      1.428667255376      2.605611120709
    6      3.674843388841      3.612019116766      2.605574065737
    6      2.474638765402     -2.853527606672      2.605506054375
    6      3.705847931805     -0.715265392748      2.605508851220
    6      4.930865671210      1.427198358841      2.605519120047
    6      3.726211439915     -4.999643337541      2.605464358824
    6      4.964756934399     -2.865529100109      2.605455947816
    6      6.190882948290     -0.724920412310      2.605491642983
    1    1
