   3   1   1 E -5.7073925516276E+02 DE 1.3E-09( 15)
  0.370158621205E+01 -0.641133538787E+01  0.000000000000E+00
  0.370158621205E+01  0.641133538787E+01  0.000000000000E+00
  0.000000000000E+00  0.000000000000E+00  0.868503800000E+01
    1
  0.100000000000E+01  0.000000000000E+00  0.000000000000E+00
  0.000000000000E+00  0.100000000000E+01  0.000000000000E+00
  0.000000000000E+00  0.000000000000E+00  0.100000000000E+01
  0.000000000000E+00  0.000000000000E+00  0.000000000000E+00
   15
    6      2.582030525489     -1.489209968222      2.603339563157
    6      3.720442643173      0.646617442918      2.650821232057
    6      4.994091654736      2.873488030590      2.576449463206
    6      3.818994406674     -3.614055662595      2.576118065425
    6      5.040718345795     -1.503711936565      2.618447729923
    6      6.251473093729      0.664033486626      2.612637710994
    6      1.338358275516     -0.771216486049      2.608811265782
    6      1.339234833881      0.617735578868      2.594845379111
    6      3.841767171883      4.938177537842      2.617489207272
    6      2.532683038703     -2.893613814992      2.557520636031
    6      3.774701231395     -0.746460017892      2.646946632528
    6      4.902319098132      1.446234920029      2.616980709776
    6      3.819884696294     -5.053726122241      2.601126935784
    6      4.979887116138     -2.877216727905      2.597158962174
    6      6.288793261250     -0.785523444232      2.603977506779
    1    1
