   3   1   1 E -5.7047859721382E+02 DE-2.7E-10( 23)
  0.370158621205E+01 -0.641133538787E+01  0.000000000000E+00
  0.370158621205E+01  0.641133538787E+01  0.000000000000E+00
  0.000000000000E+00  0.000000000000E+00  0.868503800000E+01
    1
  0.100000000000E+01  0.000000000000E+00  0.000000000000E+00
  0.000000000000E+00  0.100000000000E+01  0.000000000000E+00
  0.000000000000E+00  0.000000000000E+00  0.100000000000E+01
  0.000000000000E+00  0.000000000000E+00  0.000000000000E+00
   15
    6      2.529035637361     -1.482266141347      2.604907658442
    6      3.535448411154      0.733612657132      2.606665354112
    6      4.877302630415      2.936017866292      2.606289770795
    6      3.760739886657     -3.602270526786      2.603834852188
    6      4.962146698840     -1.478801555555      2.604111773328
    6      6.238316449640      0.654830137676      2.604779070898
    6      1.295994587713     -0.927396812193      2.606900095620
    6      2.197007630490      1.286790780913      2.609076061757
    6      3.855172221416      4.190356610483      2.608488747584
    6      2.512432870486     -2.896640144009      2.604688798012
    6      3.689069881740     -0.744875743446      2.605016191886
    6      4.847949602480      1.491801527146      2.606031906651
    6      3.755035906731     -4.996645663233      2.604031778278
    6      4.973293856282     -2.899523731752      2.603261182844
    6      6.196433121384     -0.813436445143      2.604587757604
    1    1
