   3   1   1 E -5.7073928983031E+02 DE 1.4E-09( 14)
  0.370158621205E+01 -0.641133538787E+01  0.000000000000E+00
  0.370158621205E+01  0.641133538787E+01  0.000000000000E+00
  0.000000000000E+00  0.000000000000E+00  0.868503800000E+01
    1
  0.100000000000E+01  0.000000000000E+00  0.000000000000E+00
  0.000000000000E+00  0.100000000000E+01  0.000000000000E+00
  0.000000000000E+00  0.000000000000E+00  0.100000000000E+01
  0.000000000000E+00  0.000000000000E+00  0.000000000000E+00
   15
    6      2.579544407574     -1.487309836373      2.606038240778
    6      3.729436600486      0.645015169070      2.631302074700
    6      4.997847373891      2.870604657133      2.561991145717
    6      3.819297527337     -3.612703769506      2.580653208323
    6      5.042165109109     -1.504983140646      2.638859507827
    6      6.250071262773      0.664152142082      2.598740397332
    6      1.336449965219     -0.770983291208      2.605778535923
    6      1.329728475379      0.614501989228      2.586459546542
    6      3.837617164366      4.942251536953      2.625469580802
    6      2.532591675581     -2.892279780991      2.558260113523
    6      3.775657293796     -0.746491813739      2.653203037742
    6      4.907750406137      1.443724835271      2.601654401478
    6      3.817002763703     -5.052666399397      2.595973927431
    6      4.981815077763     -2.877640167965      2.623513620165
    6      6.288404289676     -0.783639313735      2.614773661717
    1    1
