   3   1   1 E -5.7073935757503E+02 DE 1.5E-10( 14)
  0.370158621205E+01 -0.641133538787E+01  0.000000000000E+00
  0.370158621205E+01  0.641133538787E+01  0.000000000000E+00
  0.000000000000E+00  0.000000000000E+00  0.868503800000E+01
    1
  0.100000000000E+01  0.000000000000E+00  0.000000000000E+00
  0.000000000000E+00  0.100000000000E+01  0.000000000000E+00
  0.000000000000E+00  0.000000000000E+00  0.100000000000E+01
  0.000000000000E+00  0.000000000000E+00  0.000000000000E+00
   15
    6      2.581040327770     -1.489056942526      2.604948261624
    6      3.723820132612      0.646609728652      2.637708675660
    6      4.998379010707      2.870032735910      2.575999424231
    6      3.820472330567     -3.613569376312      2.581392357591
    6      5.041055639446     -1.504481371010      2.631043964085
    6      6.250173575930      0.664772471530      2.603696023876
    6      1.336983645352     -0.771915342836      2.605635466484
    6      1.334751646517      0.619096362268      2.586567762157
    6      3.837752278037      4.941326311669      2.624415313680
    6      2.533012766246     -2.893722907868      2.560202771327
    6      3.774780772338     -0.746909850109      2.649775246924
    6      4.905983361257      1.443836437704      2.607044229980
    6      3.818186790942     -5.053250924125      2.596439805327
    6      4.981989161058     -2.877826589754      2.605599617343
    6      6.286997954010     -0.783387927015      2.612202079710
    1    1
