   3   1   1 E -5.7040424148230E+02 DE-2.3E-10( 17)
  0.370158621205E+01 -0.641133538787E+01  0.000000000000E+00
  0.370158621205E+01  0.641133538787E+01  0.000000000000E+00
  0.000000000000E+00  0.000000000000E+00  0.868503800000E+01
    1
  0.100000000000E+01  0.000000000000E+00  0.000000000000E+00
  0.000000000000E+00  0.100000000000E+01  0.000000000000E+00
  0.000000000000E+00  0.000000000000E+00  0.100000000000E+01
  0.000000000000E+00  0.000000000000E+00  0.000000000000E+00
   15
    6      2.471974802429     -1.431585939999      2.604749079799
    6      3.610352872554      0.716536798966      2.606428908415
    6      4.898571240936      2.915614717747      2.606233828564
    6      3.763871299988     -3.585063216871      2.604015898163
    6      4.981725750977     -1.466417192834      2.604370675292
    6      6.220453259856      0.681514572128      2.604909288327
    6      1.225608383543     -0.774712050513      2.605957566353
    6      2.254019552930      1.253382894405      2.611157353952
    6      3.801312985329      3.892467471275      2.609913815672
    6      2.498193152702     -2.856950642866      2.605212964841
    6      3.706908908199     -0.736233693555      2.605293681629
    6      4.883728775700      1.456657813409      2.606048711533
    6      3.738484633714     -4.982854914392      2.602198718858
    6      4.989198618713     -2.882161665481      2.602752499251
    6      6.180975155220     -0.748642135243      2.603428009352
    1    1
