   3   1   1 E -5.7072575845212E+02 DE 3.4E-10( 16)
  0.370158621205E+01 -0.641133538787E+01  0.000000000000E+00
  0.370158621205E+01  0.641133538787E+01  0.000000000000E+00
  0.000000000000E+00  0.000000000000E+00  0.868503800000E+01
    1
  0.100000000000E+01  0.000000000000E+00  0.000000000000E+00
  0.000000000000E+00  0.100000000000E+01  0.000000000000E+00
  0.000000000000E+00  0.000000000000E+00  0.100000000000E+01
  0.000000000000E+00  0.000000000000E+00  0.000000000000E+00
   15
    6      2.586271532876     -1.542496823189      2.609212385596
    6      3.509666388762      0.672711273872      2.622834691439
    6      4.983655208805      2.873784142759      2.603582906745
    6      3.858758706596     -3.637309726384      2.581937801692
    6      5.016576497697     -1.445899312221      2.565947805869
    6      6.324857841893      0.649490706267      2.569311216305
    6      1.369362322214     -0.787388735029      2.629993940868
    6      1.506063319058      0.602473216669      2.669200061799
    6      3.860003863088      4.911865016697      2.680944875146
    6      2.554320288099     -2.932945222823      2.600372798109
    6      3.746398892024     -0.734865139534      2.600431655705
    6      4.729949493025      1.501969751339      2.577060126709
    6      3.917679382159     -5.078445007305      2.655874331586
    6      4.971593016745     -2.825363628018      2.549319569291
    6      6.290222639750     -0.776027696921      2.566646833139
    1    1
