   3   1   1 E -5.7073840484445E+02 DE 8.8E-11( 20)
  0.370158621205E+01 -0.641133538787E+01  0.000000000000E+00
  0.370158621205E+01  0.641133538787E+01  0.000000000000E+00
  0.000000000000E+00  0.000000000000E+00  0.868503800000E+01
    1
  0.100000000000E+01  0.000000000000E+00  0.000000000000E+00
  0.000000000000E+00  0.100000000000E+01  0.000000000000E+00
  0.000000000000E+00  0.000000000000E+00  0.100000000000E+01
  0.000000000000E+00  0.000000000000E+00  0.000000000000E+00
   15
    6      2.582084259053     -1.493274606763      2.608015527444
    6      3.714704005643      0.648699498682      2.644457716075
    6      4.982105125838      2.884249295055      2.580430488255
    6      3.815672828972     -3.619960351970      2.548419979803
    6      5.046662752953     -1.511647285327      2.645616124458
    6      6.246007820640      0.666369065136      2.602123554303
    6      1.342612979812     -0.762577194123      2.609519176617
    6      1.341518630027      0.634496375438      2.574175946748
    6      3.848642972295      4.938731757450      2.669501766017
    6      2.527813038440     -2.894791273519      2.546021368510
    6      3.777313607439     -0.748678319656      2.662633172069
    6      4.902257347128      1.447859428141      2.614386032705
    6      3.821411401941     -5.060296241167      2.590459270510
    6      4.982178992716     -2.887577254796      2.560688801968
    6      6.294393629893     -0.790050076401      2.626222074518
    1    1
