   3   1   1 E -5.7073936939430E+02 DE 2.2E-09( 11)
  0.370158621205E+01 -0.641133538787E+01  0.000000000000E+00
  0.370158621205E+01  0.641133538787E+01  0.000000000000E+00
  0.000000000000E+00  0.000000000000E+00  0.868503800000E+01
    1
  0.100000000000E+01  0.000000000000E+00  0.000000000000E+00
  0.000000000000E+00  0.100000000000E+01  0.000000000000E+00
  0.000000000000E+00  0.000000000000E+00  0.100000000000E+01
  0.000000000000E+00  0.000000000000E+00  0.000000000000E+00
   15
    6      2.580266837414     -1.488638429491      2.606610959199
    6      3.724546770615      0.646327833930      2.640576461465
    6      5.000429036954      2.868067214542      2.574491447640
    6      3.821466251217     -3.613242731327      2.576524354841
    6      5.040712555560     -1.503837044276      2.630212274679
    6      6.250018358081      0.665336754441      2.606981278831
    6      1.335825336772     -0.772134361162      2.607885754665
    6      1.333652427838      0.617904224571      2.585981291974
    6      3.835739482670      4.942855760414      2.624866915759
    6      2.533385955806     -2.893746159423      2.561331109880
    6      3.774092699209     -0.746733805942      2.651135014498
    6      4.907337320644      1.442508735677      2.605889123343
    6      3.818409024947     -5.052963269586      2.596538609140
    6      4.982952458921     -2.877782729886      2.601015286239
    6      6.286544876141     -0.782369176303      2.612631117847
    1    1
