   3   1   1 E -5.7056908788105E+02 DE 6.5E-11( 19)
  0.370158621205E+01 -0.641133538787E+01  0.000000000000E+00
  0.370158621205E+01  0.641133538787E+01  0.000000000000E+00
  0.000000000000E+00  0.000000000000E+00  0.868503800000E+01
    1
  0.100000000000E+01  0.000000000000E+00  0.000000000000E+00
  0.000000000000E+00  0.100000000000E+01  0.000000000000E+00
  0.000000000000E+00  0.000000000000E+00  0.100000000000E+01
  0.000000000000E+00  0.000000000000E+00  0.000000000000E+00
   15
    6      2.729570557464     -1.624147488934      2.610657500999
    6      3.402658714221      0.674722232092      2.600581030657
    6      4.808722069437      2.958431449501      2.599845281630
    6      3.740561584549     -3.636746274999      2.607305288303
    6      5.123734287553     -1.544921455640      2.608177908017
    6      6.225377371364      0.678128521936      2.612696079596
    6      1.537787400829     -0.961450496507      2.635478328224
    6      1.620640370358      1.066841139779      2.570276258835
    6      3.924729988377      4.884429239509      2.598914639447
    6      2.471289180459     -2.975568763345      2.606385672448
    6      3.851895267185     -0.807357503955      2.608637962526
    6      4.645690667982      1.552342581826      2.604593059873
    6      3.782194462925     -5.027282914592      2.606189270310
    6      5.016082287586     -2.983969698489      2.605400254018
    6      6.344445182502     -0.801897752003      2.607532465116
    1    1
