   3   1   1 E -5.7059698841878E+02 DE 1.2E-10( 18)
  0.370158621205E+01 -0.641133538787E+01  0.000000000000E+00
  0.370158621205E+01  0.641133538787E+01  0.000000000000E+00
  0.000000000000E+00  0.000000000000E+00  0.868503800000E+01
    1
  0.100000000000E+01  0.000000000000E+00  0.000000000000E+00
  0.000000000000E+00  0.100000000000E+01  0.000000000000E+00
  0.000000000000E+00  0.000000000000E+00  0.100000000000E+01
  0.000000000000E+00  0.000000000000E+00  0.000000000000E+00
   15
    6      2.694008943938     -1.581766024061      2.612615215944
    6      3.425054582820      0.685833917056      2.599761135270
    6      4.829478429796      2.936983072713      2.600519397747
    6      3.738790894469     -3.632133285163      2.606338162121
    6      5.087704996727     -1.535748066684      2.607335928501
    6      6.248800053515      0.639123215262      2.610172980472
    6      1.425080384304     -0.940611749912      2.626303454314
    6      1.731151414563      1.102804089694      2.581431931018
    6      3.921876107060      4.857292356761      2.608756056993
    6      2.482126426768     -2.975410060721      2.606515488373
    6      3.800620471856     -0.785851920212      2.607839512783
    6      4.681757997005      1.529655538410      2.602935423903
    6      3.816260021449     -5.032087051057      2.601249340461
    6      4.990337749243     -2.970914349270      2.604093654717
    6      6.352330919278     -0.845616866637      2.606803317382
    1    1
