   3   1   1 E -5.7047565332725E+02 DE-4.2E-07( 29)
  0.370158621205E+01 -0.641133538787E+01  0.000000000000E+00
  0.370158621205E+01  0.641133538787E+01  0.000000000000E+00
  0.000000000000E+00  0.000000000000E+00  0.868503800000E+01
    1
  0.100000000000E+01  0.000000000000E+00  0.000000000000E+00
  0.000000000000E+00  0.100000000000E+01  0.000000000000E+00
  0.000000000000E+00  0.000000000000E+00  0.100000000000E+01
  0.000000000000E+00  0.000000000000E+00  0.000000000000E+00
   15
    6      2.511150975832     -1.491460515753      2.605052211904
    6      3.522152389880      0.733045204384      2.606830563155
    6      4.886821416921      2.935068141981      2.606441396975
    6      3.765437913704     -3.600878116398      2.603838727993
    6      4.958083015172     -1.477157307121      2.604039870419
    6      6.246899069320      0.656688972461      2.604623708700
    6      1.101231258359     -1.151432433960      2.606945373834
    6      2.211369632682      1.298755740975      2.608935047441
    6      4.047894073945      4.417995980110      2.608224970469
    6      2.517450236843     -2.904128856752      2.604595939966
    6      3.679604880682     -0.745259964278      2.604972140718
    6      4.851132805996      1.505107841232      2.606016861158
    6      3.749968059067     -4.991254883004      2.604151252553
    6      4.974405822778     -2.896876881882      2.603166545664
    6      6.201777841608     -0.836660105817      2.604836389054
    1    1
