   3   1   1 E -5.7073938262582E+02 DE 7.4E-10( 11)
  0.370158621205E+01 -0.641133538787E+01  0.000000000000E+00
  0.370158621205E+01  0.641133538787E+01  0.000000000000E+00
  0.000000000000E+00  0.000000000000E+00  0.868503800000E+01
    1
  0.100000000000E+01  0.000000000000E+00  0.000000000000E+00
  0.000000000000E+00  0.100000000000E+01  0.000000000000E+00
  0.000000000000E+00  0.000000000000E+00  0.100000000000E+01
  0.000000000000E+00  0.000000000000E+00  0.000000000000E+00
   15
    6      2.579897444464     -1.489556147880      2.606226697503
    6      3.721834219066      0.646737764170      2.637779855226
    6      5.002655947259      2.864935620790      2.575006067936
    6      3.822638784080     -3.613435782215      2.580258846558
    6      5.040582639073     -1.503412922586      2.630698452364
    6      6.249797048296      0.665997132783      2.605067831521
    6      1.336116222029     -0.771896201688      2.605795664396
    6      1.334436512592      0.618345240315      2.585567110789
    6      3.833431111471      4.945893592595      2.624155498615
    6      2.533724608360     -2.894617128473      2.562638931923
    6      3.773644582277     -0.746928056412      2.649938727600
    6      4.907559654219      1.440717878179      2.605396943707
    6      3.819315585148     -5.053052205311      2.596783343790
    6      4.984006816481     -2.877334997108      2.604571737312
    6      6.285738217975     -0.780840970980      2.612785290761
    1    1
