   3   1   1 E -5.7064613253995E+02 DE-4.7E-10( 18)
  0.370158621205E+01 -0.641133538787E+01  0.000000000000E+00
  0.370158621205E+01  0.641133538787E+01  0.000000000000E+00
  0.000000000000E+00  0.000000000000E+00  0.868503800000E+01
    1
  0.100000000000E+01  0.000000000000E+00  0.000000000000E+00
  0.000000000000E+00  0.100000000000E+01  0.000000000000E+00
  0.000000000000E+00  0.000000000000E+00  0.100000000000E+01
  0.000000000000E+00  0.000000000000E+00  0.000000000000E+00
   15
    6      2.647664593423     -1.525103630687      2.623677762509
    6      3.462693421666      0.652067890459      2.605908213389
    6      4.860267329062      2.899531030138      2.598411234223
    6      3.739439553114     -3.593743507418      2.606616479721
    6      5.093052390077     -1.527765618118      2.603471448010
    6      6.298093876783      0.602286852728      2.611830664137
    6      1.449400574928     -0.933228536064      2.617978621457
    6      1.595732147847      0.857736212885      2.584060357616
    6      3.895639306966      4.982554122378      2.636822837314
    6      2.492415876889     -2.960647921295      2.610788808384
    6      3.801794057116     -0.768704461484      2.608322893609
    6      4.667180284382      1.509054294224      2.602946336742
    6      3.888433345715     -5.003631086496      2.581557841165
    6      4.979509626310     -2.924564985337      2.593378908163
    6      6.354063008514     -0.814287839734      2.596898593559
    1    1
