   3   1   1 E -5.7073938337966E+02 DE-2.4E-10( 11)
  0.370158621205E+01 -0.641133538787E+01  0.000000000000E+00
  0.370158621205E+01  0.641133538787E+01  0.000000000000E+00
  0.000000000000E+00  0.000000000000E+00  0.868503800000E+01
    1
  0.100000000000E+01  0.000000000000E+00  0.000000000000E+00
  0.000000000000E+00  0.100000000000E+01  0.000000000000E+00
  0.000000000000E+00  0.000000000000E+00  0.100000000000E+01
  0.000000000000E+00  0.000000000000E+00  0.000000000000E+00
   15
    6      2.579769425127     -1.489588100151      2.605574514417
    6      3.721541042107      0.646715558334      2.637470251713
    6      5.002908580938      2.864619331923      2.574290005364
    6      3.822768187362     -3.613510097017      2.580122286178
    6      5.040320055570     -1.503229474160      2.630648980316
    6      6.249920225295      0.666039257593      2.605596982513
    6      1.336008578720     -0.771740425906      2.605422109152
    6      1.334935293368      0.618249256949      2.585791732209
    6      3.833299827295      4.945963075371      2.624809773360
    6      2.533852360691     -2.894594318777      2.561927478162
    6      3.773390716379     -0.746878457368      2.649186831125
    6      4.907585799470      1.440630258016      2.605657791760
    6      3.819535085197     -5.053145688295      2.596965378311
    6      4.983984468505     -2.877200678220      2.605164713084
    6      6.285559746766     -0.780776682114      2.614042172337
    1    1
