   3   1   1 E -5.7067632731831E+02 DE 1.2E-09( 13)
  0.370158621205E+01 -0.641133538787E+01  0.000000000000E+00
  0.370158621205E+01  0.641133538787E+01  0.000000000000E+00
  0.000000000000E+00  0.000000000000E+00  0.868503800000E+01
    1
  0.100000000000E+01  0.000000000000E+00  0.000000000000E+00
  0.000000000000E+00  0.100000000000E+01  0.000000000000E+00
  0.000000000000E+00  0.000000000000E+00  0.100000000000E+01
  0.000000000000E+00  0.000000000000E+00  0.000000000000E+00
   15
    6      3.547132770676      4.871636671359      2.602963545178
    6      2.357577976886     -1.273698729639      2.608639896190
    6      3.619128499659      1.017202918237      2.594499641302
    6      5.114541341879      2.862863579771      2.632439711192
    6      3.864171554377     -3.891022441854      2.619445949875
    6      6.075678696199      0.499366206382      2.597452291528
    6      0.973314059438     -0.662969876378      2.603871395294
    6      2.777203255440      2.476532949664      2.598367104846
    6      3.812195199548      3.460002756901      2.604635753793
    6      2.623164839626     -2.840735003368      2.616940578159
    6      3.381763325242     -0.311370701806      2.593937093730
    6      4.986315619326      1.438117793498      2.597253944038
    6      3.695177102053     -5.370899457592      2.604873411818
    6      5.206486119907     -3.498162959173      2.604014830999
    6      5.957666961850     -0.913975501957      2.603335852056
    1    1
