   3   1   1 E -5.7067688515958E+02 DE 5.2E-11( 12)
  0.370158621205E+01 -0.641133538787E+01  0.000000000000E+00
  0.370158621205E+01  0.641133538787E+01  0.000000000000E+00
  0.000000000000E+00  0.000000000000E+00  0.868503800000E+01
    1
  0.100000000000E+01  0.000000000000E+00  0.000000000000E+00
  0.000000000000E+00  0.100000000000E+01  0.000000000000E+00
  0.000000000000E+00  0.000000000000E+00  0.100000000000E+01
  0.000000000000E+00  0.000000000000E+00  0.000000000000E+00
   15
    6      3.550832020829      4.868423115728      2.605853926868
    6      2.356381758250     -1.272326507702      2.605598254147
    6      3.606189086742      1.028777569762      2.605190260633
    6      5.118115163532      2.860021913291      2.605367027522
    6      3.860162267238     -3.877000135851      2.605429501017
    6      6.073996179475      0.498467826988      2.605651534153
    6      0.984836141598     -0.678793058899      2.606019883341
    6      2.776224723422      2.466156392456      2.605092020742
    6      3.815049473032      3.455334828402      2.605377324697
    6      2.632854576628     -2.848999801000      2.605489684076
    6      3.370029491465     -0.300301033067      2.605352445833
    6      4.982110944741      1.433873974689      2.605458266963
    6      3.688587358497     -5.361260771872      2.605741558530
    6      5.208756393511     -3.485750727054      2.605109308883
    6      5.967391743146     -0.923735381824      2.605940002596
    1    1
