   3   1   1 E -5.7067669674310E+02 DE 3.1E-11( 15)
  0.370158621205E+01 -0.641133538787E+01  0.000000000000E+00
  0.370158621205E+01  0.641133538787E+01  0.000000000000E+00
  0.000000000000E+00  0.000000000000E+00  0.868503800000E+01
    1
  0.100000000000E+01  0.000000000000E+00  0.000000000000E+00
  0.000000000000E+00  0.100000000000E+01  0.000000000000E+00
  0.000000000000E+00  0.000000000000E+00  0.100000000000E+01
  0.000000000000E+00  0.000000000000E+00  0.000000000000E+00
   15
    6      3.548969164131      4.871643500111      2.604470589963
    6      2.357225234607     -1.272835445471      2.608073634631
    6      3.613202586616      1.022919170892      2.608190980590
    6      5.114825120717      2.862763389030      2.598242871969
    6      3.863730930543     -3.885995394461      2.598195193318
    6      6.071836788969      0.498736898256      2.611898215533
    6      0.980046167462     -0.669522659341      2.605666828767
    6      2.776914839419      2.467581303799      2.599719797424
    6      3.813986212594      3.459330751924      2.599694765337
    6      2.628030695484     -2.844351888015      2.609608100431
    6      3.374690354342     -0.304717281881      2.618063985913
    6      4.983339063528      1.436649340009      2.612753923075
    6      3.692197729547     -5.369493837295      2.605303721122
    6      5.209964518417     -3.491439698363      2.596985268677
    6      5.962557915732     -0.918379945148      2.605803123251
    1    1
