   3   1   1 E -5.7059239079664E+02 DE 8.8E-09( 15)
  0.370158621205E+01 -0.641133538787E+01  0.000000000000E+00
  0.370158621205E+01  0.641133538787E+01  0.000000000000E+00
  0.000000000000E+00  0.000000000000E+00  0.868503800000E+01
    1
  0.100000000000E+01  0.000000000000E+00  0.000000000000E+00
  0.000000000000E+00  0.100000000000E+01  0.000000000000E+00
  0.000000000000E+00  0.000000000000E+00  0.100000000000E+01
  0.000000000000E+00  0.000000000000E+00  0.000000000000E+00
   15
    6      3.533608834134      4.792814356634      2.603524817209
    6      2.382057616140     -1.369225893766      2.596657016477
    6      3.433593316913      0.907236367939      2.645647193195
    6      5.038471987389      2.845422197509      2.606377999001
    6      3.975096902040     -3.736723779951      2.586866476787
    6      6.114172629187      0.553902775814      2.592006651156
    6      1.034009761317     -0.877343884403      2.598377681081
    6      2.798799612485      2.340975088792      2.606785835074
    6      3.805321393602      3.381473250283      2.621139929207
    6      2.523283220837     -2.839676075004      2.602874285390
    6      3.417031660252     -0.403114337748      2.589513794559
    6      4.964086102199      1.473119292081      2.608055942478
    6      3.594324258516     -5.090093437604      2.639001011357
    6      5.326867367729     -3.319158893589      2.585057882595
    6      6.050792659366     -0.796718822944      2.600784484434
    1    1
