   3   1   1 E -5.7041852020070E+02 DE 1.2E-10( 17)
  0.370158621205E+01 -0.641133538787E+01  0.000000000000E+00
  0.370158621205E+01  0.641133538787E+01  0.000000000000E+00
  0.000000000000E+00  0.000000000000E+00  0.868503800000E+01
    1
  0.100000000000E+01  0.000000000000E+00  0.000000000000E+00
  0.000000000000E+00  0.100000000000E+01  0.000000000000E+00
  0.000000000000E+00  0.000000000000E+00  0.100000000000E+01
  0.000000000000E+00  0.000000000000E+00  0.000000000000E+00
   15
    6      3.618750648492      4.934596292490      2.603972580130
    6      2.470252338087     -1.381609915755      2.604993262859
    6      3.644975873645      0.783503717704      2.604562479140
    6      4.965124485500      2.867851311866      2.604707108889
    6      3.776499465956     -3.617229974878      2.607302669261
    6      6.144227340493      0.661177233841      2.605279367009
    6      1.151073788057     -0.766571075886      2.603452531359
    6      2.519992966568      1.645302226992      2.598469052510
    6      3.750863396789      3.520262952125      2.602996011241
    6      2.504003766413     -2.840789356815      2.606819464867
    6      3.681850066615     -0.612783091493      2.604666536538
    6      4.950615092274      1.465391698605      2.603991683660
    6      3.663581763583     -5.047391565990      2.611085393521
    6      5.079683401935     -3.015016044903      2.616734379949
    6      6.070022927699     -0.733806203856      2.603638479068
    1    1
