   3   1   1 E -5.7067684349215E+02 DE-1.4E-10( 11)
  0.370158621205E+01 -0.641133538787E+01  0.000000000000E+00
  0.370158621205E+01  0.641133538787E+01  0.000000000000E+00
  0.000000000000E+00  0.000000000000E+00  0.868503800000E+01
    1
  0.100000000000E+01  0.000000000000E+00  0.000000000000E+00
  0.000000000000E+00  0.100000000000E+01  0.000000000000E+00
  0.000000000000E+00  0.000000000000E+00  0.100000000000E+01
  0.000000000000E+00  0.000000000000E+00  0.000000000000E+00
   15
    6      3.550725856051      4.868308144953      2.606095837457
    6      2.356008859482     -1.271919061590      2.605416070615
    6      3.606086405847      1.028920969359      2.604892044836
    6      5.118230866909      2.860025446583      2.605685880076
    6      3.860428394722     -3.877052877664      2.605175544672
    6      6.073933411117      0.498441396956      2.605767025779
    6      0.984581202574     -0.678545218301      2.605860787057
    6      2.776576523583      2.465962343101      2.605102802371
    6      3.815136992594      3.455193943006      2.605867959120
    6      2.632813475958     -2.848996559299      2.605565720315
    6      3.369702806338     -0.300082714129      2.604983631917
    6      4.982219792063      1.433877630635      2.605702579706
    6      3.688619432598     -5.361588892959      2.605576668022
    6      5.209037165312     -3.485785751857      2.604909675664
    6      5.967416136957     -0.923870594749      2.606068772393
    1    1
