   3   1   1 E -5.7067136814751E+02 DE 9.4E-10( 15)
  0.370158621205E+01 -0.641133538787E+01  0.000000000000E+00
  0.370158621205E+01  0.641133538787E+01  0.000000000000E+00
  0.000000000000E+00  0.000000000000E+00  0.868503800000E+01
    1
  0.100000000000E+01  0.000000000000E+00  0.000000000000E+00
  0.000000000000E+00  0.100000000000E+01  0.000000000000E+00
  0.000000000000E+00  0.000000000000E+00  0.100000000000E+01
  0.000000000000E+00  0.000000000000E+00  0.000000000000E+00
   15
    6      3.564185957065      4.874807928548      2.618842594826
    6      2.378586588475     -1.306483989479      2.619633329236
    6      3.604775672607      1.007568193754      2.608214695297
    6      5.102206327968      2.866755707857      2.611172183903
    6      3.900381053442     -3.910387846243      2.609589580228
    6      6.065091637319      0.502575232741      2.602657333162
    6      0.972012282095     -0.681930449492      2.612659379569
    6      2.768455381428      2.460716748137      2.582529844491
    6      3.804566286302      3.445112044688      2.623971292060
    6      2.597212520532     -2.815853860726      2.588376987391
    6      3.354606702000     -0.309046202554      2.621939939548
    6      4.979916475267      1.443054723261      2.603399673627
    6      3.709696591216     -5.376460205881      2.610298947837
    6      5.212592419340     -3.416967950500      2.554900793659
    6      5.977231427050     -0.920571870067      2.614484425167
    1    1
