   3   1   1 E -5.7067683530674E+02 DE 5.4E-10( 13)
  0.370158621205E+01 -0.641133538787E+01  0.000000000000E+00
  0.370158621205E+01  0.641133538787E+01  0.000000000000E+00
  0.000000000000E+00  0.000000000000E+00  0.868503800000E+01
    1
  0.100000000000E+01  0.000000000000E+00  0.000000000000E+00
  0.000000000000E+00  0.100000000000E+01  0.000000000000E+00
  0.000000000000E+00  0.000000000000E+00  0.100000000000E+01
  0.000000000000E+00  0.000000000000E+00  0.000000000000E+00
   15
    6      3.549691698543      4.867895908771      2.605403673687
    6      2.355391215273     -1.271003686171      2.605112871035
    6      3.606964772103      1.029287575196      2.607088180545
    6      5.118225377686      2.860409091848      2.604540586654
    6      3.861054898841     -3.877494098343      2.608450500845
    6      6.073396439700      0.498199255652      2.603733293799
    6      0.983618221620     -0.677796768230      2.607013044042
    6      2.777065391866      2.465579793728      2.605610874409
    6      3.815443258608      3.454994107001      2.603689516584
    6      2.632998917290     -2.848713495757      2.605231519302
    6      3.369707570846     -0.299787198785      2.606182099698
    6      4.982751103920      1.434590407505      2.602189982190
    6      3.688920160813     -5.363079073032      2.606405219160
    6      5.209894821908     -3.486495758721      2.606976469475
    6      5.966393473089     -0.923697856618      2.605043168576
    1    1
