   3   1   1 E -5.7067688613042E+02 DE 5.6E-11( 11)
  0.370158621205E+01 -0.641133538787E+01  0.000000000000E+00
  0.370158621205E+01  0.641133538787E+01  0.000000000000E+00
  0.000000000000E+00  0.000000000000E+00  0.868503800000E+01
    1
  0.100000000000E+01  0.000000000000E+00  0.000000000000E+00
  0.000000000000E+00  0.100000000000E+01  0.000000000000E+00
  0.000000000000E+00  0.000000000000E+00  0.100000000000E+01
  0.000000000000E+00  0.000000000000E+00  0.000000000000E+00
   15
    6      3.550906871049      4.868498309054      2.605713026783
    6      2.356436785774     -1.272388418190      2.605562696932
    6      3.606214360883      1.028747815461      2.605292093214
    6      5.118073433168      2.860025871870      2.605456596273
    6      3.860086921668     -3.877016536953      2.605469403609
    6      6.073932061241      0.498477633656      2.605617597140
    6      0.984974520304     -0.678771474418      2.605770000395
    6      2.776267501789      2.466142224442      2.605253880816
    6      3.815044199328      3.455380737885      2.605458691760
    6      2.632849185324     -2.849012963009      2.605504223558
    6      3.369994946639     -0.300322874313      2.605401057010
    6      4.982075140208      1.433867628943      2.605475976383
    6      3.688487650120     -5.361251642981      2.605654435124
    6      5.208761331297     -3.485777382921      2.605264688615
    6      5.967412413314     -0.923710724482      2.605776632387
    1    1
