   3   1   1 E -5.7047361102636E+02 DE 2.3E-10( 20)
  0.370158621205E+01 -0.641133538787E+01  0.000000000000E+00
  0.370158621205E+01  0.641133538787E+01  0.000000000000E+00
  0.000000000000E+00  0.000000000000E+00  0.868503800000E+01
    1
  0.100000000000E+01  0.000000000000E+00  0.000000000000E+00
  0.000000000000E+00  0.100000000000E+01  0.000000000000E+00
  0.000000000000E+00  0.000000000000E+00  0.100000000000E+01
  0.000000000000E+00  0.000000000000E+00  0.000000000000E+00
   15
    6      3.579417590557      4.896223093281      2.603255187801
    6      2.464243760731     -1.367009451492      2.604792892261
    6      3.578167475461      0.801263660362      2.607340078329
    6      4.972276077905      2.870420387269      2.604192288585
    6      3.823011304679     -3.649848894262      2.606066747635
    6      6.136902871119      0.634950487449      2.603693791867
    6      1.126524306013     -0.790040054860      2.603255412859
    6      2.556936463503      1.852023742266      2.597019237996
    6      3.761748147066      3.471710868515      2.604530807968
    6      2.501816670851     -2.843500213975      2.606257892542
    6      3.661083882291     -0.556809483898      2.603259053830
    6      4.956825640705      1.484201571346      2.604002332776
    6      3.626723014936     -5.048648936617      2.613833086131
    6      5.194360604825     -3.161452392948      2.616704594263
    6      6.051479511463     -0.730596178390      2.604467595156
    1    1
