   3   1   1 E -5.7065684872284E+02 DE-5.3E-11( 15)
  0.370158621205E+01 -0.641133538787E+01  0.000000000000E+00
  0.370158621205E+01  0.641133538787E+01  0.000000000000E+00
  0.000000000000E+00  0.000000000000E+00  0.868503800000E+01
    1
  0.100000000000E+01  0.000000000000E+00  0.000000000000E+00
  0.000000000000E+00  0.100000000000E+01  0.000000000000E+00
  0.000000000000E+00  0.000000000000E+00  0.100000000000E+01
  0.000000000000E+00  0.000000000000E+00  0.000000000000E+00
   15
    6      3.573052143269      4.862995423905      2.625562007243
    6      2.384768375581     -1.334725955171      2.594140377408
    6      3.535197728653      1.007015424364      2.613158732446
    6      5.087559250926      2.863704038314      2.609619230709
    6      3.942015945417     -3.908783920262      2.590869831960
    6      6.067238605796      0.502164553948      2.617722951359
    6      0.990861287335     -0.730192347374      2.607868353625
    6      2.779689241387      2.438439373704      2.582932474147
    6      3.808441709785      3.426569125658      2.626650402219
    6      2.575295839779     -2.812798874712      2.595253318741
    6      3.303750273170     -0.296007633886      2.617531091009
    6      4.998510619939      1.454323977497      2.600345080693
    6      3.705407870138     -5.349933133856      2.605820062603
    6      5.239879690452     -3.339575204928      2.570679771199
    6      5.999848740479     -0.920306643156      2.624517314639
    1    1
