   3   1   1 E -5.7059524531851E+02 DE-1.6E-06( 27)
  0.370158621205E+01 -0.641133538787E+01  0.000000000000E+00
  0.370158621205E+01  0.641133538787E+01  0.000000000000E+00
  0.000000000000E+00  0.000000000000E+00  0.868503800000E+01
    1
  0.100000000000E+01  0.000000000000E+00  0.000000000000E+00
  0.000000000000E+00  0.100000000000E+01  0.000000000000E+00
  0.000000000000E+00  0.000000000000E+00  0.100000000000E+01
  0.000000000000E+00  0.000000000000E+00  0.000000000000E+00
   15
    6      3.533382613477      4.789377479846      2.598682918309
    6      2.370134438480     -1.364641205765      2.597412923948
    6      3.423876241756      0.933592601662      2.596783098777
    6      5.051724603128      2.841432324679      2.610411767564
    6      3.993124125605     -3.750315034790      2.620084556560
    6      6.106534929249      0.544630318317      2.603902413477
    6      1.022823114645     -0.870411143287      2.597110634521
    6      2.803245669822      2.330260698599      2.597851478484
    6      3.821008571228      3.388635448292      2.606163233022
    6      2.534149356657     -2.837304166173      2.614525977829
    6      3.373747248486     -0.370742126427      2.603547243573
    6      4.965003909338      1.469416290036      2.604350625451
    6      3.602337171949     -5.106047899847      2.628401371158
    6      5.345772676240     -3.325263424680      2.604196000623
    6      6.044652652046     -0.809731956416      2.599246756706
    1    1
