   3   1   1 E -5.7037699109972E+02 DE 1.4E-09( 17)
  0.370158621205E+01 -0.641133538787E+01  0.000000000000E+00
  0.370158621205E+01  0.641133538787E+01  0.000000000000E+00
  0.000000000000E+00  0.000000000000E+00  0.868503800000E+01
    1
  0.100000000000E+01  0.000000000000E+00  0.000000000000E+00
  0.000000000000E+00  0.100000000000E+01  0.000000000000E+00
  0.000000000000E+00  0.000000000000E+00  0.100000000000E+01
  0.000000000000E+00  0.000000000000E+00  0.000000000000E+00
   15
    6      3.685326097475      4.973968101695      2.603697514634
    6      2.463731385076     -1.417601873559      2.605211498576
    6      3.692025830170      0.738586300731      2.602534954798
    6      4.946324652893      2.852910732774      2.604775008762
    6      3.719838235579     -3.576336728459      2.610285559537
    6      6.159981815413      0.701918583652      2.605871302152
    6      1.216576473525     -0.721976115464      2.603738764903
    6      2.475689454619      1.480208327633      2.598665384960
    6      3.707655492572      3.552095779936      2.603633531462
    6      2.481727219691     -2.847662026358      2.606744806592
    6      3.686987932224     -0.686479012984      2.605028754650
    6      4.936486137828      1.432174197385      2.604359887992
    6      3.695931549424     -5.004070233454      2.609505573760
    6      4.973685276310     -2.891264892418      2.614859832121
    6      6.149549769308     -0.723582937064      2.603758625102
    1    1
