   3   1   1 E -5.7067688517260E+02 DE-4.9E-11( 11)
  0.370158621205E+01 -0.641133538787E+01  0.000000000000E+00
  0.370158621205E+01  0.641133538787E+01  0.000000000000E+00
  0.000000000000E+00  0.000000000000E+00  0.868503800000E+01
    1
  0.100000000000E+01  0.000000000000E+00  0.000000000000E+00
  0.000000000000E+00  0.100000000000E+01  0.000000000000E+00
  0.000000000000E+00  0.000000000000E+00  0.100000000000E+01
  0.000000000000E+00  0.000000000000E+00  0.000000000000E+00
   15
    6      3.551084388390      4.868488107955      2.605269865719
    6      2.356416738975     -1.272418138292      2.605422629790
    6      3.605879806807      1.028838290320      2.605684169054
    6      5.118050819928      2.859961041451      2.605851139941
    6      3.860110690107     -3.876786615977      2.605332985539
    6      6.073792479773      0.498553785677      2.605658793675
    6      0.985263742536     -0.678996710016      2.604996087673
    6      2.776526914400      2.465991410556      2.605675596787
    6      3.815051504057      3.455255116157      2.605655248615
    6      2.632800159541     -2.849098915331      2.605493415590
    6      3.369799510708     -0.300272123384      2.605611229963
    6      4.981967969562      1.433796421583      2.605880220420
    6      3.688169269968     -5.361051129515      2.605313286303
    6      5.208989277943     -3.485563490483      2.605467163093
    6      5.967614049412     -0.923808846656      2.605359167840
    1    1
