   3   1   1 E -5.7067678840600E+02 DE 5.0E-10( 14)
  0.370158621205E+01 -0.641133538787E+01  0.000000000000E+00
  0.370158621205E+01  0.641133538787E+01  0.000000000000E+00
  0.000000000000E+00  0.000000000000E+00  0.868503800000E+01
    1
  0.100000000000E+01  0.000000000000E+00  0.000000000000E+00
  0.000000000000E+00  0.100000000000E+01  0.000000000000E+00
  0.000000000000E+00  0.000000000000E+00  0.100000000000E+01
  0.000000000000E+00  0.000000000000E+00  0.000000000000E+00
   15
    6      3.549174695286      4.868812575030      2.600760063090
    6      2.355363631476     -1.272049595549      2.602747655107
    6      3.609251306303      1.025756370733      2.614738528166
    6      5.116637374757      2.861257814110      2.604454183809
    6      3.863116520786     -3.881487517868      2.600299771859
    6      6.073781420633      0.498818840318      2.608334155097
    6      0.981063171589     -0.673301198516      2.599220787883
    6      2.775306685057      2.467140236132      2.611181506688
    6      3.814381001780      3.456432751316      2.604338645931
    6      2.630245975979     -2.846430376550      2.601218637719
    6      3.371527687070     -0.302606579485      2.611466742219
    6      4.983705112047      1.435578293942      2.613315557336
    6      3.692237586910     -5.365184501979      2.603969802324
    6      5.210101367748     -3.489525787803      2.607428681845
    6      5.965623784686     -0.920323119787      2.599196280926
    1    1
