   3   1   1 E -5.7056099261981E+02 DE-6.2E-10( 17)
  0.370158621205E+01 -0.641133538787E+01  0.000000000000E+00
  0.370158621205E+01  0.641133538787E+01  0.000000000000E+00
  0.000000000000E+00  0.000000000000E+00  0.868503800000E+01
    1
  0.100000000000E+01  0.000000000000E+00  0.000000000000E+00
  0.000000000000E+00  0.100000000000E+01  0.000000000000E+00
  0.000000000000E+00  0.000000000000E+00  0.100000000000E+01
  0.000000000000E+00  0.000000000000E+00  0.000000000000E+00
   15
    6      3.544315288474      4.823627221040      2.603189953740
    6      2.434264339582     -1.371119804541      2.604015011400
    6      3.519656003701      0.827182284959      2.609449511514
    6      4.977963198951      2.854178338475      2.605082020798
    6      3.870067598532     -3.663943466629      2.605305026013
    6      6.139109471601      0.602180704715      2.604499544704
    6      1.086064178152     -0.836073726338      2.603398250195
    6      2.674512034180      2.150748407029      2.589704838213
    6      3.751418124088      3.380515707176      2.605717842775
    6      2.487020557620     -2.844791559916      2.606110625147
    6      3.594715066649     -0.493318775457      2.603422685032
    6      4.967643735581      1.484096186674      2.606656407492
    6      3.603227740056     -5.036342694824      2.616553336797
    6      5.287314179830     -3.272367264707      2.614809611921
    6      6.054225805110     -0.741683353611      2.604756334260
    1    1
