   3   1   1 E -5.7067588077005E+02 DE 1.6E-10( 14)
  0.370158621205E+01 -0.641133538787E+01  0.000000000000E+00
  0.370158621205E+01  0.641133538787E+01  0.000000000000E+00
  0.000000000000E+00  0.000000000000E+00  0.868503800000E+01
    1
  0.100000000000E+01  0.000000000000E+00  0.000000000000E+00
  0.000000000000E+00  0.100000000000E+01  0.000000000000E+00
  0.000000000000E+00  0.000000000000E+00  0.100000000000E+01
  0.000000000000E+00  0.000000000000E+00  0.000000000000E+00
   15
    6      3.551072760675      4.878796304399      2.608951642799
    6      2.361627047548     -1.274471218768      2.609369198825
    6      3.623664696094      1.010336035414      2.624961178400
    6      5.117758142430      2.864148375125      2.586173400453
    6      3.862920980766     -3.898803004353      2.593738583620
    6      6.075922314373      0.497294768515      2.591497301174
    6      0.972278365158     -0.652550286049      2.609596275889
    6      2.770906616236      2.481797527063      2.616924200857
    6      3.812307586486      3.468667678702      2.605851632307
    6      2.621205590005     -2.836057507207      2.585288542993
    6      3.388676599614     -0.316180644646      2.636328389391
    6      4.982028313195      1.433287433334      2.613032199457
    6      3.692441873760     -5.376506412275      2.590313347016
    6      5.200663270824     -3.504936662810      2.601364911885
    6      5.958043164941     -0.911934182398      2.609280194934
    1    1
