   3   1   1 E -5.7049849685174E+02 DE-5.1E-10( 20)
  0.370158621205E+01 -0.641133538787E+01  0.000000000000E+00
  0.370158621205E+01  0.641133538787E+01  0.000000000000E+00
  0.000000000000E+00  0.000000000000E+00  0.868503800000E+01
    1
  0.100000000000E+01  0.000000000000E+00  0.000000000000E+00
  0.000000000000E+00  0.100000000000E+01  0.000000000000E+00
  0.000000000000E+00  0.000000000000E+00  0.100000000000E+01
  0.000000000000E+00  0.000000000000E+00  0.000000000000E+00
   15
    6      3.571180606605      4.883187525100      2.603100531046
    6      2.460497433642     -1.366188842285      2.604572912724
    6      3.557383388472      0.806532618314      2.608116450245
    6      4.972825147681      2.869602527405      2.604024336847
    6      3.836077540241     -3.656954547283      2.605855019856
    6      6.134296967774      0.628028562452      2.603313448264
    6      1.120348328188     -0.797296801981      2.603156069871
    6      2.574707903080      1.924958674515      2.597090975792
    6      3.760603516168      3.453759840742      2.605001786506
    6      2.499241960116     -2.843443654004      2.606240024862
    6      3.650005458739     -0.540546008549      2.602818906690
    6      4.956488217685      1.487442076166      2.604020635018
    6      3.616004319331     -5.045939343583      2.614747708559
    6      5.229894891415     -3.210131965868      2.615937680891
    6      6.051961642967     -0.730122457095      2.604674512829
    1    1
