   3   1   1 E -5.7057332078639E+02 DE 9.5E-10( 19)
  0.370158621205E+01 -0.641133538787E+01  0.000000000000E+00
  0.370158621205E+01  0.641133538787E+01  0.000000000000E+00
  0.000000000000E+00  0.000000000000E+00  0.868503800000E+01
    1
  0.100000000000E+01  0.000000000000E+00  0.000000000000E+00
  0.000000000000E+00  0.100000000000E+01  0.000000000000E+00
  0.000000000000E+00  0.000000000000E+00  0.100000000000E+01
  0.000000000000E+00  0.000000000000E+00  0.000000000000E+00
   15
    6      3.537924470705      4.808459628172      2.601651331295
    6      2.428242452104     -1.373036220439      2.602193832646
    6      3.499445600410      0.834168884399      2.611179564123
    6      4.985055675000      2.848956247340      2.604919559662
    6      3.888940650146     -3.673678495502      2.607658252496
    6      6.141691567005      0.592020683930      2.602636071787
    6      1.080803386880     -0.853814676854      2.602402210956
    6      2.708195138367      2.229040682370      2.614097689378
    6      3.748654390559      3.360337802802      2.600866985833
    6      2.488379788663     -2.845339702262      2.607403826533
    6      3.573965793155     -0.488694525681      2.598942059870
    6      4.970086256286      1.481269342533      2.604193515137
    6      3.598148779426     -5.037270759151      2.626160345927
    6      5.284954094853     -3.270644594772      2.593529313489
    6      6.057029278549     -0.748886092840      2.604836440869
    1    1
