   3   1   1 E -5.7059908330121E+02 DE-1.1E-07( 28)
  0.370158621205E+01 -0.641133538787E+01  0.000000000000E+00
  0.370158621205E+01  0.641133538787E+01  0.000000000000E+00
  0.000000000000E+00  0.000000000000E+00  0.868503800000E+01
    1
  0.100000000000E+01  0.000000000000E+00  0.000000000000E+00
  0.000000000000E+00  0.100000000000E+01  0.000000000000E+00
  0.000000000000E+00  0.000000000000E+00  0.100000000000E+01
  0.000000000000E+00  0.000000000000E+00  0.000000000000E+00
   15
    6      3.547365835572      4.785831060062      2.596580979412
    6      2.360039801623     -1.354714051676      2.591309143698
    6      3.409626079724      0.967386742019      2.611680536845
    6      5.069254069435      2.827240953866      2.603665566534
    6      3.994517035244     -3.780842404748      2.615122492276
    6      6.106267654298      0.519561931338      2.615516611115
    6      1.026378622015     -0.838233755184      2.598932867690
    6      2.805832390451      2.343639973501      2.595900628222
    6      3.849023760258      3.380631653748      2.588075228930
    6      2.534531411380     -2.834710909116      2.592664944751
    6      3.315423676806     -0.318974670499      2.589011210818
    6      4.979242408352      1.449479264697      2.615774749009
    6      3.616033599612     -5.137741235492      2.668516128680
    6      5.331824220880     -3.307904528373      2.598382515831
    6      6.046156756458     -0.837761820097      2.601537396187
    1    1
