   3   1   1 E -5.7067505234406E+02 DE 6.1E-11( 16)
  0.370158621205E+01 -0.641133538787E+01  0.000000000000E+00
  0.370158621205E+01  0.641133538787E+01  0.000000000000E+00
  0.000000000000E+00  0.000000000000E+00  0.868503800000E+01
    1
  0.100000000000E+01  0.000000000000E+00  0.000000000000E+00
  0.000000000000E+00  0.100000000000E+01  0.000000000000E+00
  0.000000000000E+00  0.000000000000E+00  0.100000000000E+01
  0.000000000000E+00  0.000000000000E+00  0.000000000000E+00
   15
    6      3.553767292118      4.877852949307      2.604337754008
    6      2.366064336278     -1.280857269250      2.599635776336
    6      3.625810875561      1.013658259127      2.599980658401
    6      5.119831379356      2.864135095589      2.581561334136
    6      3.870866213678     -3.904460018094      2.612908043845
    6      6.073591905050      0.495750955310      2.634091486567
    6      0.968416340492     -0.653377110104      2.603861241989
    6      2.760899267416      2.483518069290      2.589335522846
    6      3.813721179303      3.463753408573      2.605049020691
    6      2.618934586615     -2.829581041649      2.621561469986
    6      3.383314789385     -0.315553010940      2.583056892877
    6      4.978842922081      1.432464643501      2.618479543079
    6      3.698733328932     -5.382669270657      2.636499319835
    6      5.200186709270     -3.484517586478      2.588165350938
    6      5.958536196572     -0.917229869480      2.604147584464
    1    1
