   3   1   1 E -5.7045199716962E+02 DE-1.9E-09( 18)
  0.370158621205E+01 -0.641133538787E+01  0.000000000000E+00
  0.370158621205E+01  0.641133538787E+01  0.000000000000E+00
  0.000000000000E+00  0.000000000000E+00  0.868503800000E+01
    1
  0.100000000000E+01  0.000000000000E+00  0.000000000000E+00
  0.000000000000E+00  0.100000000000E+01  0.000000000000E+00
  0.000000000000E+00  0.000000000000E+00  0.100000000000E+01
  0.000000000000E+00  0.000000000000E+00  0.000000000000E+00
   15
    6      3.589511458011      4.908927421374      2.603449405778
    6      2.467334931493     -1.370012202788      2.604937140777
    6      3.600173180279      0.796543128818      2.606426546161
    6      4.971254945781      2.870672640920      2.604337984600
    6      3.808944706178     -3.640589556705      2.606355372060
    6      6.138774571029      0.642294187265      2.604145189461
    6      1.132596979086     -0.782976443148      2.603353758407
    6      2.542524539765      1.779505747093      2.597323077814
    6      3.760889006255      3.489335446377      2.604086506398
    6      2.504360153949     -2.842769020920      2.606392769990
    6      3.669802048391     -0.572124122330      2.603748868629
    6      4.955347603457      1.479132748599      2.603941874652
    6      3.638744551104     -5.051279060160      2.612960817756
    6      5.158826097780     -3.112040863907      2.616971014480
    6      6.052432549546     -0.731731846445      2.604240673037
    1    1
