   3   1   1 E -5.7039079075537E+02 DE-1.4E-12( 20)
  0.370158621205E+01 -0.641133538787E+01  0.000000000000E+00
  0.370158621205E+01  0.641133538787E+01  0.000000000000E+00
  0.000000000000E+00  0.000000000000E+00  0.868503800000E+01
    1
  0.100000000000E+01  0.000000000000E+00  0.000000000000E+00
  0.000000000000E+00  0.100000000000E+01  0.000000000000E+00
  0.000000000000E+00  0.000000000000E+00  0.100000000000E+01
  0.000000000000E+00  0.000000000000E+00  0.000000000000E+00
   15
    6      3.662489546320      4.959934442977      2.603799227482
    6      2.465024697614     -1.405295090678      2.605131817733
    6      3.677844304787      0.754642018568      2.603670840900
    6      4.953408495271      2.858231216981      2.604700395356
    6      3.739059669247     -3.589129093742      2.608700161546
    6      6.154277378041      0.688264854947      2.605321956687
    6      1.192680656550     -0.736504070033      2.603499760996
    6      2.490512027599      1.531377318013      2.598102749600
    6      3.722320446820      3.540622387096      2.603601162831
    6      2.489851316141     -2.845038793928      2.606717346852
    6      3.683548665583     -0.659242590955      2.604878337792
    6      4.941403595717      1.443496756148      2.604129241005
    6      3.686192892916     -5.019560310895      2.610781317941
    6      5.010807864660     -2.931321301075      2.615892924315
    6      6.122095764841     -0.727589539379      2.603743758963
    1    1
