   3   1   1 E -5.7058909683546E+02 DE 1.3E-09( 16)
  0.370158621205E+01 -0.641133538787E+01  0.000000000000E+00
  0.370158621205E+01  0.641133538787E+01  0.000000000000E+00
  0.000000000000E+00  0.000000000000E+00  0.868503800000E+01
    1
  0.100000000000E+01  0.000000000000E+00  0.000000000000E+00
  0.000000000000E+00  0.100000000000E+01  0.000000000000E+00
  0.000000000000E+00  0.000000000000E+00  0.100000000000E+01
  0.000000000000E+00  0.000000000000E+00  0.000000000000E+00
   15
    6      3.536369394582      4.797532935863      2.605343404734
    6      2.401166413636     -1.370659982475      2.600962907907
    6      3.437028405221      0.887737974271      2.611922287424
    6      5.030895813937      2.849948784702      2.606475688263
    6      3.956021980743     -3.728061853447      2.606533920216
    6      6.118863891068      0.558624580338      2.609723234584
    6      1.050303084804     -0.880741770469      2.604923161579
    6      2.770651956776      2.344501450515      2.570348050026
    6      3.802724641987      3.373972833753      2.611373593541
    6      2.517634838001     -2.842752080316      2.599005788452
    6      3.467553245165     -0.428030060059      2.604014731860
    6      4.962014170095      1.478873897468      2.611379345965
    6      3.584623120850     -5.081728315879      2.623830434182
    6      5.304497008000     -3.309367892639      2.613321009954
    6      6.051169357240     -0.786962297580      2.603513441314
    1    1
