   3   1   1 E -5.7058602892462E+02 DE 5.8E-09( 15)
  0.370158621205E+01 -0.641133538787E+01  0.000000000000E+00
  0.370158621205E+01  0.641133538787E+01  0.000000000000E+00
  0.000000000000E+00  0.000000000000E+00  0.868503800000E+01
    1
  0.100000000000E+01  0.000000000000E+00  0.000000000000E+00
  0.000000000000E+00  0.100000000000E+01  0.000000000000E+00
  0.000000000000E+00  0.000000000000E+00  0.100000000000E+01
  0.000000000000E+00  0.000000000000E+00  0.000000000000E+00
   15
    6      3.532063977005      4.789418084775      2.601228180667
    6      2.407461488165     -1.370139412218      2.601298481832
    6      3.468995316850      0.880225639966      2.610722118815
    6      5.021630833920      2.853430769613      2.606776771356
    6      3.931711288441     -3.702655647047      2.604645061756
    6      6.120536578790      0.567818224128      2.608897224766
    6      1.046638594664     -0.871396899223      2.602216439214
    6      2.747878580332      2.291733048389      2.615855861820
    6      3.785199045748      3.351531163207      2.602673927589
    6      2.511784217716     -2.843465039963      2.604938247390
    6      3.497482913159     -0.417395566366      2.598214783475
    6      4.964538701133      1.483477245558      2.609883414140
    6      3.592532304531     -5.079587598253      2.618493499623
    6      5.317868622058     -3.292874737519      2.594204989415
    6      6.045194859594     -0.777231071002      2.602621998142
    1    1
