   3   1   1 E -5.7067672871168E+02 DE-1.9E-11( 14)
  0.370158621205E+01 -0.641133538787E+01  0.000000000000E+00
  0.370158621205E+01  0.641133538787E+01  0.000000000000E+00
  0.000000000000E+00  0.000000000000E+00  0.868503800000E+01
    1
  0.100000000000E+01  0.000000000000E+00  0.000000000000E+00
  0.000000000000E+00  0.100000000000E+01  0.000000000000E+00
  0.000000000000E+00  0.000000000000E+00  0.100000000000E+01
  0.000000000000E+00  0.000000000000E+00  0.000000000000E+00
   15
    6      3.549300059387      4.871245337994      2.605215786309
    6      2.356975748251     -1.272670147835      2.608976802447
    6      3.611795043565      1.023553894187      2.608981879931
    6      5.115402661826      2.862489037220      2.596671695438
    6      3.863751591077     -3.885150520764      2.599575292113
    6      6.072088924026      0.498728663482      2.606814080939
    6      0.980653195935     -0.670203237378      2.605821080640
    6      2.775655505606      2.467245985901      2.604038301658
    6      3.814367975479      3.458930195470      2.602184275356
    6      2.628737446088     -2.844850261580      2.609161838822
    6      3.373949778548     -0.304151332778      2.617129608088
    6      4.983151130574      1.436373224076      2.606790458910
    6      3.692090112517     -5.368618562389      2.603260980166
    6      5.210151546935     -3.491258351586      2.602422485178
    6      5.963446602293     -0.918775719975      2.605626434006
    1    1
