   3   1   1 E -5.7060388294741E+02 DE 7.8E-10( 15)
  0.370158621205E+01 -0.641133538787E+01  0.000000000000E+00
  0.370158621205E+01  0.641133538787E+01  0.000000000000E+00
  0.000000000000E+00  0.000000000000E+00  0.868503800000E+01
    1
  0.100000000000E+01  0.000000000000E+00  0.000000000000E+00
  0.000000000000E+00  0.100000000000E+01  0.000000000000E+00
  0.000000000000E+00  0.000000000000E+00  0.100000000000E+01
  0.000000000000E+00  0.000000000000E+00  0.000000000000E+00
   15
    6      3.548968370664      4.792422514854      2.593122008003
    6      2.362863008490     -1.355503267728      2.600366606859
    6      3.409781090494      0.979104844078      2.599398000185
    6      5.071273883435      2.829839258823      2.609542989389
    6      3.998264954556     -3.802011650234      2.602191551882
    6      6.103941012230      0.510132835998      2.607277014347
    6      1.025419537828     -0.830849271726      2.591715145322
    6      2.807334009895      2.358833666492      2.594952409315
    6      3.846542544834      3.387664477255      2.587438300709
    6      2.537454317936     -2.832468431758      2.602878595882
    6      3.298621169001     -0.309847430952      2.607311149228
    6      4.988609738398      1.447753972223      2.602228180001
    6      3.623320840622     -5.165331813356      2.670828762166
    6      5.328245338215     -3.292078873205      2.615974844596
    6      6.040877505507     -0.854772626721      2.597445442116
    1    1
