   3   1   1 E -5.7054450287397E+02 DE 5.4E-09( 18)
  0.370158621205E+01 -0.641133538787E+01  0.000000000000E+00
  0.370158621205E+01  0.641133538787E+01  0.000000000000E+00
  0.000000000000E+00  0.000000000000E+00  0.868503800000E+01
    1
  0.100000000000E+01  0.000000000000E+00  0.000000000000E+00
  0.000000000000E+00  0.100000000000E+01  0.000000000000E+00
  0.000000000000E+00  0.000000000000E+00  0.100000000000E+01
  0.000000000000E+00  0.000000000000E+00  0.000000000000E+00
   15
    6      3.555166645636      4.848946038072      2.603420253892
    6      2.445589822405     -1.369324522588      2.602683273411
    6      3.525444664578      0.816200880183      2.610976736885
    6      4.972985866124      2.861386739302      2.604088657883
    6      3.859430557866     -3.664077608802      2.604937279579
    6      6.136083535260      0.613074834736      2.603910896899
    6      1.102707955504     -0.819343799771      2.603108963557
    6      2.631856775693      2.078701027717      2.596114042283
    6      3.754619634605      3.411144997327      2.606565365664
    6      2.489759879199     -2.844113521204      2.605650113783
    6      3.618121254780     -0.513335387687      2.601417484271
    6      4.960811542034      1.487410495560      2.604776957384
    6      3.603040752901     -5.034938956872      2.623017375221
    6      5.279999573412     -3.275773194996      2.606583201630
    6      6.055898862108     -0.733069816933      2.605420397658
    1    1
