   3   1   1 E -5.7061933436191E+02 DE-2.0E-10( 16)
  0.370158621205E+01 -0.641133538787E+01  0.000000000000E+00
  0.370158621205E+01  0.641133538787E+01  0.000000000000E+00
  0.000000000000E+00  0.000000000000E+00  0.868503800000E+01
    1
  0.100000000000E+01  0.000000000000E+00  0.000000000000E+00
  0.000000000000E+00  0.100000000000E+01  0.000000000000E+00
  0.000000000000E+00  0.000000000000E+00  0.100000000000E+01
  0.000000000000E+00  0.000000000000E+00  0.000000000000E+00
   15
    6      3.568358367380      4.818228926730      2.610545986208
    6      2.370638176692     -1.359335422279      2.605578083937
    6      3.422676266863      0.999297253407      2.613888100551
    6      5.074833225090      2.839124592591      2.602741663242
    6      3.993615487216     -3.859061309957      2.609344139139
    6      6.095185099888      0.495761067678      2.609408279986
    6      1.020359521493     -0.803352844506      2.580382044665
    6      2.803382825875      2.403342684880      2.584284232693
    6      3.837461696749      3.405272528640      2.600554881642
    6      2.543848948453     -2.827943384703      2.598380549822
    6      3.262378482898     -0.287998313046      2.604560090068
    6      5.006472701228      1.448017132671      2.600204416868
    6      3.654382605908     -5.241977663296      2.636531097588
    6      5.298216742285     -3.269928484885      2.609593422571
    6      6.039707174089     -0.896558559880      2.616674011021
    1    1
