   3   1   1 E -5.7063118993026E+02 DE-4.8E-09( 16)
  0.370158621205E+01 -0.641133538787E+01  0.000000000000E+00
  0.370158621205E+01  0.641133538787E+01  0.000000000000E+00
  0.000000000000E+00  0.000000000000E+00  0.868503800000E+01
    1
  0.100000000000E+01  0.000000000000E+00  0.000000000000E+00
  0.000000000000E+00  0.100000000000E+01  0.000000000000E+00
  0.000000000000E+00  0.000000000000E+00  0.100000000000E+01
  0.000000000000E+00  0.000000000000E+00  0.000000000000E+00
   15
    6      3.575507007083      4.835057973463      2.633039533178
    6      2.379665335894     -1.355331368551      2.587282676380
    6      3.448619250185      1.001311442317      2.616239607079
    6      5.077787213292      2.848766973811      2.609626593533
    6      3.980810956646     -3.880951313980      2.581673069656
    6      6.084844452905      0.498261862137      2.603100260489
    6      1.014564791746     -0.784173156047      2.606923389727
    6      2.791675767312      2.416137841133      2.579366835021
    6      3.827813743062      3.410984534411      2.625456141675
    6      2.552930157331     -2.822013248444      2.593431523251
    6      3.268709283254     -0.288039007652      2.612646733043
    6      5.007950448359      1.454125601852      2.613340825841
    6      3.673354917365     -5.280337392215      2.616431025608
    6      5.276560984430     -3.283036397187      2.570512707993
    6      6.030723013240     -0.907876141005      2.633600077527
    1    1
