   3   1   1 E -5.7060241276297E+02 DE 4.1E-07( 23)
  0.370158621205E+01 -0.641133538787E+01  0.000000000000E+00
  0.370158621205E+01  0.641133538787E+01  0.000000000000E+00
  0.000000000000E+00  0.000000000000E+00  0.868503800000E+01
    1
  0.100000000000E+01  0.000000000000E+00  0.000000000000E+00
  0.000000000000E+00  0.100000000000E+01  0.000000000000E+00
  0.000000000000E+00  0.000000000000E+00  0.100000000000E+01
  0.000000000000E+00  0.000000000000E+00  0.000000000000E+00
   15
    6      3.556268505626      4.788976396837      2.610260624290
    6      2.355081809925     -1.357372711279      2.596976074895
    6      3.399902421089      0.974227792655      2.616650784766
    6      5.068844166554      2.818807009335      2.606404184533
    6      4.001544760382     -3.797371654426      2.605573981713
    6      6.110317788759      0.511584224812      2.617949526125
    6      1.037083824581     -0.818875699975      2.618760161228
    6      2.804657217131      2.361600078744      2.590946284198
    6      3.836522671460      3.377294862772      2.603336189329
    6      2.531451164670     -2.832687595240      2.608554058224
    6      3.279551232491     -0.308875449638      2.595591874772
    6      4.988072989220      1.433360044971      2.622394749312
    6      3.628156570860     -5.150977802395      2.600846646678
    6      5.336993563326     -3.284545485140      2.576256734233
    6      6.057068636032     -0.852255807989      2.612169125704
    1    1
