   3   1   1 E -5.7067603313317E+02 DE-5.5E-12( 15)
  0.370158621205E+01 -0.641133538787E+01  0.000000000000E+00
  0.370158621205E+01  0.641133538787E+01  0.000000000000E+00
  0.000000000000E+00  0.000000000000E+00  0.868503800000E+01
    1
  0.100000000000E+01  0.000000000000E+00  0.000000000000E+00
  0.000000000000E+00  0.100000000000E+01  0.000000000000E+00
  0.000000000000E+00  0.000000000000E+00  0.100000000000E+01
  0.000000000000E+00  0.000000000000E+00  0.000000000000E+00
   15
    6      3.547362327388      4.874030581109      2.606873088400
    6      2.359000852110     -1.272809504834      2.602374170822
    6      3.621514897481      1.014201605022      2.590556426230
    6      5.115066319695      2.863980212935      2.642250206072
    6      3.861843586655     -3.892775332459      2.626808376985
    6      6.075663574094      0.498957551028      2.596941015336
    6      0.972611665816     -0.660394596079      2.608500963682
    6      2.777912531670      2.477507881376      2.590586941048
    6      3.812779239610      3.463538748420      2.604709203716
    6      2.622605631243     -2.839920082864      2.618949566627
    6      3.387064117299     -0.313139635883      2.581342921044
    6      4.985653691102      1.437899630821      2.600001219173
    6      3.692795718742     -5.372258026108      2.607351876412
    6      5.203270455570     -3.503593724103      2.596735493756
    6      5.956372713632     -0.912337104335      2.608689530698
    1    1
