   3   1   1 E -5.7066604764337E+02 DE 7.5E-10( 14)
  0.370158621205E+01 -0.641133538787E+01  0.000000000000E+00
  0.370158621205E+01  0.641133538787E+01  0.000000000000E+00
  0.000000000000E+00  0.000000000000E+00  0.868503800000E+01
    1
  0.100000000000E+01  0.000000000000E+00  0.000000000000E+00
  0.000000000000E+00  0.100000000000E+01  0.000000000000E+00
  0.000000000000E+00  0.000000000000E+00  0.100000000000E+01
  0.000000000000E+00  0.000000000000E+00  0.000000000000E+00
   15
    6      3.570437308329      4.872322163151      2.613318183954
    6      2.384347185467     -1.320634271725      2.600498403297
    6      3.572510320268      1.007182148890      2.615689484873
    6      5.094744796273      2.866891136408      2.606928788539
    6      3.920985556934     -3.913443378331      2.601037426706
    6      6.063643741590      0.502733739532      2.599169145876
    6      0.981469384502     -0.703558798206      2.607030657510
    6      2.770223604670      2.448895254280      2.592948954831
    6      3.805880829963      3.437952643722      2.609945508646
    6      2.587267250104     -2.812898172012      2.615166275651
    6      3.330605975721     -0.301990415964      2.588820122120
    6      4.987093170044      1.449199279481      2.624086583415
    6      3.709641535976     -5.368613355809      2.592137580323
    6      5.224175774658     -3.379463422720      2.605874192997
    6      5.988490887607     -0.921686346653      2.610019691262
    1    1
