   3   1   1 E -5.7060922658338E+02 DE-5.6E-09( 15)
  0.370158621205E+01 -0.641133538787E+01  0.000000000000E+00
  0.370158621205E+01  0.641133538787E+01  0.000000000000E+00
  0.000000000000E+00  0.000000000000E+00  0.868503800000E+01
    1
  0.100000000000E+01  0.000000000000E+00  0.000000000000E+00
  0.000000000000E+00  0.100000000000E+01  0.000000000000E+00
  0.000000000000E+00  0.000000000000E+00  0.100000000000E+01
  0.000000000000E+00  0.000000000000E+00  0.000000000000E+00
   15
    6      3.556619124721      4.801516721288      2.619189710783
    6      2.364700329431     -1.357455994653      2.602504092392
    6      3.409580501658      0.992466978132      2.597894928517
    6      5.074808072313      2.832700071080      2.624950821756
    6      3.999893157015     -3.828216344113      2.585825402231
    6      6.101210281133      0.499817111386      2.574173946804
    6      1.023650557557     -0.820368751882      2.603510006050
    6      2.805572937597      2.379966585505      2.579685906916
    6      3.847745933070      3.395979488662      2.617987579206
    6      2.540290950663     -2.831492125148      2.601280896276
    6      3.277090649607     -0.296594708931      2.624485232611
    6      4.997791023141      1.446622920297      2.606499894795
    6      3.635185813161     -5.199314726756      2.644127839984
    6      5.317419937246     -3.276952663155      2.578761642391
    6      6.039958053792     -0.875786357667      2.621793099287
    1    1
