   3   1   1 E -5.7067431135982E+02 DE 2.0E-10( 16)
  0.370158621205E+01 -0.641133538787E+01  0.000000000000E+00
  0.370158621205E+01  0.641133538787E+01  0.000000000000E+00
  0.000000000000E+00  0.000000000000E+00  0.868503800000E+01
    1
  0.100000000000E+01  0.000000000000E+00  0.000000000000E+00
  0.000000000000E+00  0.100000000000E+01  0.000000000000E+00
  0.000000000000E+00  0.000000000000E+00  0.100000000000E+01
  0.000000000000E+00  0.000000000000E+00  0.000000000000E+00
   15
    6      3.557848274615      4.874612130390      2.605152422094
    6      2.369248529108     -1.292193749732      2.601992610610
    6      3.622266787996      1.013483926057      2.605537173101
    6      5.111811023950      2.862895718559      2.622016900623
    6      3.884960912484     -3.909701646520      2.596302510411
    6      6.071019543271      0.497033487594      2.601599002712
    6      0.966243614427     -0.662030966128      2.611107272684
    6      2.769602954387      2.478660145930      2.611150686365
    6      3.806955365259      3.451491844805      2.604436999709
    6      2.607313725482     -2.821148335459      2.609990421791
    6      3.363462424548     -0.310638960739      2.605130291023
    6      4.980750450278      1.433569371114      2.598267056212
    6      3.708930505544     -5.383623353322      2.587042047839
    6      5.204545048824     -3.447118332866      2.621166501024
    6      5.966558161934     -0.922403075636      2.601779103801
    1    1
