   3   1   1 E -5.7067658642945E+02 DE 3.3E-11( 14)
  0.370158621205E+01 -0.641133538787E+01  0.000000000000E+00
  0.370158621205E+01  0.641133538787E+01  0.000000000000E+00
  0.000000000000E+00  0.000000000000E+00  0.868503800000E+01
    1
  0.100000000000E+01  0.000000000000E+00  0.000000000000E+00
  0.000000000000E+00  0.100000000000E+01  0.000000000000E+00
  0.000000000000E+00  0.000000000000E+00  0.100000000000E+01
  0.000000000000E+00  0.000000000000E+00  0.000000000000E+00
   15
    6      3.546816018049      4.870930377005      2.609396421526
    6      2.357291089422     -1.273600302867      2.592276354940
    6      3.617970409754      1.020702316029      2.603009663498
    6      5.113832098612      2.863201968436      2.603360554117
    6      3.864478382895     -3.888476070109      2.609434750089
    6      6.073306111201      0.499250323590      2.606111535745
    6      0.975172887069     -0.667606868833      2.610315354445
    6      2.779589659108      2.471464597274      2.615194668124
    6      3.812779467191      3.458926551794      2.610998474788
    6      2.625071692421     -2.842156017462      2.594638089798
    6      3.378091250115     -0.308051510690      2.588477935132
    6      4.985423234372      1.438531446418      2.603482726905
    6      3.694369052158     -5.370836951935      2.606251523050
    6      5.208591208540     -3.492957985398      2.620638579032
    6      5.958734761199     -0.916433669207      2.609084368810
    1    1
