   3   1   1 E -5.7067684295360E+02 DE 7.0E-10( 10)
  0.370158621205E+01 -0.641133538787E+01  0.000000000000E+00
  0.370158621205E+01  0.641133538787E+01  0.000000000000E+00
  0.000000000000E+00  0.000000000000E+00  0.868503800000E+01
    1
  0.100000000000E+01  0.000000000000E+00  0.000000000000E+00
  0.000000000000E+00  0.100000000000E+01  0.000000000000E+00
  0.000000000000E+00  0.000000000000E+00  0.100000000000E+01
  0.000000000000E+00  0.000000000000E+00  0.000000000000E+00
   15
    6      3.550557383264      4.868344530843      2.605381750073
    6      2.355793456013     -1.271542934214      2.605637565651
    6      3.606177907749      1.028843519351      2.605404331214
    6      5.118308974607      2.860160506660      2.605044954562
    6      3.860643629527     -3.877379323497      2.606042309699
    6      6.073915946299      0.498313032186      2.605234948682
    6      0.984209597596     -0.678120423401      2.605659538004
    6      2.776635999474      2.465848508829      2.605616572675
    6      3.815253824796      3.455373759942      2.605376287754
    6      2.632807159409     -2.848854984760      2.605787011116
    6      3.369646482143     -0.299910546880      2.605501919344
    6      4.982344711575      1.433940286576      2.605180290189
    6      3.688820621669     -5.362078655619      2.605806978061
    6      5.209031435963     -3.486184364839      2.606002605618
    6      5.967370192021     -0.923864707133      2.604993937357
    1    1
