   3   1   1 E -5.7064453457997E+02 DE-3.4E-09( 17)
  0.370158621205E+01 -0.641133538787E+01  0.000000000000E+00
  0.370158621205E+01  0.641133538787E+01  0.000000000000E+00
  0.000000000000E+00  0.000000000000E+00  0.868503800000E+01
    1
  0.100000000000E+01  0.000000000000E+00  0.000000000000E+00
  0.000000000000E+00  0.100000000000E+01  0.000000000000E+00
  0.000000000000E+00  0.000000000000E+00  0.100000000000E+01
  0.000000000000E+00  0.000000000000E+00  0.000000000000E+00
   15
    6      3.574150860097      4.849724682996      2.620624135304
    6      2.383772023841     -1.346285592484      2.613857795901
    6      3.491278693483      1.004840774182      2.617265672108
    6      5.082201540879      2.858350365473      2.614702240679
    6      3.963336527623     -3.897031726202      2.611239381022
    6      6.074449221929      0.501095451772      2.583701901545
    6      1.001395988076     -0.760136571639      2.594105325557
    6      2.785969557214      2.426176181735      2.582750590318
    6      3.817114985333      3.417430915633      2.616657057230
    6      2.564374040102     -2.816017481311      2.602260193126
    6      3.284064802547     -0.291860384462      2.598051968484
    6      5.005836307143      1.458093348822      2.619949906517
    6      3.692374090900     -5.318661032649      2.596593843568
    6      5.258050314813     -3.307600048395      2.589759920511
    6      6.013148368125     -0.915230679426      2.621151068130
    1    1
