   3   1   1 E -5.7043382126565E+02 DE 1.9E-09( 15)
  0.370158621205E+01 -0.641133538787E+01  0.000000000000E+00
  0.370158621205E+01  0.641133538787E+01  0.000000000000E+00
  0.000000000000E+00  0.000000000000E+00  0.868503800000E+01
    1
  0.100000000000E+01  0.000000000000E+00  0.000000000000E+00
  0.000000000000E+00  0.100000000000E+01  0.000000000000E+00
  0.000000000000E+00  0.000000000000E+00  0.100000000000E+01
  0.000000000000E+00  0.000000000000E+00  0.000000000000E+00
   15
    6      3.602690327666      4.922031877066      2.603676204958
    6      2.469730385373     -1.374675347185      2.605165577993
    6      3.622053500227      0.789798376168      2.605472298220
    6      4.968783838005      2.869602610876      2.604471017620
    6      3.794087132874     -3.629731592945      2.606929950635
    6      6.141572311503      0.651081034984      2.604387958651
    6      1.141328766341     -0.775320544157      2.603372566242
    6      2.529842481133      1.711344275482      2.597594428453
    6      3.756945427327      3.506147974654      2.603696303904
    6      2.505069921429     -2.841660592496      2.606239426591
    6      3.676614243530     -0.592344940323      2.604275811768
    6      4.953637374344      1.472489163687      2.604100736865
    6      3.651348986170     -5.050057047379      2.612321753769
    6      5.119440998356     -3.063264045373      2.616941293384
    6      6.058371627827     -0.732552999016      2.604025670947
    1    1
