   3   1   1 E -5.7058043022832E+02 DE-4.1E-09( 16)
  0.370158621205E+01 -0.641133538787E+01  0.000000000000E+00
  0.370158621205E+01  0.641133538787E+01  0.000000000000E+00
  0.000000000000E+00  0.000000000000E+00  0.868503800000E+01
    1
  0.100000000000E+01  0.000000000000E+00  0.000000000000E+00
  0.000000000000E+00  0.100000000000E+01  0.000000000000E+00
  0.000000000000E+00  0.000000000000E+00  0.100000000000E+01
  0.000000000000E+00  0.000000000000E+00  0.000000000000E+00
   15
    6      3.533105965180      4.793145075346      2.605492030766
    6      2.416249095497     -1.372284121670      2.603156888341
    6      3.490268238025      0.857175154928      2.613898507892
    6      5.002115909281      2.850734426070      2.604685093656
    6      3.907644340604     -3.682829115854      2.604112467768
    6      6.131957277656      0.581281776951      2.601672476836
    6      1.061013171930     -0.861618539724      2.604010457210
    6      2.732017903240      2.259189579049      2.572511905272
    6      3.757958890844      3.344547742027      2.611258945855
    6      2.498088093942     -2.844497151915      2.606332307842
    6      3.534580753516     -0.445932820986      2.603787003605
    6      4.968635048793      1.482005876463      2.605595086233
    6      3.597942075535     -5.057839642901      2.625075108361
    6      5.307693466935     -3.278696159358      2.613722208015
    6      6.052247091128     -0.761493874378      2.607360512347
    1    1
