   3   1   1 E -5.7067681601372E+02 DE-1.8E-08(  9)
  0.370158621205E+01 -0.641133538787E+01  0.000000000000E+00
  0.370158621205E+01  0.641133538787E+01  0.000000000000E+00
  0.000000000000E+00  0.000000000000E+00  0.868503800000E+01
    1
  0.100000000000E+01  0.000000000000E+00  0.000000000000E+00
  0.000000000000E+00  0.100000000000E+01  0.000000000000E+00
  0.000000000000E+00  0.000000000000E+00  0.100000000000E+01
  0.000000000000E+00  0.000000000000E+00  0.000000000000E+00
   15
    6      3.548733480296      4.867214418528      2.605321157333
    6      2.354434907342     -1.270872707998      2.607847377518
    6      3.608549201792      1.027792911501      2.602424340401
    6      5.117596696633      2.860419062503      2.604487384064
    6      3.861395804180     -3.878753996763      2.604857824692
    6      6.074555923145      0.498331956446      2.603374863335
    6      0.981350006711     -0.675896076786      2.603975729179
    6      2.777897233773      2.466991855753      2.610882297204
    6      3.814967319712      3.454686088208      2.609260647002
    6      2.631424882552     -2.847743158367      2.605112313194
    6      3.370309300462     -0.300647256082      2.604629040125
    6      4.984300214565      1.434947554541      2.602694237226
    6      3.691149116521     -5.363414620184      2.604279737901
    6      5.208782849178     -3.488035657679      2.610064001435
    6      5.966070385246     -0.922132169577      2.603460049391
    1    1
