   3   1   1 E -5.7052341975340E+02 DE 4.6E-11( 19)
  0.370158621205E+01 -0.641133538787E+01  0.000000000000E+00
  0.370158621205E+01  0.641133538787E+01  0.000000000000E+00
  0.000000000000E+00  0.000000000000E+00  0.868503800000E+01
    1
  0.100000000000E+01  0.000000000000E+00  0.000000000000E+00
  0.000000000000E+00  0.100000000000E+01  0.000000000000E+00
  0.000000000000E+00  0.000000000000E+00  0.100000000000E+01
  0.000000000000E+00  0.000000000000E+00  0.000000000000E+00
   15
    6      3.563882189343      4.869877435657      2.602978745056
    6      2.456384901669     -1.366103287742      2.604339096501
    6      3.536758651628      0.811429379728      2.608864157998
    6      4.972893784163      2.868303852009      2.603866240165
    6      3.849387967379     -3.663762860386      2.605740959703
    6      6.132154641001      0.621285679391      2.602907968515
    6      1.114466630657     -0.805076663404      2.603063284034
    6      2.593661799994      1.998938580936      2.597228975042
    6      3.758820780143      3.435887518862      2.605501355816
    6      2.496224596905     -2.843211515881      2.606191254351
    6      3.637683958951     -0.525366306874      2.602391430718
    6      4.955953317482      1.490191635048      2.604060047904
    6      3.605919797795     -5.041994819958      2.615761244165
    6      5.264041920456     -3.257997664876      2.614912548631
    6      6.053282384540     -0.729512758464      2.604863691403
    1    1
