   3   1   1 E -5.7059684178652E+02 DE 2.5E-10( 15)
  0.370158621205E+01 -0.641133538787E+01  0.000000000000E+00
  0.370158621205E+01  0.641133538787E+01  0.000000000000E+00
  0.000000000000E+00  0.000000000000E+00  0.868503800000E+01
    1
  0.100000000000E+01  0.000000000000E+00  0.000000000000E+00
  0.000000000000E+00  0.100000000000E+01  0.000000000000E+00
  0.000000000000E+00  0.000000000000E+00  0.100000000000E+01
  0.000000000000E+00  0.000000000000E+00  0.000000000000E+00
   15
    6      3.535549773265      4.786022856477      2.611224663272
    6      2.366145596875     -1.355243167670      2.607015175510
    6      3.420303466113      0.957725995083      2.630492276008
    6      5.064922423196      2.837228133526      2.610676481838
    6      3.993580413680     -3.767473358190      2.577050887305
    6      6.103297264355      0.529509023155      2.617634483763
    6      1.016952256583     -0.858112084576      2.613651381679
    6      2.807434557228      2.330124596674      2.599496984135
    6      3.845991230769      3.386960400664      2.612419883096
    6      2.538294794993     -2.834758244066      2.589808431327
    6      3.348030422242     -0.338541265940      2.595165258658
    6      4.973181686619      1.464749959737      2.621408534369
    6      3.607198836025     -5.127516726985      2.611221582571
    6      5.335422726609     -3.322352298970      2.572686295567
    6      6.035211873557     -0.825435614874      2.612718680901
    1    1
