   3   1   1 E -5.7067684119636E+02 DE-1.6E-10( 11)
  0.370158621205E+01 -0.641133538787E+01  0.000000000000E+00
  0.370158621205E+01  0.641133538787E+01  0.000000000000E+00
  0.000000000000E+00  0.000000000000E+00  0.868503800000E+01
    1
  0.100000000000E+01  0.000000000000E+00  0.000000000000E+00
  0.000000000000E+00  0.100000000000E+01  0.000000000000E+00
  0.000000000000E+00  0.000000000000E+00  0.100000000000E+01
  0.000000000000E+00  0.000000000000E+00  0.000000000000E+00
   15
    6      3.550443577054      4.868400551898      2.605907912893
    6      2.355635758786     -1.271303749411      2.605937699492
    6      3.606264246146      1.028841808033      2.605277368786
    6      5.118238015272      2.860272875458      2.605478450829
    6      3.860851396004     -3.877479311526      2.605884765150
    6      6.073585990196      0.498287228953      2.605184015905
    6      0.984320811352     -0.677723641671      2.606989754854
    6      2.776568996493      2.465611238800      2.605308601701
    6      3.815226907265      3.455458448165      2.605115809938
    6      2.632913668882     -2.848839016340      2.604960525185
    6      3.369574035320     -0.299899142544      2.604513135083
    6      4.982301657608      1.434058458544      2.604165909427
    6      3.688688968728     -5.362516069145      2.606382768451
    6      5.209603230363     -3.486542688811      2.605993419845
    6      5.967300062637     -0.923738786359      2.605570862460
    1    1
