   3   1   1 E -5.7040461593555E+02 DE 1.4E-09( 18)
  0.370158621205E+01 -0.641133538787E+01  0.000000000000E+00
  0.370158621205E+01  0.641133538787E+01  0.000000000000E+00
  0.000000000000E+00  0.000000000000E+00  0.868503800000E+01
    1
  0.100000000000E+01  0.000000000000E+00  0.000000000000E+00
  0.000000000000E+00  0.100000000000E+01  0.000000000000E+00
  0.000000000000E+00  0.000000000000E+00  0.100000000000E+01
  0.000000000000E+00  0.000000000000E+00  0.000000000000E+00
   15
    6      3.639875003515      4.946968902681      2.603904302740
    6      2.467744297268     -1.392928656396      2.605144973806
    6      3.662454870886      0.769377561095      2.603841555477
    6      4.959632610093      2.863266303847      2.604733177228
    6      3.757611190807     -3.603038579446      2.608082962965
    6      6.149308843553      0.674369912546      2.605256317861
    6      1.170391636157     -0.751749626435      2.603408360395
    6      2.506129404669      1.587224340402      2.598424179553
    6      3.736867962650      3.530320170818      2.603349459773
    6      2.497401367526     -2.842582031725      2.606614984038
    6      3.682888995362     -0.635466113288      2.604933209119
    6      4.946521793672      1.454661383498      2.604021648025
    6      3.675297364983     -5.034076548179      2.610947142775
    6      5.044553488897     -2.972225390176      2.616314259352
    6      6.094838492067     -0.731233425197      2.603694466893
    1    1
