   3   1   1 E -5.7067926694589E+02 DE-3.5E-10( 13)
  0.370158621205E+01 -0.641133538787E+01  0.000000000000E+00
  0.370158621205E+01  0.641133538787E+01  0.000000000000E+00
  0.000000000000E+00  0.000000000000E+00  0.868503800000E+01
    1
  0.100000000000E+01  0.000000000000E+00  0.000000000000E+00
  0.000000000000E+00  0.100000000000E+01  0.000000000000E+00
  0.000000000000E+00  0.000000000000E+00  0.100000000000E+01
  0.000000000000E+00  0.000000000000E+00  0.000000000000E+00
   15
    6      3.835637473597      5.216335524352      2.605406457810
    6      2.575964367312     -1.507161201486      2.608813878803
    6      3.547783401072      0.630743269134      2.604852582275
    6      4.824668336373      2.923238976261      2.603277773256
    6      3.775099309935     -3.573362348469      2.605941533877
    6      5.045375154460     -1.427393637521      2.610890134615
    6      6.026161660969      0.841368977255      2.602836780061
    6      1.463432624010     -0.574052990149      2.605611981220
    6      2.106232697761      0.730358704306      2.602651620123
    6      3.743143088560      3.797865130457      2.604349635220
    6      2.496630606978     -2.898663866938      2.606935222692
    6      3.800783312922     -0.800569196395      2.608096238374
    6      4.752133841346      1.470889395130      2.602664385700
    6      4.989597959509     -2.872443491443      2.605621863158
    6      6.242735557983     -0.532412047192      2.604720912816
    1    1
