   3   1   1 E -5.7030796972794E+02 DE 3.0E-09( 19)
  0.370158621205E+01 -0.641133538787E+01  0.000000000000E+00
  0.370158621205E+01  0.641133538787E+01  0.000000000000E+00
  0.000000000000E+00  0.000000000000E+00  0.868503800000E+01
    1
  0.100000000000E+01  0.000000000000E+00  0.000000000000E+00
  0.000000000000E+00  0.100000000000E+01  0.000000000000E+00
  0.000000000000E+00  0.000000000000E+00  0.100000000000E+01
  0.000000000000E+00  0.000000000000E+00  0.000000000000E+00
   15
    6      3.943192239966      5.388281858807      2.695852563028
    6      2.607702953847     -1.502218072425      2.607685873041
    6      3.521497102130      0.541237139374      2.557533425719
    6      4.764738942306      2.992781215735      2.643360193477
    6      3.723358766964     -3.622282718632      2.458078748304
    6      5.109108049360     -1.486044732969      2.653406836432
    6      5.992586055659      0.976731093961      2.715766180505
    6      1.613735688729     -0.483970714976      2.725909832908
    6      1.891427365335      0.329927026234      2.220410049725
    6      3.808535046444      3.978180344107      2.651828852910
    6      2.482278367242     -2.915224523828      2.607394267879
    6      3.865692785704     -0.882570852400      2.587007377606
    6      4.715678878700      1.511683080664      2.672333757981
    6      4.894942043188     -2.986196895035      2.599428422269
    6      6.290905107215     -0.415572051316      2.686674618216
    1    1
