   3   1   1 E -5.7067999464815E+02 DE 1.9E-11( 12)
  0.370158621205E+01 -0.641133538787E+01  0.000000000000E+00
  0.370158621205E+01  0.641133538787E+01  0.000000000000E+00
  0.000000000000E+00  0.000000000000E+00  0.868503800000E+01
    1
  0.100000000000E+01  0.000000000000E+00  0.000000000000E+00
  0.000000000000E+00  0.100000000000E+01  0.000000000000E+00
  0.000000000000E+00  0.000000000000E+00  0.100000000000E+01
  0.000000000000E+00  0.000000000000E+00  0.000000000000E+00
   15
    6      3.835733627164      5.216361221656      2.605545711564
    6      2.575907612444     -1.506931105355      2.605662589566
    6      3.548200485385      0.630519756498      2.605366836331
    6      4.824650481134      2.923264360730      2.605525442365
    6      3.774400594382     -3.573562786120      2.605549246507
    6      5.045211240325     -1.427589963543      2.605543899918
    6      6.026404505455      0.841691240104      2.605420336632
    6      1.463452045672     -0.573782351671      2.605585147359
    6      2.106769437335      0.730079362438      2.605376313174
    6      3.743568006392      3.797800899375      2.605541918837
    6      2.496413302713     -2.898361599200      2.605613040059
    6      3.800748749511     -0.800644266503      2.605491622737
    6      4.752346083646      1.470902460504      2.605400082947
    6      4.988800064899     -2.872613315219      2.605556618788
    6      6.242773156333     -0.532392716392      2.605492193215
    1    1
