   3   1   1 E -5.7067679223455E+02 DE-9.4E-10( 15)
  0.370158621205E+01 -0.641133538787E+01  0.000000000000E+00
  0.370158621205E+01  0.641133538787E+01  0.000000000000E+00
  0.000000000000E+00  0.000000000000E+00  0.868503800000E+01
    1
  0.100000000000E+01  0.000000000000E+00  0.000000000000E+00
  0.000000000000E+00  0.100000000000E+01  0.000000000000E+00
  0.000000000000E+00  0.000000000000E+00  0.100000000000E+01
  0.000000000000E+00  0.000000000000E+00  0.000000000000E+00
   15
    6      3.847685620769      5.230434965958      2.578668248657
    6      2.569108818550     -1.495519751002      2.605068119337
    6      3.577014192343      0.623662066508      2.614935854179
    6      4.821267216674      2.931508776662      2.619124723104
    6      3.712662751921     -3.603212860695      2.632556252384
    6      5.041155496916     -1.453105088822      2.612707166062
    6      6.049989025086      0.864839100302      2.587363186805
    6      1.470919163765     -0.564504401682      2.596225741339
    6      2.146699160082      0.737178159591      2.545455434160
    6      3.770108139544      3.815728732428      2.590466370083
    6      2.473588977979     -2.888305034860      2.645242459983
    6      3.805503490066     -0.812966697144      2.612172184130
    6      4.779988498990      1.472674168454      2.603881524055
    6      4.907320628255     -2.908100584435      2.658763262123
    6      6.252368211852     -0.525570353963      2.580040473599
    1    1
