   3   1   1 E -5.7064995493810E+02 DE 7.1E-09( 15)
  0.370158621205E+01 -0.641133538787E+01  0.000000000000E+00
  0.370158621205E+01  0.641133538787E+01  0.000000000000E+00
  0.000000000000E+00  0.000000000000E+00  0.868503800000E+01
    1
  0.100000000000E+01  0.000000000000E+00  0.000000000000E+00
  0.000000000000E+00  0.100000000000E+01  0.000000000000E+00
  0.000000000000E+00  0.000000000000E+00  0.100000000000E+01
  0.000000000000E+00  0.000000000000E+00  0.000000000000E+00
   15
    6      3.865003260143      5.294071623586      2.687520565598
    6      2.581127423674     -1.500603070509      2.547597004139
    6      3.565947044891      0.583862458374      2.617093769667
    6      4.800689502439      2.960825472954      2.599970903688
    6      3.719346364039     -3.607787536245      2.403204353619
    6      5.069410735946     -1.464230128847      2.697818690984
    6      6.021603794842      0.917689942063      2.672877215199
    6      1.502059805520     -0.616910127446      2.695300394699
    6      2.087661780022      0.637750439125      2.401374304150
    6      3.790966628473      3.884928428806      2.643564884298
    6      2.478894271212     -2.909991997727      2.507736906597
    6      3.828026342390     -0.835695417561      2.622427245474
    6      4.748147982869      1.495856116044      2.689550567805
    6      4.912381129142     -2.944687126168      2.619951765503
    6      6.254113327187     -0.470337879148      2.676682428580
    1    1
