   3   1   1 E -5.7067919659458E+02 DE 3.2E-12( 16)
  0.370158621205E+01 -0.641133538787E+01  0.000000000000E+00
  0.370158621205E+01  0.641133538787E+01  0.000000000000E+00
  0.000000000000E+00  0.000000000000E+00  0.868503800000E+01
    1
  0.100000000000E+01  0.000000000000E+00  0.000000000000E+00
  0.000000000000E+00  0.100000000000E+01  0.000000000000E+00
  0.000000000000E+00  0.000000000000E+00  0.100000000000E+01
  0.000000000000E+00  0.000000000000E+00  0.000000000000E+00
   15
    6      3.837306101878      5.217274152578      2.601542585793
    6      2.577198219550     -1.506422990627      2.605365500821
    6      3.548790946946      0.632170764183      2.593434806320
    6      4.825923803963      2.923116557736      2.613731537665
    6      3.769200853805     -3.578224967134      2.621198164342
    6      5.045048036035     -1.429918560211      2.611840712230
    6      6.027190162832      0.842476531267      2.608274524581
    6      1.466227078626     -0.571329924804      2.591725140737
    6      2.109922198533      0.731254882925      2.580663082271
    6      3.747420183854      3.799042094509      2.610561457564
    6      2.494447952946     -2.897659045050      2.614488083937
    6      3.800905727587     -0.800648000573      2.609491433292
    6      4.753221553987      1.471012823721      2.601728914293
    6      4.979288396542     -2.874738978713      2.611628609235
    6      6.243288175708     -0.532664142506      2.606996446918
    1    1
