   3   1   1 E -5.7067927419851E+02 DE 9.5E-11( 11)
  0.370158621205E+01 -0.641133538787E+01  0.000000000000E+00
  0.370158621205E+01  0.641133538787E+01  0.000000000000E+00
  0.000000000000E+00  0.000000000000E+00  0.868503800000E+01
    1
  0.100000000000E+01  0.000000000000E+00  0.000000000000E+00
  0.000000000000E+00  0.100000000000E+01  0.000000000000E+00
  0.000000000000E+00  0.000000000000E+00  0.100000000000E+01
  0.000000000000E+00  0.000000000000E+00  0.000000000000E+00
   15
    6      3.835752397679      5.216349917498      2.605493015921
    6      2.575928784497     -1.506965269144      2.605443698078
    6      3.548150363565      0.630551668235      2.605368111232
    6      4.824662803548      2.923248287866      2.605520758668
    6      3.774422595211     -3.573592254776      2.605397112725
    6      5.045211769003     -1.427575318866      2.605587171234
    6      6.026382385335      0.841696356130      2.605597853790
    6      1.463479645382     -0.573812118801      2.605532963000
    6      2.106750175512      0.730203592168      2.605652906185
    6      3.743552672160      3.797780510220      2.605497626096
    6      2.496425317898     -2.898404946787      2.605387261613
    6      3.800736741885     -0.800636252335      2.605526829708
    6      4.752325432369      1.470900475245      2.605505805506
    6      4.988808824400     -2.872611573646      2.605667476428
    6      6.242789484346     -0.532391875703      2.605492409817
    1    1
