   3   1   1 E -5.7067927382534E+02 DE-4.9E-11( 13)
  0.370158621205E+01 -0.641133538787E+01  0.000000000000E+00
  0.370158621205E+01  0.641133538787E+01  0.000000000000E+00
  0.000000000000E+00  0.000000000000E+00  0.868503800000E+01
    1
  0.100000000000E+01  0.000000000000E+00  0.000000000000E+00
  0.000000000000E+00  0.100000000000E+01  0.000000000000E+00
  0.000000000000E+00  0.000000000000E+00  0.100000000000E+01
  0.000000000000E+00  0.000000000000E+00  0.000000000000E+00
   15
    6      3.835807145978      5.216422843733      2.605424074554
    6      2.575948720761     -1.507002225880      2.605687827467
    6      3.548119146529      0.630543155949      2.606450519167
    6      4.824597284587      2.923315968919      2.605751991054
    6      3.774353482650     -3.573620444638      2.605679517126
    6      5.045271093381     -1.427614689469      2.604571964611
    6      6.026381817999      0.841689487964      2.605476258486
    6      1.463589488554     -0.573804856976      2.605667127531
    6      2.106700992275      0.730101505053      2.604467444883
    6      3.743546808945      3.797895012985      2.605419093375
    6      2.496381077163     -2.898380641994      2.605679661555
    6      3.800778728051     -0.800693848611      2.606315499797
    6      4.752305635029      1.470915702037      2.605914182675
    6      4.988781765920     -2.872675362862      2.604938818057
    6      6.242816204970     -0.532350408906      2.605227019662
    1    1
