   3   1   1 E -5.7061215245862E+02 DE 5.6E-09( 16)
  0.370158621205E+01 -0.641133538787E+01  0.000000000000E+00
  0.370158621205E+01  0.641133538787E+01  0.000000000000E+00
  0.000000000000E+00  0.000000000000E+00  0.868503800000E+01
    1
  0.100000000000E+01  0.000000000000E+00  0.000000000000E+00
  0.000000000000E+00  0.100000000000E+01  0.000000000000E+00
  0.000000000000E+00  0.000000000000E+00  0.100000000000E+01
  0.000000000000E+00  0.000000000000E+00  0.000000000000E+00
   15
    6      3.737427859739      5.043140957440      2.603489688035
    6      2.490291136603     -1.437288290104      2.601281907706
    6      3.676694558402      0.684044579681      2.636796308374
    6      4.913616311119      2.872901261464      2.603200801698
    6      3.707441385119     -3.572763185957      2.565867893829
    6      4.958471975185     -1.432576633633      2.592111067427
    6      6.141715009487      0.765048343586      2.605259654236
    6      1.287791073329     -0.694858469411      2.604483783951
    6      2.382901219768      1.263338768048      2.684963055865
    6      3.719721426585      3.624763087193      2.604325728915
    6      2.473968855612     -2.862133200738      2.589053619353
    6      3.722307046284     -0.738525931126      2.610094994307
    6      4.905096499483      1.442226093953      2.615304896653
    6      4.919086673117     -2.870825871063      2.564220529429
    6      6.188848362958     -0.661750312030      2.602217070223
    1    1
