   3   1   1 E -5.7067715681615E+02 DE-3.2E-12( 18)
  0.370158621205E+01 -0.641133538787E+01  0.000000000000E+00
  0.370158621205E+01  0.641133538787E+01  0.000000000000E+00
  0.000000000000E+00  0.000000000000E+00  0.868503800000E+01
    1
  0.100000000000E+01  0.000000000000E+00  0.000000000000E+00
  0.000000000000E+00  0.100000000000E+01  0.000000000000E+00
  0.000000000000E+00  0.000000000000E+00  0.100000000000E+01
  0.000000000000E+00  0.000000000000E+00  0.000000000000E+00
   15
    6      3.844119066077      5.225460449983      2.593657713230
    6      2.573353336022     -1.494328905762      2.627090978018
    6      3.573214784440      0.624099879366      2.628469759849
    6      4.823039533210      2.927027745893      2.600065754026
    6      3.720962056928     -3.596418251701      2.585321593126
    6      5.040688983134     -1.443590912451      2.603529675819
    6      6.047009369410      0.856063729614      2.611622369272
    6      1.470580893387     -0.552580236048      2.594766229409
    6      2.142073236889      0.710177862108      2.594984543993
    6      3.765435161901      3.808627348856      2.619913586834
    6      2.475857760504     -2.882759982931      2.580495760596
    6      3.805765375819     -0.807000304552      2.639204141315
    6      4.772447025876      1.469531007564      2.586644127441
    6      4.919125051452     -2.890529040251      2.611693317361
    6      6.251707757741     -0.529039192384      2.605211449711
    1    1
