   3   1   1 E -5.7067581062534E+02 DE 8.5E-11( 17)
  0.370158621205E+01 -0.641133538787E+01  0.000000000000E+00
  0.370158621205E+01  0.641133538787E+01  0.000000000000E+00
  0.000000000000E+00  0.000000000000E+00  0.868503800000E+01
    1
  0.100000000000E+01  0.000000000000E+00  0.000000000000E+00
  0.000000000000E+00  0.100000000000E+01  0.000000000000E+00
  0.000000000000E+00  0.000000000000E+00  0.100000000000E+01
  0.000000000000E+00  0.000000000000E+00  0.000000000000E+00
   15
    6      3.853465471114      5.237598246242      2.578556932407
    6      2.568137527131     -1.497635685617      2.624883705544
    6      3.573438834983      0.625933817596      2.620816657903
    6      4.820638292699      2.934802959348      2.640502595964
    6      3.712254292061     -3.607923336329      2.587401288172
    6      5.043105332987     -1.461885216788      2.601165676942
    6      6.047558938195      0.869921639171      2.621017392137
    6      1.476929967125     -0.570678449758      2.579650484453
    6      2.138507609152      0.755734129541      2.574478594755
    6      3.776938494572      3.822091735149      2.589205238345
    6      2.474512104053     -2.895853580229      2.653260323497
    6      3.805173394278     -0.816820196803      2.622171016764
    6      4.780875598790      1.476299836365      2.643539064557
    6      4.901583765954     -2.923576519358      2.562566435487
    6      6.252259769695     -0.523268181225      2.583455593072
    1    1
