   3   1   1 E -5.7067924637880E+02 DE-4.1E-10( 13)
  0.370158621205E+01 -0.641133538787E+01  0.000000000000E+00
  0.370158621205E+01  0.641133538787E+01  0.000000000000E+00
  0.000000000000E+00  0.000000000000E+00  0.868503800000E+01
    1
  0.100000000000E+01  0.000000000000E+00  0.000000000000E+00
  0.000000000000E+00  0.100000000000E+01  0.000000000000E+00
  0.000000000000E+00  0.000000000000E+00  0.100000000000E+01
  0.000000000000E+00  0.000000000000E+00  0.000000000000E+00
   15
    6      3.836761082766      5.216673259304      2.604366778807
    6      2.576590154307     -1.506887066841      2.605003124587
    6      3.548432441221      0.630888559231      2.607672520025
    6      4.825246603012      2.923471420297      2.607456754395
    6      3.771855583673     -3.575714433445      2.608903955402
    6      5.045206335034     -1.428479630713      2.602015142270
    6      6.026544185181      0.842570558351      2.611223562925
    6      1.464808122771     -0.573043458616      2.600811040550
    6      2.108357254181      0.730747175229      2.596042745370
    6      3.745107522655      3.798141666718      2.610064290004
    6      2.495322809037     -2.897970351620      2.604674238704
    6      3.800832212202     -0.800825695393      2.601121546925
    6      4.752493371314      1.471202355628      2.606607634622
    6      4.984761553267     -2.873684157675      2.608437417641
    6      6.243060162170     -0.532349003152      2.608270247772
    1    1
