   3   1   1 E -5.7067926089858E+02 DE-9.6E-11( 14)
  0.370158621205E+01 -0.641133538787E+01  0.000000000000E+00
  0.370158621205E+01  0.641133538787E+01  0.000000000000E+00
  0.000000000000E+00  0.000000000000E+00  0.868503800000E+01
    1
  0.100000000000E+01  0.000000000000E+00  0.000000000000E+00
  0.000000000000E+00  0.100000000000E+01  0.000000000000E+00
  0.000000000000E+00  0.000000000000E+00  0.100000000000E+01
  0.000000000000E+00  0.000000000000E+00  0.000000000000E+00
   15
    6      3.836441643679      5.216351014125      2.604773328689
    6      2.576311196280     -1.506782234169      2.606145176401
    6      3.548535954332      0.630798737984      2.607053649420
    6      4.825288243676      2.923490508295      2.604988837583
    6      3.772405647606     -3.575019647715      2.606251049617
    6      5.045167787114     -1.428164487726      2.603699677964
    6      6.026628270503      0.842290975794      2.609382721439
    6      1.464174546804     -0.573453378354      2.603533539427
    6      2.108111108023      0.730671022270      2.599945753938
    6      3.744687166708      3.797771824540      2.608171848042
    6      2.495515253320     -2.897934890420      2.604377318829
    6      3.800820367718     -0.800672257140      2.603604410513
    6      4.752628643601      1.471201268173      2.605250147705
    6      4.985706169403     -2.873351533755      2.608081956844
    6      6.242957394024     -0.532455724598      2.607411583588
    1    1
