   3   1   1 E -5.7061581889061E+02 DE 1.1E-13( 23)
  0.370158621205E+01 -0.641133538787E+01  0.000000000000E+00
  0.370158621205E+01  0.641133538787E+01  0.000000000000E+00
  0.000000000000E+00  0.000000000000E+00  0.868503800000E+01
    1
  0.100000000000E+01  0.000000000000E+00  0.000000000000E+00
  0.000000000000E+00  0.100000000000E+01  0.000000000000E+00
  0.000000000000E+00  0.000000000000E+00  0.100000000000E+01
  0.000000000000E+00  0.000000000000E+00  0.000000000000E+00
   15
    6      3.761719380991      5.121108152236      2.632906860615
    6      2.518760520722     -1.479263466258      2.786787520899
    6      3.645990792553      0.658574458082      2.423782845241
    6      4.864748583352      2.903686262374      2.582203625291
    6      3.703940777742     -3.588875271444      2.691130593851
    6      4.998203481250     -1.433691996185      2.540360516402
    6      6.094060642462      0.819349775373      2.588594042845
    6      1.335603835910     -0.757319686148      2.662998393379
    6      2.365921381515      1.128567908165      2.633598663105
    6      3.745554982926      3.714933923540      2.595583364884
    6      2.468165996555     -2.889067233945      2.689839664840
    6      3.757099778492     -0.762347044251      2.586041953759
    6      4.836904859976      1.461844077831      2.458514011701
    6      4.922109796778     -2.889287575424      2.590547635008
    6      6.206594581568     -0.583471086642      2.619781308179
    1    1
