   3   1   1 E -5.7067789494301E+02 DE 3.0E-09( 11)
  0.370158621205E+01 -0.641133538787E+01  0.000000000000E+00
  0.370158621205E+01  0.641133538787E+01  0.000000000000E+00
  0.000000000000E+00  0.000000000000E+00  0.868503800000E+01
    1
  0.100000000000E+01  0.000000000000E+00  0.000000000000E+00
  0.000000000000E+00  0.100000000000E+01  0.000000000000E+00
  0.000000000000E+00  0.000000000000E+00  0.100000000000E+01
  0.000000000000E+00  0.000000000000E+00  0.000000000000E+00
   15
    6      3.843338188503      5.223140747948      2.596508720711
    6      2.574428798656     -1.496907710963      2.629163353631
    6      3.568842672696      0.628647934699      2.618513217027
    6      4.824226494201      2.925400407758      2.599882251687
    6      3.727094873510     -3.595681510578      2.594511368129
    6      5.040894015703     -1.442848126535      2.611389762853
    6      6.044246377652      0.853438227803      2.595819138531
    6      1.471421952081     -0.556528281619      2.590898514331
    6      2.138653236075      0.721352536303      2.586662576264
    6      3.764799783689      3.805863395806      2.619078275413
    6      2.478641838499     -2.885754780676      2.583401575899
    6      3.804056447143     -0.805056766986      2.638667656749
    6      4.769767413383      1.469895344322      2.598476041440
    6      4.924517566820     -2.889341709538      2.610773592292
    6      6.250449734181     -0.530878510442      2.608924955042
    1    1
