   3   1   1 E -5.7067911945740E+02 DE 8.1E-11( 15)
  0.370158621205E+01 -0.641133538787E+01  0.000000000000E+00
  0.370158621205E+01  0.641133538787E+01  0.000000000000E+00
  0.000000000000E+00  0.000000000000E+00  0.868503800000E+01
    1
  0.100000000000E+01  0.000000000000E+00  0.000000000000E+00
  0.000000000000E+00  0.100000000000E+01  0.000000000000E+00
  0.000000000000E+00  0.000000000000E+00  0.100000000000E+01
  0.000000000000E+00  0.000000000000E+00  0.000000000000E+00
   15
    6      3.836357275653      5.216105491887      2.604661225575
    6      2.575892543406     -1.504809645283      2.607880022816
    6      3.551814639101      0.634286489623      2.603134272197
    6      4.827617581919      2.923396015389      2.604478574221
    6      3.764691497201     -3.579940643930      2.612495962588
    6      5.045193956803     -1.431870442357      2.611515393949
    6      6.030334100088      0.841777752731      2.601689351961
    6      1.463700099354     -0.573224323036      2.604391850333
    6      2.112502749493      0.734993532177      2.588112058493
    6      3.749604731224      3.799377339416      2.599652340925
    6      2.492878559672     -2.896469684571      2.609157161639
    6      3.801742546595     -0.799802254066      2.608260819674
    6      4.756930938921      1.471493413959      2.616253049676
    6      4.972340827448     -2.876426488129      2.609389477593
    6      6.243777345913     -0.534145356506      2.601599438360
    1    1
