   3   1   1 E -5.7067898972692E+02 DE-3.1E-11( 16)
  0.370158621205E+01 -0.641133538787E+01  0.000000000000E+00
  0.370158621205E+01  0.641133538787E+01  0.000000000000E+00
  0.000000000000E+00  0.000000000000E+00  0.868503800000E+01
    1
  0.100000000000E+01  0.000000000000E+00  0.000000000000E+00
  0.000000000000E+00  0.100000000000E+01  0.000000000000E+00
  0.000000000000E+00  0.000000000000E+00  0.100000000000E+01
  0.000000000000E+00  0.000000000000E+00  0.000000000000E+00
   15
    6      3.836340852154      5.215928404894      2.602877711357
    6      2.575486247383     -1.504369449509      2.607284706332
    6      3.552835253199      0.635427006850      2.601906785152
    6      4.828107699388      2.923467250054      2.614464848065
    6      3.762601216632     -3.581038555027      2.615748804638
    6      5.045210874451     -1.433074280696      2.615261474844
    6      6.031504221866      0.841943985805      2.602545210695
    6      1.463472106108     -0.573925935297      2.604201305692
    6      2.113467063825      0.736930769411      2.582464160065
    6      3.751152240648      3.799650605713      2.592848260250
    6      2.492250507222     -2.896188349608      2.607431722245
    6      3.801920436773     -0.799583660607      2.606243889220
    6      4.758330624081      1.471784528489      2.619557838580
    6      4.968587038631     -2.877673088919      2.610919610129
    6      6.244113010429     -0.534538034250      2.598914672735
    1    1
