   3   1   1 E -5.7068001799209E+02 DE 6.9E-09( 18)
  0.370158621205E+01 -0.641133538787E+01  0.000000000000E+00
  0.370158621205E+01  0.641133538787E+01  0.000000000000E+00
  0.000000000000E+00  0.000000000000E+00  0.868503800000E+01
    1
  0.100000000000E+01  0.000000000000E+00  0.000000000000E+00
  0.000000000000E+00  0.100000000000E+01  0.000000000000E+00
  0.000000000000E+00  0.000000000000E+00  0.100000000000E+01
  0.000000000000E+00  0.000000000000E+00  0.000000000000E+00
   15
    6      3.836062956449      5.216949567198      2.605482217139
    6      2.576672217573     -1.507383519455      2.605707074918
    6      3.547203690631      0.630253901615      2.605380255216
    6      4.824454791370      2.923335472708      2.605565611556
    6      3.775518709762     -3.572912076806      2.605488179486
    6      5.045558157315     -1.427071310713      2.605602213277
    6      6.025582079979      0.841722629148      2.605658392878
    6      1.464442069403     -0.572140119994      2.605485863013
    6      2.104141595257      0.725014832698      2.604809259341
    6      3.743728964055      3.798597549539      2.605542040165
    6      2.496865203767     -2.898476939662      2.605592256886
    6      3.800972958870     -0.800611423582      2.605664259219
    6      4.751080092760      1.470987082683      2.605507083145
    6      4.990001595560     -2.871661934862      2.605587379903
    6      6.243094310038     -0.531862513212      2.605598913858
    1    1
