   3   1   1 E -5.7055774912168E+02 DE-2.2E-10( 20)
  0.370158621205E+01 -0.641133538787E+01  0.000000000000E+00
  0.370158621205E+01  0.641133538787E+01  0.000000000000E+00
  0.000000000000E+00  0.000000000000E+00  0.868503800000E+01
    1
  0.100000000000E+01  0.000000000000E+00  0.000000000000E+00
  0.000000000000E+00  0.100000000000E+01  0.000000000000E+00
  0.000000000000E+00  0.000000000000E+00  0.100000000000E+01
  0.000000000000E+00  0.000000000000E+00  0.000000000000E+00
   15
    6      3.816517447905      5.206735544775      2.771989657142
    6      2.571002698705     -1.552636230018      2.660139310555
    6      3.573328493426      0.642424103972      2.487705154956
    6      4.804907605234      2.940651363633      2.633379071884
    6      3.731452727291     -3.627318024559      2.506693966369
    6      5.060178658021     -1.457352665379      2.649436484792
    6      6.042607066947      0.888019805296      2.707582267117
    6      1.444453842429     -0.767953415180      3.049272412576
    6      2.197564260403      1.029467013894      1.814088530833
    6      3.730936587638      3.839474721583      2.675202892455
    6      2.487121177300     -2.930027676481      2.572290564580
    6      3.799358080123     -0.822706836640      2.589316023037
    6      4.767378593880      1.486058650270      2.656697691839
    6      4.958341072784     -2.934858444287      2.608200493490
    6      6.240231080705     -0.515236713575      2.700676478376
    1    1
