   3   1   1 E -5.7065654548875E+02 DE-1.7E-10( 19)
  0.370158621205E+01 -0.641133538787E+01  0.000000000000E+00
  0.370158621205E+01  0.641133538787E+01  0.000000000000E+00
  0.000000000000E+00  0.000000000000E+00  0.868503800000E+01
    1
  0.100000000000E+01  0.000000000000E+00  0.000000000000E+00
  0.000000000000E+00  0.100000000000E+01  0.000000000000E+00
  0.000000000000E+00  0.000000000000E+00  0.100000000000E+01
  0.000000000000E+00  0.000000000000E+00  0.000000000000E+00
   15
    6      3.814266112072      5.172198723827      2.600897919129
    6      2.535511208906     -1.466936958160      2.591295160274
    6      3.617975593862      0.628956880609      2.605341856626
    6      4.856362062586      2.921319854280      2.588571933312
    6      3.721186407455     -3.595408436177      2.597177913175
    6      5.014893400212     -1.453839775965      2.596843396242
    6      6.081687777377      0.860075337285      2.595872513841
    6      1.410407787415     -0.640114786103      2.606451853374
    6      2.195583605186      0.923562012056      2.753164970422
    6      3.751617216813      3.767359429835      2.594604905546
    6      2.483668370039     -2.889206137146      2.573840762709
    6      3.772600404007     -0.797519319751      2.591750916634
    6      4.835628552935      1.473363349615      2.604503243329
    6      4.906471804304     -2.919234615529      2.589081754762
    6      6.227519089622     -0.559834361374      2.593271900625
    1    1
