   3   1   1 E -5.7065876887266E+02 DE 4.4E-11( 15)
  0.370158621205E+01 -0.641133538787E+01  0.000000000000E+00
  0.370158621205E+01  0.641133538787E+01  0.000000000000E+00
  0.000000000000E+00  0.000000000000E+00  0.868503800000E+01
    1
  0.100000000000E+01  0.000000000000E+00  0.000000000000E+00
  0.000000000000E+00  0.100000000000E+01  0.000000000000E+00
  0.000000000000E+00  0.000000000000E+00  0.100000000000E+01
  0.000000000000E+00  0.000000000000E+00  0.000000000000E+00
   15
    6      3.809378324191      5.193598384711      2.671329966474
    6      2.547302174196     -1.486076228571      2.565865157278
    6      3.604862447741      0.641980617078      2.574956749657
    6      4.843171556508      2.921779917659      2.584560982123
    6      3.721221454565     -3.590713866457      2.591795964252
    6      5.017395515891     -1.458075408513      2.597715294891
    6      6.064357555819      0.840649225147      2.656438365694
    6      1.421222001343     -0.637461698072      2.624517528368
    6      2.222601647879      0.906420027180      2.597233951781
    6      3.772077325218      3.779067218076      2.664789354876
    6      2.481397023280     -2.897248205302      2.539337505985
    6      3.783265515877     -0.795597336424      2.572371513687
    6      4.812504848138      1.469889026604      2.585955955576
    6      4.902442380332     -2.914494509894      2.597469048046
    6      6.222179621811     -0.548975965919      2.658333661312
    1    1
