   3   1   1 E -5.7068001949026E+02 DE-1.9E-10( 13)
  0.370158621205E+01 -0.641133538787E+01  0.000000000000E+00
  0.370158621205E+01  0.641133538787E+01  0.000000000000E+00
  0.000000000000E+00  0.000000000000E+00  0.868503800000E+01
    1
  0.100000000000E+01  0.000000000000E+00  0.000000000000E+00
  0.000000000000E+00  0.100000000000E+01  0.000000000000E+00
  0.000000000000E+00  0.000000000000E+00  0.100000000000E+01
  0.000000000000E+00  0.000000000000E+00  0.000000000000E+00
   15
    6      3.836538390045      5.217121617641      2.605365323388
    6      2.576743966347     -1.507540307506      2.607194574976
    6      3.547080083517      0.630245289032      2.604745578593
    6      4.824269454740      2.923410849577      2.604719577857
    6      3.775111602707     -3.573188125515      2.605582594003
    6      5.045591494009     -1.427050584206      2.606880878247
    6      6.025571917620      0.842214480583      2.604868828797
    6      1.465069426209     -0.571941570540      2.606216189500
    6      2.103950855782      0.724353328393      2.602630003847
    6      3.743923095838      3.798532445192      2.604724515007
    6      2.496672043600     -2.898379153922      2.606363841205
    6      3.801043401431     -0.800758384666      2.606188433857
    6      4.750977188821      1.471117270667      2.604753449068
    6      4.989504943044     -2.871721304414      2.606391862900
    6      6.243331529080     -0.531674653012      2.606045348756
    1    1
