   3   1   1 E -5.7067030657465E+02 DE 7.8E-11( 17)
  0.370158621205E+01 -0.641133538787E+01  0.000000000000E+00
  0.370158621205E+01  0.641133538787E+01  0.000000000000E+00
  0.000000000000E+00  0.000000000000E+00  0.868503800000E+01
    1
  0.100000000000E+01  0.000000000000E+00  0.000000000000E+00
  0.000000000000E+00  0.100000000000E+01  0.000000000000E+00
  0.000000000000E+00  0.000000000000E+00  0.100000000000E+01
  0.000000000000E+00  0.000000000000E+00  0.000000000000E+00
   15
    6      3.842119357994      5.229045223266      2.647992083476
    6      2.561882680455     -1.495334816064      2.662033314405
    6      3.580802843818      0.631554055391      2.529601554771
    6      4.826690979565      2.932788836103      2.629202017721
    6      3.717171498490     -3.602440910254      2.647802019059
    6      5.036190243082     -1.464616926630      2.562063772244
    6      6.049838637111      0.862653809255      2.642869965426
    6      1.464484869717     -0.594239707825      2.622553220266
    6      2.157146148119      0.803882703513      2.499216341800
    6      3.780046279609      3.813430272707      2.646896746762
    6      2.478521894334     -2.900458547863      2.643392617533
    6      3.799202568641     -0.812123379450      2.586044071067
    6      4.789847903738      1.476139218839      2.581030393862
    6      4.899713763665     -2.927036891953      2.537332669486
    6      6.241719724452     -0.528501741730      2.644640212122
    1    1
