   3   1   1 E -5.7067926570334E+02 DE 2.9E-11( 14)
  0.370158621205E+01 -0.641133538787E+01  0.000000000000E+00
  0.370158621205E+01  0.641133538787E+01  0.000000000000E+00
  0.000000000000E+00  0.000000000000E+00  0.868503800000E+01
    1
  0.100000000000E+01  0.000000000000E+00  0.000000000000E+00
  0.000000000000E+00  0.100000000000E+01  0.000000000000E+00
  0.000000000000E+00  0.000000000000E+00  0.100000000000E+01
  0.000000000000E+00  0.000000000000E+00  0.000000000000E+00
   15
    6      3.835796338058      5.216486793998      2.606269259506
    6      2.575971815447     -1.506797868174      2.606048610202
    6      3.548141574916      0.630479024945      2.605283821621
    6      4.824758844392      2.923456240174      2.608131743323
    6      3.774450179160     -3.573392872526      2.605124699824
    6      5.045392514540     -1.427459431775      2.601713883964
    6      6.026356488038      0.841362649144      2.604079163488
    6      1.463509084675     -0.573471956265      2.607516290037
    6      2.106546046433      0.728762304081      2.602943366695
    6      3.743402314837      3.797992513261      2.605511044788
    6      2.496249928956     -2.898182612720      2.608098243182
    6      3.800980997351     -0.800590010852      2.605931482302
    6      4.752310543992      1.470929769783      2.608340685995
    6      4.988752988889     -2.872482097300      2.602532100636
    6      6.242759733106     -0.532351248471      2.605146604439
    1    1
