   3   1   1 E -5.7067521789679E+02 DE 1.3E-09( 18)
  0.370158621205E+01 -0.641133538787E+01  0.000000000000E+00
  0.370158621205E+01  0.641133538787E+01  0.000000000000E+00
  0.000000000000E+00  0.000000000000E+00  0.868503800000E+01
    1
  0.100000000000E+01  0.000000000000E+00  0.000000000000E+00
  0.000000000000E+00  0.100000000000E+01  0.000000000000E+00
  0.000000000000E+00  0.000000000000E+00  0.100000000000E+01
  0.000000000000E+00  0.000000000000E+00  0.000000000000E+00
   15
    6      3.857586167539      5.243691486529      2.619579493697
    6      2.568892820291     -1.498251787406      2.654324945318
    6      3.570555893549      0.625777718819      2.568880497981
    6      4.820025946402      2.937273102667      2.618050362045
    6      3.713459163952     -3.608601765529      2.610716843266
    6      5.044326232403     -1.466020431650      2.594525592125
    6      6.044547030792      0.873249290405      2.609588104459
    6      1.482712630539     -0.571152841953      2.611581561943
    6      2.129447964944      0.752282783319      2.524000602423
    6      3.782498056560      3.827145810641      2.626175940272
    6      2.475979673266     -2.899544671623      2.626965579070
    6      3.806062299589     -0.818947921573      2.616167306164
    6      4.779731131480      1.478586129429      2.590980111325
    6      4.897326186422     -2.930763555754      2.588589295409
    6      6.252228195060     -0.519982149019      2.622544764504
    1    1
