   3   1   1 E -5.7067873663202E+02 DE 1.7E-10( 14)
  0.370158621205E+01 -0.641133538787E+01  0.000000000000E+00
  0.370158621205E+01  0.641133538787E+01  0.000000000000E+00
  0.000000000000E+00  0.000000000000E+00  0.868503800000E+01
    1
  0.100000000000E+01  0.000000000000E+00  0.000000000000E+00
  0.000000000000E+00  0.100000000000E+01  0.000000000000E+00
  0.000000000000E+00  0.000000000000E+00  0.100000000000E+01
  0.000000000000E+00  0.000000000000E+00  0.000000000000E+00
   15
    6      3.840072380809      5.218506509650      2.612736810803
    6      2.575608879410     -1.502821483173      2.601549842807
    6      3.557838410705      0.635104534900      2.611799294609
    6      4.827174077059      2.924093252566      2.618030914603
    6      3.748186217402     -3.588839510279      2.591368212565
    6      5.043886038302     -1.438537820580      2.608039847862
    6      6.036102815295      0.848126266698      2.589145827422
    6      1.468222728055     -0.570473504472      2.616245744058
    6      2.122060436304      0.738885687398      2.606959726871
    6      3.758604777147      3.802001772463      2.609511246954
    6      2.487346977441     -2.893783030820      2.610851017642
    6      3.802070036551     -0.801703560820      2.603702982510
    6      4.762555964562      1.472128394375      2.594427710226
    6      4.948516828203     -2.884661616495      2.593749422297
    6      6.247132825544     -0.533284694109      2.614552398770
    1    1
