   3   1   1 E -5.7067853471690E+02 DE-8.5E-11( 16)
  0.370158621205E+01 -0.641133538787E+01  0.000000000000E+00
  0.370158621205E+01  0.641133538787E+01  0.000000000000E+00
  0.000000000000E+00  0.000000000000E+00  0.868503800000E+01
    1
  0.100000000000E+01  0.000000000000E+00  0.000000000000E+00
  0.000000000000E+00  0.100000000000E+01  0.000000000000E+00
  0.000000000000E+00  0.000000000000E+00  0.100000000000E+01
  0.000000000000E+00  0.000000000000E+00  0.000000000000E+00
   15
    6      3.843540420657      5.222094135487      2.601844890933
    6      2.576091231492     -1.500902224792      2.609172679597
    6      3.561612974583      0.633495837522      2.602128406328
    6      4.825513952907      2.924662752770      2.601764509979
    6      3.737123030332     -3.594081281561      2.613777262591
    6      5.042580324733     -1.442281839113      2.600294556628
    6      6.039167585720      0.852063158888      2.625975384490
    6      1.473343129878     -0.563335941272      2.595854416084
    6      2.128470002630      0.732203115112      2.583917143121
    6      3.764250806636      3.804673915623      2.611902258787
    6      2.483266786924     -2.891067234303      2.608221218719
    6      3.802646606582     -0.803611148793      2.609101505291
    6      4.765185433462      1.471654040045      2.600615058016
    6      4.933297792952     -2.889273566870      2.606077531500
    6      6.249289313299     -0.531552521440      2.612024177935
    1    1
