   3   1   1 E -5.7068002087300E+02 DE-1.1E-09( 11)
  0.370158621205E+01 -0.641133538787E+01  0.000000000000E+00
  0.370158621205E+01  0.641133538787E+01  0.000000000000E+00
  0.000000000000E+00  0.000000000000E+00  0.868503800000E+01
    1
  0.100000000000E+01  0.000000000000E+00  0.000000000000E+00
  0.000000000000E+00  0.100000000000E+01  0.000000000000E+00
  0.000000000000E+00  0.000000000000E+00  0.100000000000E+01
  0.000000000000E+00  0.000000000000E+00  0.000000000000E+00
   15
    6      3.836126670709      5.217037658654      2.605514855187
    6      2.576635966057     -1.507381878310      2.605842550097
    6      3.547210138551      0.630292139979      2.605206189498
    6      4.824393120324      2.923353606305      2.605703192098
    6      3.775400006490     -3.573027398644      2.605309869923
    6      5.045584292557     -1.427115798527      2.605501947820
    6      6.025660251910      0.841718618764      2.605712254175
    6      1.464501193551     -0.572060701472      2.605502363823
    6      2.104183113218      0.725067395941      2.604449912577
    6      3.743670295052      3.798657567850      2.605856281346
    6      2.496827808277     -2.898469986836      2.605606774755
    6      3.800991400169     -0.800632306770      2.605834115453
    6      4.751139629906      1.470969081581      2.605539500392
    6      4.989900760531     -2.871799906072      2.605587314934
    6      6.243154745488     -0.531866895141      2.605503877923
    1    1
