   3   1   1 E -5.7067927163574E+02 DE 1.3E-11( 13)
  0.370158621205E+01 -0.641133538787E+01  0.000000000000E+00
  0.370158621205E+01  0.641133538787E+01  0.000000000000E+00
  0.000000000000E+00  0.000000000000E+00  0.868503800000E+01
    1
  0.100000000000E+01  0.000000000000E+00  0.000000000000E+00
  0.000000000000E+00  0.100000000000E+01  0.000000000000E+00
  0.000000000000E+00  0.000000000000E+00  0.100000000000E+01
  0.000000000000E+00  0.000000000000E+00  0.000000000000E+00
   15
    6      3.835683294483      5.216265615997      2.605174306291
    6      2.575975103952     -1.507113890124      2.607653520598
    6      3.547904599962      0.630695915756      2.605055524171
    6      4.824737268467      2.923220362317      2.603991423140
    6      3.774851007347     -3.573513124693      2.605764802473
    6      5.045291159044     -1.427448010142      2.608822749135
    6      6.026213097640      0.841573178401      2.604113474469
    6      1.463424003349     -0.574063913161      2.605393239774
    6      2.106496598763      0.730533721266      2.603349434274
    6      3.743336202189      3.797740826297      2.604748992546
    6      2.496559128785     -2.898586864229      2.605973352469
    6      3.800722025850     -0.800577158929      2.607933633143
    6      4.752186796823      1.470917783297      2.603400005834
    6      4.989247705065     -2.872483700514      2.606259893606
    6      6.242751401073     -0.532419544235      2.605036648078
    1    1
