   3   1   1 E -5.7062814775386E+02 DE 1.6E-09( 18)
  0.370158621205E+01 -0.641133538787E+01  0.000000000000E+00
  0.370158621205E+01  0.641133538787E+01  0.000000000000E+00
  0.000000000000E+00  0.000000000000E+00  0.868503800000E+01
    1
  0.100000000000E+01  0.000000000000E+00  0.000000000000E+00
  0.000000000000E+00  0.100000000000E+01  0.000000000000E+00
  0.000000000000E+00  0.000000000000E+00  0.100000000000E+01
  0.000000000000E+00  0.000000000000E+00  0.000000000000E+00
   15
    6      3.870071105930      5.304683468735      2.739724334443
    6      2.583454802089     -1.507291854474      2.596280067348
    6      3.560364391577      0.580295563290      2.532451900185
    6      4.791167747682      2.965398471998      2.619565981484
    6      3.718344294696     -3.614302717743      2.266558351152
    6      5.077856770393     -1.465214572421      2.710813644060
    6      6.016520045265      0.926902704799      2.758316573251
    6      1.510586182425     -0.628146848764      2.769317225501
    6      2.081171504502      0.631229408813      2.260804201073
    6      3.788583859146      3.900225758966      2.682701377818
    6      2.477165989668     -2.914702392884      2.499063451383
    6      3.832704326913     -0.841500495928      2.615469500105
    6      4.739192021481      1.498564862398      2.700085203032
    6      4.920484765871     -2.950944189637      2.604743543169
    6      6.257711585151     -0.460455969845      2.726775645996
    1    1
