   3   1   1 E -5.7067927348867E+02 DE 1.7E-11( 13)
  0.370158621205E+01 -0.641133538787E+01  0.000000000000E+00
  0.370158621205E+01  0.641133538787E+01  0.000000000000E+00
  0.000000000000E+00  0.000000000000E+00  0.868503800000E+01
    1
  0.100000000000E+01  0.000000000000E+00  0.000000000000E+00
  0.000000000000E+00  0.100000000000E+01  0.000000000000E+00
  0.000000000000E+00  0.000000000000E+00  0.100000000000E+01
  0.000000000000E+00  0.000000000000E+00  0.000000000000E+00
   15
    6      3.835725953228      5.216270778554      2.605968271266
    6      2.575909448324     -1.506858683828      2.606092388296
    6      3.548210110334      0.630521984568      2.603676679193
    6      4.824768625506      2.923278849268      2.605987121083
    6      3.774449576185     -3.573469462112      2.605373195014
    6      5.045178896966     -1.427495725560      2.606073414672
    6      6.026401343463      0.841621351434      2.605272829163
    6      1.463370629183     -0.573749666547      2.605829808785
    6      2.106794937132      0.729826096296      2.604867354463
    6      3.743553874122      3.797664513102      2.606388830410
    6      2.496393244622     -2.898298682351      2.606295295653
    6      3.800745648282     -0.800566541891      2.603945440697
    6      4.752380857155      1.470907309322      2.605037341343
    6      4.988729191123     -2.872493511214      2.606011530995
    6      6.242767057165     -0.532417411737      2.605851498967
    1    1
