   3   1   1 E -5.7066161121665E+02 DE-9.9E-10( 14)
  0.370158621205E+01 -0.641133538787E+01  0.000000000000E+00
  0.370158621205E+01  0.641133538787E+01  0.000000000000E+00
  0.000000000000E+00  0.000000000000E+00  0.868503800000E+01
    1
  0.100000000000E+01  0.000000000000E+00  0.000000000000E+00
  0.000000000000E+00  0.100000000000E+01  0.000000000000E+00
  0.000000000000E+00  0.000000000000E+00  0.100000000000E+01
  0.000000000000E+00  0.000000000000E+00  0.000000000000E+00
   15
    6      2.162052070994      2.247120979862      2.508138654599
    6      3.971625775120      5.239420619412      2.660927183121
    6      2.653580386308     -1.207688190278      2.695712723420
    6      4.985392763169      2.812654083315      2.658616889301
    6      3.627481166038     -3.468908304615      2.543019153165
    6      5.129561467863     -1.485085404504      2.578612949906
    6      6.219834485455      0.756794165400      2.614113637027
    6      1.482742748952     -0.381461817833      2.690554103751
    6      1.392857029663      1.024635651888      2.506817258193
    6      2.468406884040     -2.739400618065      2.643659707515
    6      3.951514218083     -0.684168547534      2.665111756129
    6      4.989163458627      1.414304714507      2.641426084195
    6      3.620984240409     -4.866733522445      2.551423118418
    6      4.988332911084     -2.953679623176      2.515122805706
    6      6.347987716303     -0.694398376495      2.609414975554
    1    1
