   3   1   1 E -5.7068003863004E+02 DE 2.5E-09(  7)
  0.370158621205E+01 -0.641133538787E+01  0.000000000000E+00
  0.370158621205E+01  0.641133538787E+01  0.000000000000E+00
  0.000000000000E+00  0.000000000000E+00  0.868503800000E+01
    1
  0.100000000000E+01  0.000000000000E+00  0.000000000000E+00
  0.000000000000E+00  0.100000000000E+01  0.000000000000E+00
  0.000000000000E+00  0.000000000000E+00  0.100000000000E+01
  0.000000000000E+00  0.000000000000E+00  0.000000000000E+00
   15
    6      2.126014742470      2.232008271659      2.607009768988
    6      3.967752187231      5.189251797990      2.605822566451
    6      2.669452723689     -1.223048874820      2.605564315996
    6      4.971098513536      2.933071485146      2.605398368029
    6      3.657661755671     -3.472342584324      2.604667490593
    6      5.150061504777     -1.514009121622      2.605502532688
    6      6.194454273606      0.760569602489      2.605100996876
    6      1.448511395930     -0.433160668050      2.605928038673
    6      1.322251433427      1.029644982631      2.605549038514
    6      2.492889309824     -2.707713831319      2.605047763488
    6      3.967880524938     -0.724938324815      2.605575173100
    6      4.971115686545      1.531034871843      2.605523940326
    6      3.657683291592     -4.886034558387      2.604860043291
    6      5.023715450732     -2.976857708820      2.605351466605
    6      6.370974528139     -0.724069530163      2.605769496382
    1    1
