   3   1   1 E -5.7067972113089E+02 DE-6.8E-10( 13)
  0.370158621205E+01 -0.641133538787E+01  0.000000000000E+00
  0.370158621205E+01  0.641133538787E+01  0.000000000000E+00
  0.000000000000E+00  0.000000000000E+00  0.868503800000E+01
    1
  0.100000000000E+01  0.000000000000E+00  0.000000000000E+00
  0.000000000000E+00  0.100000000000E+01  0.000000000000E+00
  0.000000000000E+00  0.000000000000E+00  0.100000000000E+01
  0.000000000000E+00  0.000000000000E+00  0.000000000000E+00
   15
    6      2.124754501834      2.251140059186      2.587906543824
    6      3.972196505437      5.203437262535      2.605850100826
    6      2.671246070939     -1.226506886846      2.602573769252
    6      4.959793650379      2.901341561980      2.602757291421
    6      3.649410522790     -3.469954270140      2.611657187491
    6      5.149464878823     -1.507431604497      2.605987443896
    6      6.204859998823      0.754056185597      2.612136536256
    6      1.459963180736     -0.426178915257      2.604874954279
    6      1.330717505721      1.037247410334      2.601410441436
    6      2.478677345321     -2.715802155751      2.604370004446
    6      3.970449397240     -0.710022864583      2.610550635415
    6      4.966486168646      1.495069845640      2.610526700594
    6      3.663569268229     -4.884006984152      2.609834687293
    6      5.014170099779     -2.964741410080      2.605026232793
    6      6.375758227410     -0.724241424528      2.607208470780
    1    1
