   3   1   1 E -5.7067989067993E+02 DE-1.8E-09( 11)
  0.370158621205E+01 -0.641133538787E+01  0.000000000000E+00
  0.370158621205E+01  0.641133538787E+01  0.000000000000E+00
  0.000000000000E+00  0.000000000000E+00  0.868503800000E+01
    1
  0.100000000000E+01  0.000000000000E+00  0.000000000000E+00
  0.000000000000E+00  0.100000000000E+01  0.000000000000E+00
  0.000000000000E+00  0.000000000000E+00  0.100000000000E+01
  0.000000000000E+00  0.000000000000E+00  0.000000000000E+00
   15
    6      2.124902329607      2.237014975529      2.594681664761
    6      3.967990643189      5.189585368894      2.597266213573
    6      2.669353830753     -1.226340204923      2.604113795305
    6      4.964538535009      2.931640835668      2.603272583249
    6      3.656525335450     -3.472295218739      2.608027329153
    6      5.149142216302     -1.512261543288      2.604721707493
    6      6.196603863028      0.758829843278      2.612802446155
    6      1.451516054685     -0.434069736074      2.598377641633
    6      1.324749256943      1.029661824537      2.603167502236
    6      2.491022628001     -2.710049222571      2.605793404813
    6      3.967345718269     -0.721632837255      2.622779910400
    6      4.971448055717      1.526926388209      2.608143377509
    6      3.661356483148     -4.886136798819      2.605665345760
    6      5.023365815009     -2.973770399094      2.602939115107
    6      6.371656556998     -0.723697465917      2.610918962854
    1    1
