   3   1   1 E -5.7068000049773E+02 DE-1.7E-10( 10)
  0.370158621205E+01 -0.641133538787E+01  0.000000000000E+00
  0.370158621205E+01  0.641133538787E+01  0.000000000000E+00
  0.000000000000E+00  0.000000000000E+00  0.868503800000E+01
    1
  0.100000000000E+01  0.000000000000E+00  0.000000000000E+00
  0.000000000000E+00  0.100000000000E+01  0.000000000000E+00
  0.000000000000E+00  0.000000000000E+00  0.100000000000E+01
  0.000000000000E+00  0.000000000000E+00  0.000000000000E+00
   15
    6      2.126221897604      2.232340233484      2.607453620704
    6      3.967647563384      5.189087245821      2.605506387378
    6      2.669269227663     -1.223175535772      2.605553323152
    6      4.971178552856      2.933177237633      2.605084297197
    6      3.657853398077     -3.472512316149      2.604632797324
    6      5.149897161477     -1.513956966711      2.605706691749
    6      6.194556917633      0.760593630630      2.607211829880
    6      1.448262139113     -0.433330891280      2.604941353211
    6      1.322276897146      1.030164073933      2.605343368596
    6      2.492979354289     -2.707839200443      2.604969403099
    6      3.967527688280     -0.725195816722      2.604780394123
    6      4.971383353553      1.531223092602      2.605454799487
    6      3.657823731496     -4.886287208280      2.604931726138
    6      5.023757570215     -2.976838513089      2.605402253678
    6      6.370881869321     -0.724043256219      2.605698754281
    1    1
