   3   1   1 E -5.7067988631042E+02 DE-4.9E-11( 15)
  0.370158621205E+01 -0.641133538787E+01  0.000000000000E+00
  0.370158621205E+01  0.641133538787E+01  0.000000000000E+00
  0.000000000000E+00  0.000000000000E+00  0.868503800000E+01
    1
  0.100000000000E+01  0.000000000000E+00  0.000000000000E+00
  0.000000000000E+00  0.100000000000E+01  0.000000000000E+00
  0.000000000000E+00  0.000000000000E+00  0.100000000000E+01
  0.000000000000E+00  0.000000000000E+00  0.000000000000E+00
   15
    6      2.125039611940      2.240722146138      2.598215577202
    6      3.970412266166      5.193647528715      2.600174062765
    6      2.670099329498     -1.226440117676      2.607401960790
    6      4.962434083159      2.923375273305      2.598708236967
    6      3.654292555371     -3.471761545914      2.614890150215
    6      5.149499689179     -1.510823992927      2.606907146816
    6      6.198190672662      0.757533067419      2.608369195997
    6      1.454904456385     -0.430832599556      2.606756233366
    6      1.325786762279      1.030202995247      2.609918617971
    6      2.487441745574     -2.711559533759      2.604814630232
    6      3.968722364079     -0.717939705364      2.607108650525
    6      4.969566481783      1.517748679698      2.593473007117
    6      3.661020557378     -4.885546042308      2.612183079036
    6      5.021271789990     -2.971296803529      2.608988961694
    6      6.372834956665     -0.723623540051      2.604761489307
    1    1
