   3   1   1 E -5.7067991338208E+02 DE-6.9E-11( 13)
  0.370158621205E+01 -0.641133538787E+01  0.000000000000E+00
  0.370158621205E+01  0.641133538787E+01  0.000000000000E+00
  0.000000000000E+00  0.000000000000E+00  0.868503800000E+01
    1
  0.100000000000E+01  0.000000000000E+00  0.000000000000E+00
  0.000000000000E+00  0.100000000000E+01  0.000000000000E+00
  0.000000000000E+00  0.000000000000E+00  0.100000000000E+01
  0.000000000000E+00  0.000000000000E+00  0.000000000000E+00
   15
    6      2.124676471984      2.236074005646      2.596721125770
    6      3.967973061598      5.189406212162      2.600900212075
    6      2.669635878948     -1.226170922169      2.602894459948
    6      4.964861482916      2.932674921283      2.602658710400
    6      3.656645027113     -3.472379629685      2.604789701434
    6      5.149285959407     -1.512573727088      2.606706304926
    6      6.196141120871      0.759134879619      2.609751872335
    6      1.451464978284     -0.434208170750      2.600510912605
    6      1.324461198585      1.029242805885      2.604365621548
    6      2.491475187058     -2.709736123295      2.605023274935
    6      3.967557207607     -0.722016911101      2.620393654892
    6      4.971353971296      1.528067577522      2.606385487576
    6      3.660987588665     -4.886201122434      2.604831323227
    6      5.023475546821     -2.974264011387      2.604414099662
    6      6.371522640954     -0.723643974771      2.612324238666
    1    1
