   3   1   1 E -5.7050093433602E+02 DE-1.7E-11( 26)
  0.370158621205E+01 -0.641133538787E+01  0.000000000000E+00
  0.370158621205E+01  0.641133538787E+01  0.000000000000E+00
  0.000000000000E+00  0.000000000000E+00  0.868503800000E+01
    1
  0.100000000000E+01  0.000000000000E+00  0.000000000000E+00
  0.000000000000E+00  0.100000000000E+01  0.000000000000E+00
  0.000000000000E+00  0.000000000000E+00  0.100000000000E+01
  0.000000000000E+00  0.000000000000E+00  0.000000000000E+00
   15
    6      2.063744986525      2.102389476195      2.622343788074
    6      4.049837083921      5.259415767540      2.602418401130
    6      2.659552604265     -1.176543243191      2.606412606840
    6      5.027898983466      2.889167685322      2.597824316014
    6      3.661382249048     -3.423219696188      2.618820575164
    6      5.183323207368     -1.465174331058      2.609255561867
    6      6.259502978750      0.768763282584      2.613565051434
    6      1.450516290000     -0.388622454383      2.572951624631
    6      1.040711615638      0.707000171883      2.586264798506
    6      2.468787758461     -2.677565987260      2.609988361717
    6      3.986953413815     -0.699062520266      2.610081093171
    6      5.083452107493      1.550988706932      2.600464392244
    6      3.610437101815     -4.799545660354      2.610492262753
    6      5.009702219830     -2.924184981662      2.624380173648
    6      6.435714721710     -0.710400406655      2.597407992807
    1    1
