   3   1   1 E -5.7058224298877E+02 DE 3.2E-10( 18)
  0.370158621205E+01 -0.641133538787E+01  0.000000000000E+00
  0.370158621205E+01  0.641133538787E+01  0.000000000000E+00
  0.000000000000E+00  0.000000000000E+00  0.868503800000E+01
    1
  0.100000000000E+01  0.000000000000E+00  0.000000000000E+00
  0.000000000000E+00  0.100000000000E+01  0.000000000000E+00
  0.000000000000E+00  0.000000000000E+00  0.100000000000E+01
  0.000000000000E+00  0.000000000000E+00  0.000000000000E+00
   15
    6      2.127804365489      2.460541941955      2.622551503231
    6      3.921530950615      5.100430642096      2.589870877702
    6      2.684749109480     -1.328238061161      2.597413515919
    6      4.982734090804      2.807622663372      2.600825990574
    6      3.665253230399     -3.455076390596      2.617764692221
    6      5.106438762407     -1.416953642223      2.614325582655
    6      6.273005234402      0.720620657153      2.605563248338
    6      1.424566320294     -0.780851586428      2.585845374707
    6      1.288632808537      1.328934437459      2.598430536612
    6      2.471078251571     -2.789970710975      2.607511027051
    6      3.923157276659     -0.672675382612      2.605304827808
    6      5.049960466268      1.466046471957      2.603439646615
    6      3.720400406957     -4.864223521351      2.607101073188
    6      4.970969459314     -2.823636194599      2.620462308734
    6      6.381236588912     -0.739165514610      2.606260794647
    1    1
