   3   1   1 E -5.7047229206312E+02 DE 2.7E-11( 17)
  0.370158621205E+01 -0.641133538787E+01  0.000000000000E+00
  0.370158621205E+01  0.641133538787E+01  0.000000000000E+00
  0.000000000000E+00  0.000000000000E+00  0.868503800000E+01
    1
  0.100000000000E+01  0.000000000000E+00  0.000000000000E+00
  0.000000000000E+00  0.100000000000E+01  0.000000000000E+00
  0.000000000000E+00  0.000000000000E+00  0.100000000000E+01
  0.000000000000E+00  0.000000000000E+00  0.000000000000E+00
   15
    6      2.415275098008      2.756940081452      2.593325918764
    6      3.738168083510      5.014163868717      2.593634894385
    6      2.487069328617     -1.396903756698      2.604962432195
    6      4.955070536696      2.847423573093      2.635555177061
    6      3.699805102580     -3.547379601908      2.603207312148
    6      4.962809584100     -1.421381795340      2.597162031849
    6      6.194257407912      0.723450979383      2.613623324353
    6      1.251689500317     -0.694173375561      2.600723594833
    6      2.265697682520      1.354712760011      2.593094492709
    6      2.472007848669     -2.831194879164      2.614417102155
    6      3.732170434013     -0.703827360546      2.598621495631
    6      4.968245518876      1.439929375870      2.635787216382
    6      3.709359647150     -4.965026529439      2.603068311365
    6      4.938663857613     -2.855034394662      2.594580114104
    6      6.201227691527     -0.708293135770      2.600907582067
    1    1
