   3   1   1 E -5.7064883949731E+02 DE-2.6E-10( 17)
  0.370158621205E+01 -0.641133538787E+01  0.000000000000E+00
  0.370158621205E+01  0.641133538787E+01  0.000000000000E+00
  0.000000000000E+00  0.000000000000E+00  0.868503800000E+01
    1
  0.100000000000E+01  0.000000000000E+00  0.000000000000E+00
  0.000000000000E+00  0.100000000000E+01  0.000000000000E+00
  0.000000000000E+00  0.000000000000E+00  0.100000000000E+01
  0.000000000000E+00  0.000000000000E+00  0.000000000000E+00
   15
    6      2.167230836463      2.269062167575      2.479840240911
    6      3.959561630316      5.223328009877      2.714399253391
    6      2.646729838596     -1.220017959339      2.726354968370
    6      4.992213541660      2.797708689980      2.666567659711
    6      3.628177584144     -3.464887957973      2.505730170227
    6      5.118046414664     -1.469286374259      2.570366219712
    6      6.232566627941      0.756239203404      2.589778109113
    6      1.469860386251     -0.418009889385      2.844470045399
    6      1.410170166198      1.048063219024      2.463449641635
    6      2.469162673877     -2.750075313370      2.633671786784
    6      3.935434030510     -0.677187811237      2.694770408659
    6      5.005880728636      1.405341153411      2.638223010447
    6      3.630744086537     -4.859788564616      2.464663375197
    6      4.982659644636     -2.935477764606      2.490968433672
    6      6.343079131677     -0.691604999049      2.599417676772
    1    1
