   3   1   1 E -5.7068000101822E+02 DE-2.8E-10( 11)
  0.370158621205E+01 -0.641133538787E+01  0.000000000000E+00
  0.370158621205E+01  0.641133538787E+01  0.000000000000E+00
  0.000000000000E+00  0.000000000000E+00  0.868503800000E+01
    1
  0.100000000000E+01  0.000000000000E+00  0.000000000000E+00
  0.000000000000E+00  0.100000000000E+01  0.000000000000E+00
  0.000000000000E+00  0.000000000000E+00  0.100000000000E+01
  0.000000000000E+00  0.000000000000E+00  0.000000000000E+00
   15
    6      2.126046609033      2.231969238327      2.607157142164
    6      3.967748543492      5.189240368623      2.606018979426
    6      2.669438943304     -1.223041933301      2.606080931918
    6      4.971119707245      2.933081065681      2.605382448383
    6      3.657668155226     -3.472339531652      2.604468820629
    6      5.150058019573     -1.514000196747      2.605088623461
    6      6.194458101259      0.760597389477      2.605210842094
    6      1.448490182606     -0.433143042173      2.606040767744
    6      1.322259658155      1.029619968295      2.605441553370
    6      2.492906577095     -2.707720957452      2.604309752231
    6      3.967847813489     -0.724971192111      2.605437537163
    6      4.971146776290      1.531054824370      2.605608622109
    6      3.657656874944     -4.886018941449      2.604753083337
    6      5.023707709292     -2.976867589264      2.605422985632
    6      6.370963651103     -0.724053661186      2.606248910340
    1    1
