   3   1   1 E -5.7055537449778E+02 DE-3.0E-10( 19)
  0.370158621205E+01 -0.641133538787E+01  0.000000000000E+00
  0.370158621205E+01  0.641133538787E+01  0.000000000000E+00
  0.000000000000E+00  0.000000000000E+00  0.868503800000E+01
    1
  0.100000000000E+01  0.000000000000E+00  0.000000000000E+00
  0.000000000000E+00  0.100000000000E+01  0.000000000000E+00
  0.000000000000E+00  0.000000000000E+00  0.100000000000E+01
  0.000000000000E+00  0.000000000000E+00  0.000000000000E+00
   15
    6      2.139194200011      2.543161316471      2.624033023973
    6      3.905292974949      5.073650811444      2.594796544511
    6      2.721773501074     -1.368448282242      2.598551037286
    6      4.986506751757      2.831532309636      2.597392727541
    6      3.655727665732     -3.452368010424      2.618478895071
    6      5.104482691959     -1.430812600889      2.614022491912
    6      6.200161502566      0.708632153915      2.607669071891
    6      1.473362025127     -0.846212379904      2.579097484966
    6      1.436293323266      1.405651271316      2.596319253235
    6      2.493258548239     -2.789752650408      2.609710375721
    6      3.930732399104     -0.693255047218      2.607650324719
    6      5.012629439507      1.477886154686      2.601266450346
    6      3.596689243158     -4.871971284966      2.606781704653
    6      4.973041848551     -2.827985674564      2.620600424734
    6      6.362371207106     -0.746302277415      2.606301189440
    1    1
