   3   1   1 E -5.7050393482936E+02 DE 1.9E-10( 23)
  0.370158621205E+01 -0.641133538787E+01  0.000000000000E+00
  0.370158621205E+01  0.641133538787E+01  0.000000000000E+00
  0.000000000000E+00  0.000000000000E+00  0.868503800000E+01
    1
  0.100000000000E+01  0.000000000000E+00  0.000000000000E+00
  0.000000000000E+00  0.100000000000E+01  0.000000000000E+00
  0.000000000000E+00  0.000000000000E+00  0.100000000000E+01
  0.000000000000E+00  0.000000000000E+00  0.000000000000E+00
   15
    6      2.115763358235      2.550673385762      2.625020171894
    6      3.913136239368      5.077828672096      2.598854599048
    6      2.731367780489     -1.367986501228      2.598741176590
    6      4.997735996050      2.817298810402      2.596308417393
    6      3.690760635237     -3.468966917415      2.618260003998
    6      5.107608659102     -1.431333465568      2.612976230385
    6      6.234018544793      0.720487583295      2.610236372617
    6      1.509330726153     -0.869024952178      2.575545470292
    6      1.198640503039      1.414047974481      2.596334648074
    6      2.498019420926     -2.787354554310      2.610833294013
    6      3.923065686470     -0.710252260586      2.609211959698
    6      5.041286165581      1.512490408560      2.599886227691
    6      3.665271840959     -4.868626290233      2.604605695312
    6      4.988650278874     -2.821020360472      2.621462327278
    6      6.376861486831     -0.754855723169      2.604394405718
    1    1
