   3   1   1 E -5.7067958899027E+02 DE 9.0E-11( 13)
  0.370158621205E+01 -0.641133538787E+01  0.000000000000E+00
  0.370158621205E+01  0.641133538787E+01  0.000000000000E+00
  0.000000000000E+00  0.000000000000E+00  0.868503800000E+01
    1
  0.100000000000E+01  0.000000000000E+00  0.000000000000E+00
  0.000000000000E+00  0.100000000000E+01  0.000000000000E+00
  0.000000000000E+00  0.000000000000E+00  0.100000000000E+01
  0.000000000000E+00  0.000000000000E+00  0.000000000000E+00
   15
    6      2.125158067941      2.253287447135      2.580403634686
    6      3.974989359354      5.207762138507      2.597024771312
    6      2.671337561874     -1.225144611884      2.614169341686
    6      4.958394709508      2.894498412201      2.618125597297
    6      3.647224430953     -3.468718945977      2.605725166246
    6      5.150800016690     -1.508061126601      2.606977315260
    6      6.205929438542      0.752123785685      2.609498345407
    6      1.462168558072     -0.423556176670      2.601665655433
    6      1.331042209938      1.040437656058      2.596197039367
    6      2.474469004914     -2.716338461968      2.616467785975
    6      3.972205040064     -0.709025643639      2.612670510790
    6      4.963518151602      1.488436129333      2.616726893140
    6      3.663492526972     -4.882650679288      2.602148713140
    6      5.012431125417     -2.963790058014      2.597765476349
    6      6.378357120267     -0.725854055443      2.607104753912
    1    1
