   3   1   1 E -5.7065478852499E+02 DE-9.7E-10( 18)
  0.370158621205E+01 -0.641133538787E+01  0.000000000000E+00
  0.370158621205E+01  0.641133538787E+01  0.000000000000E+00
  0.000000000000E+00  0.000000000000E+00  0.868503800000E+01
    1
  0.100000000000E+01  0.000000000000E+00  0.000000000000E+00
  0.000000000000E+00  0.100000000000E+01  0.000000000000E+00
  0.000000000000E+00  0.000000000000E+00  0.100000000000E+01
  0.000000000000E+00  0.000000000000E+00  0.000000000000E+00
   15
    6      2.170699455303      2.254380686534      2.509651184940
    6      3.963534701655      5.236750218123      2.718577080464
    6      2.642694962996     -1.210504496446      2.706145808618
    6      4.993594459212      2.797598210161      2.670018232165
    6      3.628947232915     -3.467168980747      2.515287238682
    6      5.119778804389     -1.475807543043      2.576692935385
    6      6.230187125294      0.758652544703      2.590348556379
    6      1.476019327343     -0.378063571374      2.744029421787
    6      1.404611932106      1.021272808925      2.505119431557
    6      2.470185708808     -2.745752098963      2.640375027319
    6      3.935751443772     -0.681405409440      2.676936860538
    6      5.004246013850      1.401330010158      2.647047585412
    6      3.623154928389     -4.863086628698      2.464529674451
    6      4.987252305520     -2.946379797350      2.513157701237
    6      6.340858920555     -0.688410143106      2.604754261065
    1    1
