   3   1   1 E -5.7067995177207E+02 DE-1.8E-10( 13)
  0.370158621205E+01 -0.641133538787E+01  0.000000000000E+00
  0.370158621205E+01  0.641133538787E+01  0.000000000000E+00
  0.000000000000E+00  0.000000000000E+00  0.868503800000E+01
    1
  0.100000000000E+01  0.000000000000E+00  0.000000000000E+00
  0.000000000000E+00  0.100000000000E+01  0.000000000000E+00
  0.000000000000E+00  0.000000000000E+00  0.100000000000E+01
  0.000000000000E+00  0.000000000000E+00  0.000000000000E+00
   15
    6      2.125104052359      2.236467876138      2.602322467579
    6      3.967903207537      5.189662605441      2.602762472909
    6      2.669739061036     -1.226206888791      2.608011648077
    6      4.965427985654      2.931804303626      2.602768704716
    6      3.656845988308     -3.472472429005      2.602819328649
    6      5.149142689142     -1.512621700900      2.609817053984
    6      6.196197268679      0.759493990376      2.604429400098
    6      1.451356895863     -0.434149048705      2.604080668101
    6      1.324575269694      1.030009031552      2.608744490021
    6      2.491451680851     -2.709833069400      2.600615329781
    6      3.967334891321     -0.722249037551      2.616131061089
    6      4.971279732555      1.527570694828      2.603784687612
    6      3.660774185984     -4.886319289337      2.606228595816
    6      5.023234901669     -2.974172596241      2.606939681254
    6      6.371149511454     -0.723578632593      2.603215410314
    1    1
