   3   1   1 E -5.7067973961791E+02 DE 6.6E-10( 12)
  0.370158621205E+01 -0.641133538787E+01  0.000000000000E+00
  0.370158621205E+01  0.641133538787E+01  0.000000000000E+00
  0.000000000000E+00  0.000000000000E+00  0.868503800000E+01
    1
  0.100000000000E+01  0.000000000000E+00  0.000000000000E+00
  0.000000000000E+00  0.100000000000E+01  0.000000000000E+00
  0.000000000000E+00  0.000000000000E+00  0.100000000000E+01
  0.000000000000E+00  0.000000000000E+00  0.000000000000E+00
   15
    6      2.125149090771      2.251231128498      2.588109662498
    6      3.967640803847      5.197780798050      2.614031664793
    6      2.669401685156     -1.229096797623      2.609201017221
    6      4.961141646068      2.907259730759      2.612660274811
    6      3.652419770738     -3.470718364713      2.616275670594
    6      5.146830054780     -1.505932249544      2.596479318789
    6      6.205679239076      0.755854650068      2.604375795730
    6      1.456053904596     -0.430465939363      2.607053785579
    6      1.331538296910      1.035629336284      2.599569726830
    6      2.482822989739     -2.716015113897      2.614695217029
    6      3.966172115867     -0.711451346529      2.594943528201
    6      4.971405483214      1.501217721106      2.610694016596
    6      3.666204559421     -4.884740754084      2.610670666213
    6      5.016297388465     -2.964445231301      2.605145462063
    6      6.372760293460     -0.722701758276      2.598765193052
    1    1
