   3   1   1 E -5.7064150769724E+02 DE-1.4E-08( 14)
  0.370158621205E+01 -0.641133538787E+01  0.000000000000E+00
  0.370158621205E+01  0.641133538787E+01  0.000000000000E+00
  0.000000000000E+00  0.000000000000E+00  0.868503800000E+01
    1
  0.100000000000E+01  0.000000000000E+00  0.000000000000E+00
  0.000000000000E+00  0.100000000000E+01  0.000000000000E+00
  0.000000000000E+00  0.000000000000E+00  0.100000000000E+01
  0.000000000000E+00  0.000000000000E+00  0.000000000000E+00
   15
    6      2.139257233854      2.331007173345      2.618406349408
    6      3.951645340624      5.155457165707      2.596895414953
    6      2.681556348829     -1.258672793661      2.599662877169
    6      4.974834623841      2.834315275169      2.600246247954
    6      3.625449280865     -3.461884049409      2.615243469749
    6      5.125369801241     -1.454883155290      2.610424330002
    6      6.224696167250      0.740260512958      2.607688324954
    6      1.439415975494     -0.614822126142      2.585886757475
    6      1.421853352630      1.183222621091      2.601812119488
    6      2.463819625000     -2.759359583287      2.609264268213
    6      3.961842862132     -0.660738093534      2.608330171808
    6      4.984894041848      1.453957700238      2.601482523766
    6      3.671611167236     -4.858420823359      2.607350612567
    6      4.961039961093     -2.896615880965      2.616643098542
    6      6.364231540171     -0.719418133423      2.603334433952
    1    1
