   3   1   1 E -5.7053372484100E+02 DE 5.5E-09( 21)
  0.370158621205E+01 -0.641133538787E+01  0.000000000000E+00
  0.370158621205E+01  0.641133538787E+01  0.000000000000E+00
  0.000000000000E+00  0.000000000000E+00  0.868503800000E+01
    1
  0.100000000000E+01  0.000000000000E+00  0.000000000000E+00
  0.000000000000E+00  0.100000000000E+01  0.000000000000E+00
  0.000000000000E+00  0.000000000000E+00  0.100000000000E+01
  0.000000000000E+00  0.000000000000E+00  0.000000000000E+00
   15
    6      1.913276635328      2.019819365698      2.617603097240
    6      4.107285234387      5.334120156552      2.653067132953
    6      2.718623282373     -1.193755416080      2.602849155590
    6      4.999174708280      2.852390165810      2.592958240058
    6      3.643522321401     -3.415195942316      2.620359783888
    6      5.189272675624     -1.483179655887      2.584784142518
    6      6.295627551209      0.711650170942      2.611971350771
    6      1.577006661855     -0.406502936536      2.486616045352
    6      1.054434234095      0.864828266424      2.635236807824
    6      2.423330095240     -2.675940849939      2.627748843017
    6      4.026087623754     -0.709546985878      2.638905349427
    6      5.100253797900      1.553544985149      2.599837334133
    6      3.519263979836     -4.739854519856      2.616113633606
    6      4.961721469983     -2.949118713086      2.614930710269
    6      6.462637050842     -0.749852281558      2.579689373354
    1    1
