   3   1   1 E -5.7067906626798E+02 DE 4.3E-12( 16)
  0.370158621205E+01 -0.641133538787E+01  0.000000000000E+00
  0.370158621205E+01  0.641133538787E+01  0.000000000000E+00
  0.000000000000E+00  0.000000000000E+00  0.868503800000E+01
    1
  0.100000000000E+01  0.000000000000E+00  0.000000000000E+00
  0.000000000000E+00  0.100000000000E+01  0.000000000000E+00
  0.000000000000E+00  0.000000000000E+00  0.100000000000E+01
  0.000000000000E+00  0.000000000000E+00  0.000000000000E+00
   15
    6      2.119094957017      2.247411448531      2.568150982547
    6      3.982940381613      5.215116120133      2.600872452359
    6      2.677385484027     -1.219811403809      2.621274317711
    6      4.955046920191      2.895408307965      2.630560202275
    6      3.642815932958     -3.468723937202      2.605666363068
    6      5.156987890702     -1.514033708791      2.605443876265
    6      6.200164458633      0.749232085865      2.611923180750
    6      1.468465543781     -0.418605456512      2.601125388120
    6      1.327036132995      1.041869833476      2.587343618120
    6      2.470468116912     -2.713204141980      2.625213896699
    6      3.983908688556     -0.708512970542      2.619413054817
    6      4.952787245363      1.488175450002      2.617547276901
    6      3.662116921664     -4.882316125198      2.592848308133
    6      5.008969270697     -2.968694006377      2.584961037431
    6      6.383329376999     -0.729905686124      2.610327044804
    1    1
