   3   1   1 E -5.7067978255496E+02 DE 1.5E-11( 14)
  0.370158621205E+01 -0.641133538787E+01  0.000000000000E+00
  0.370158621205E+01  0.641133538787E+01  0.000000000000E+00
  0.000000000000E+00  0.000000000000E+00  0.868503800000E+01
    1
  0.100000000000E+01  0.000000000000E+00  0.000000000000E+00
  0.000000000000E+00  0.100000000000E+01  0.000000000000E+00
  0.000000000000E+00  0.000000000000E+00  0.100000000000E+01
  0.000000000000E+00  0.000000000000E+00  0.000000000000E+00
   15
    6      2.125398988339      2.250605833214      2.589024639263
    6      3.967585513811      5.196694100202      2.611625972738
    6      2.669032530428     -1.229163917992      2.608952005782
    6      4.961320729652      2.909309896447      2.610640322241
    6      3.652988725654     -3.470957984659      2.614193904628
    6      5.146722687698     -1.506204725926      2.598204797838
    6      6.205065359717      0.756114945016      2.604883157963
    6      1.455473814155     -0.430648889279      2.606642890073
    6      1.331027113149      1.034996655930      2.601471577112
    6      2.483666231022     -2.715685746929      2.613837181660
    6      3.965788221263     -0.712282139156      2.598720144425
    6      4.971869992209      1.503259394093      2.607558466470
    6      3.666007131332     -4.884972088521      2.610633547272
    6      5.017142481320     -2.965007066654      2.605033748097
    6      6.372427802358     -0.722652456349      2.601248644439
    1    1
