   3   1   1 E -5.7061495233049E+02 DE 5.2E-10( 16)
  0.370158621205E+01 -0.641133538787E+01  0.000000000000E+00
  0.370158621205E+01  0.641133538787E+01  0.000000000000E+00
  0.000000000000E+00  0.000000000000E+00  0.868503800000E+01
    1
  0.100000000000E+01  0.000000000000E+00  0.000000000000E+00
  0.000000000000E+00  0.100000000000E+01  0.000000000000E+00
  0.000000000000E+00  0.000000000000E+00  0.100000000000E+01
  0.000000000000E+00  0.000000000000E+00  0.000000000000E+00
   15
    6      2.179608683003      2.433629922736      2.619744802376
    6      3.911049629554      5.116065502216      2.586754707385
    6      2.635195385159     -1.292061639190      2.596441165775
    6      4.952253381291      2.808851136267      2.604226029094
    6      3.652409622940     -3.478137836155      2.616383430365
    6      5.088564623866     -1.430242936556      2.614338508433
    6      6.273303192825      0.725909600527      2.603644685553
    6      1.366616793706     -0.684330597256      2.591631701966
    6      1.479692486784      1.286714942783      2.601434878535
    6      2.442319116083     -2.793924943523      2.605273092012
    6      3.907194109565     -0.659861383761      2.602865122455
    6      5.006668159359      1.444374679601      2.606339552195
    6      3.782315988929     -4.879056911118      2.608067789209
    6      4.959040985490     -2.851179852443      2.618972191834
    6      6.355285163555     -0.733343874690      2.606553342815
    1    1
