   3   1   1 E -5.7035116113013E+02 DE 4.9E-10( 23)
  0.370158621205E+01 -0.641133538787E+01  0.000000000000E+00
  0.370158621205E+01  0.641133538787E+01  0.000000000000E+00
  0.000000000000E+00  0.000000000000E+00  0.868503800000E+01
    1
  0.100000000000E+01  0.000000000000E+00  0.000000000000E+00
  0.000000000000E+00  0.100000000000E+01  0.000000000000E+00
  0.000000000000E+00  0.000000000000E+00  0.100000000000E+01
  0.000000000000E+00  0.000000000000E+00  0.000000000000E+00
   15
    6      2.077272433861      2.266703270445      2.598846181899
    6      3.930246445266      5.225823202489      2.581494618653
    6      2.612218604789     -1.274021383545      2.608182202913
    6      5.035399802611      2.715303497840      2.611105312365
    6      3.676447318663     -3.439952117466      2.612410395613
    6      5.092827440337     -1.362009983591      2.615364323432
    6      6.418751678762      0.766693632726      2.600915085378
    6      1.379811987136     -0.711171479272      2.624612209279
    6      1.040712292598      1.089596271683      2.590985541039
    6      2.446210201309     -2.770878176669      2.599572671849
    6      3.882168727222     -0.646204920062      2.591149199566
    6      5.221579596964      1.473603178798      2.613823123362
    6      3.829111065586     -4.805809032141      2.610949810590
    6      4.957102976961     -2.815228267418      2.607519281166
    6      6.391656750042     -0.699041884380      2.615741042897
    1    1
