   3   1   1 E -5.7067999792603E+02 DE-2.6E-10( 13)
  0.370158621205E+01 -0.641133538787E+01  0.000000000000E+00
  0.370158621205E+01  0.641133538787E+01  0.000000000000E+00
  0.000000000000E+00  0.000000000000E+00  0.868503800000E+01
    1
  0.100000000000E+01  0.000000000000E+00  0.000000000000E+00
  0.000000000000E+00  0.100000000000E+01  0.000000000000E+00
  0.000000000000E+00  0.000000000000E+00  0.100000000000E+01
  0.000000000000E+00  0.000000000000E+00  0.000000000000E+00
   15
    6      2.125973910474      2.232293306842      2.608043835270
    6      3.968006819257      5.189444394643      2.604018568170
    6      2.669642279989     -1.223396212877      2.605697145509
    6      4.970169217425      2.933244084350      2.604914241739
    6      3.657451042374     -3.472393472896      2.607628705145
    6      5.150133721766     -1.514090128830      2.605934191669
    6      6.194462990128      0.760504188303      2.601306062920
    6      1.449166967331     -0.433065820680      2.605814163042
    6      1.322586905974      1.029700227714      2.606670723467
    6      2.492708520034     -2.707972267045      2.606684094518
    6      3.967986257805     -0.724816125353      2.606485046328
    6      4.970900035278      1.530840656432      2.603685394557
    6      3.657743571719     -4.886138637303      2.605800959737
    6      5.023557560015     -2.976715066098      2.606433968875
    6      6.371027522537     -0.724033317768      2.603553899055
    1    1
