   3   1   1 E -5.7067997900506E+02 DE 3.0E-10( 12)
  0.370158621205E+01 -0.641133538787E+01  0.000000000000E+00
  0.370158621205E+01  0.641133538787E+01  0.000000000000E+00
  0.000000000000E+00  0.000000000000E+00  0.868503800000E+01
    1
  0.100000000000E+01  0.000000000000E+00  0.000000000000E+00
  0.000000000000E+00  0.100000000000E+01  0.000000000000E+00
  0.000000000000E+00  0.000000000000E+00  0.100000000000E+01
  0.000000000000E+00  0.000000000000E+00  0.000000000000E+00
   15
    6      2.125977254323      2.235522385825      2.602901044815
    6      3.969106850708      5.190665709113      2.607534995721
    6      2.669831710229     -1.225147806708      2.603264969325
    6      4.966337378750      2.930785516842      2.603954157907
    6      3.656553640118     -3.472295619533      2.606402673949
    6      5.149771856402     -1.513264156351      2.609005416924
    6      6.195476404754      0.759682609605      2.605972921548
    6      1.451741438162     -0.432733325806      2.606075956766
    6      1.323978206675      1.030080439622      2.606565488156
    6      2.490970897437     -2.709441630616      2.602842288402
    6      3.967936804931     -0.722915696340      2.603840808666
    6      4.970366134444      1.527091966220      2.603952598136
    6      3.658885236433     -4.886049368114      2.606979910113
    6      5.023200440996     -2.974774216991      2.605193379650
    6      6.371383067746     -0.723800997330      2.608184389923
    1    1
