   3   1   1 E -5.7067999032692E+02 DE-2.0E-09(  9)
  0.370158621205E+01 -0.641133538787E+01  0.000000000000E+00
  0.370158621205E+01  0.641133538787E+01  0.000000000000E+00
  0.000000000000E+00  0.000000000000E+00  0.868503800000E+01
    1
  0.100000000000E+01  0.000000000000E+00  0.000000000000E+00
  0.000000000000E+00  0.100000000000E+01  0.000000000000E+00
  0.000000000000E+00  0.000000000000E+00  0.100000000000E+01
  0.000000000000E+00  0.000000000000E+00  0.000000000000E+00
   15
    6      2.125731820760      2.232641775262      2.609144426846
    6      3.969093309497      5.190285029239      2.605205176278
    6      2.670289650531     -1.223594537363      2.604518096973
    6      4.968476694739      2.932856427870      2.604100948400
    6      3.656785325898     -3.472269468804      2.606145950409
    6      5.150678580299     -1.514384654642      2.602800978337
    6      6.194143729298      0.760141837931      2.602836495531
    6      1.450646215798     -0.432727209601      2.608108964111
    6      1.322684540234      1.029662521250      2.609340769578
    6      2.491828220211     -2.708124963083      2.606615149495
    6      3.969016112800     -0.724231401917      2.602725376521
    6      4.969653642146      1.529897617772      2.602433602134
    6      3.657595803491     -4.885999822235      2.607548618698
    6      5.023340047139     -2.976478122093      2.608328507841
    6      6.371553629266     -0.724269220150      2.602817938847
    1    1
