   3   1   1 E -5.7067998131634E+02 DE 2.9E-11( 14)
  0.370158621205E+01 -0.641133538787E+01  0.000000000000E+00
  0.370158621205E+01  0.641133538787E+01  0.000000000000E+00
  0.000000000000E+00  0.000000000000E+00  0.868503800000E+01
    1
  0.100000000000E+01  0.000000000000E+00  0.000000000000E+00
  0.000000000000E+00  0.100000000000E+01  0.000000000000E+00
  0.000000000000E+00  0.000000000000E+00  0.100000000000E+01
  0.000000000000E+00  0.000000000000E+00  0.000000000000E+00
   15
    6      2.125766275303      2.233126924479      2.609465723884
    6      3.969773472497      5.190818816772      2.604918456824
    6      2.670516929072     -1.223750162097      2.604093556057
    6      4.967620491516      2.932308364054      2.603865754783
    6      3.656482518435     -3.472265317753      2.607336352358
    6      5.150853773044     -1.514430455395      2.601681578184
    6      6.194043215985      0.759924321100      2.601648129945
    6      1.451455475588     -0.432419419338      2.609040602064
    6      1.322697972080      1.029792224551      2.610793161645
    6      2.491292235944     -2.708299344895      2.607070212052
    6      3.969382213925     -0.723906154495      2.601984906470
    6      4.969105262493      1.529098276504      2.601740503666
    6      3.657453564561     -4.886006793817      2.608717230201
    6      5.023279691021     -2.976247465474      2.608908881728
    6      6.371794230641     -0.724338004759      2.601405950141
    1    1
