   3   1   1 E -5.7052849340586E+02 DE 1.9E-10( 21)
  0.370158621205E+01 -0.641133538787E+01  0.000000000000E+00
  0.370158621205E+01  0.641133538787E+01  0.000000000000E+00
  0.000000000000E+00  0.000000000000E+00  0.868503800000E+01
    1
  0.100000000000E+01  0.000000000000E+00  0.000000000000E+00
  0.000000000000E+00  0.100000000000E+01  0.000000000000E+00
  0.000000000000E+00  0.000000000000E+00  0.100000000000E+01
  0.000000000000E+00  0.000000000000E+00  0.000000000000E+00
   15
    6      2.086512944557      2.398530056680      2.612990316435
    6      3.910332157752      5.158659940070      2.593990798139
    6      2.678393810503     -1.292605907313      2.588692585983
    6      4.938637290606      2.882940814689      2.593950532673
    6      3.650319646399     -3.455976344439      2.627721866059
    6      5.114797114977     -1.510646468066      2.621391193690
    6      6.158789680281      0.669400977893      2.596839469553
    6      1.449395469376     -0.562043719222      2.591462718113
    6      1.787709170869      1.266773015550      2.589469591175
    6      2.449519967750     -2.720907930350      2.612007117956
    6      3.939152371091     -0.720362902290      2.615802127100
    6      4.962637480380      1.492549725453      2.584345188297
    6      3.551308081149     -4.890613732403      2.626499143268
    6      4.971401529981     -2.930206150179      2.613692022547
    6      6.342610606435     -0.772085566634      2.613816329012
    1    1
