   3   1   1 E -5.7066942327883E+02 DE 2.5E-10( 18)
  0.370158621205E+01 -0.641133538787E+01  0.000000000000E+00
  0.370158621205E+01  0.641133538787E+01  0.000000000000E+00
  0.000000000000E+00  0.000000000000E+00  0.868503800000E+01
    1
  0.100000000000E+01  0.000000000000E+00  0.000000000000E+00
  0.000000000000E+00  0.100000000000E+01  0.000000000000E+00
  0.000000000000E+00  0.000000000000E+00  0.100000000000E+01
  0.000000000000E+00  0.000000000000E+00  0.000000000000E+00
   15
    6      2.131521725932      2.250407783099      2.575339066283
    6      3.986515372593      5.232854177548      2.639799001556
    6      2.686098412319     -1.210664128667      2.667758648494
    6      4.951347037248      2.862452157817      2.638008381635
    6      3.628600757060     -3.472958605451      2.554903880312
    6      5.157201304830     -1.510759745867      2.617773763810
    6      6.195665551065      0.744074406957      2.568416728024
    6      1.488684290208     -0.431498793310      2.637690756386
    6      1.360990598815      1.071912073659      2.634444323054
    6      2.458024052888     -2.722922869939      2.635667117496
    6      3.996625850711     -0.693568205126      2.640415750060
    6      4.942777291724      1.461402151978      2.648050394191
    6      3.640673004465     -4.879334692105      2.433747348882
    6      4.991477017391     -2.964835853912      2.572932409924
    6      6.375315054855     -0.723154047243      2.617723429892
    1    1
