   3   1   1 E -5.7053755299824E+02 DE-4.4E-11( 21)
  0.370158621205E+01 -0.641133538787E+01  0.000000000000E+00
  0.370158621205E+01  0.641133538787E+01  0.000000000000E+00
  0.000000000000E+00  0.000000000000E+00  0.868503800000E+01
    1
  0.100000000000E+01  0.000000000000E+00  0.000000000000E+00
  0.000000000000E+00  0.100000000000E+01  0.000000000000E+00
  0.000000000000E+00  0.000000000000E+00  0.100000000000E+01
  0.000000000000E+00  0.000000000000E+00  0.000000000000E+00
   15
    6      2.274626337893      2.532190825219      2.594611390215
    6      3.837938663602      5.137708663219      2.615208449716
    6      2.513794943795     -1.340861484108      2.607123938366
    6      4.952273828281      2.722790265038      2.606393012385
    6      3.654098443141     -3.495199522136      2.613739257863
    6      5.002077276369     -1.390011882644      2.598186428832
    6      6.291396631906      0.749241000114      2.618163917063
    6      1.290200102674     -0.728374505748      2.584091350273
    6      1.953177439608      1.283290293975      2.589261493455
    6      2.413608283077     -2.816455490637      2.623137174249
    6      3.770808515380     -0.680784394342      2.616378046156
    6      5.076893369646      1.442609629517      2.604128924900
    6      3.740210500776     -4.851425082604      2.609665096897
    6      4.932686626667     -2.840993798170      2.600470368192
    6      6.287726359292     -0.710318707257      2.602112151439
    1    1
