   3   1   1 E -5.7067947658055E+02 DE 7.0E-11( 12)
  0.370158621205E+01 -0.641133538787E+01  0.000000000000E+00
  0.370158621205E+01  0.641133538787E+01  0.000000000000E+00
  0.000000000000E+00  0.000000000000E+00  0.868503800000E+01
    1
  0.100000000000E+01  0.000000000000E+00  0.000000000000E+00
  0.000000000000E+00  0.100000000000E+01  0.000000000000E+00
  0.000000000000E+00  0.000000000000E+00  0.100000000000E+01
  0.000000000000E+00  0.000000000000E+00  0.000000000000E+00
   15
    6      2.123952431799      2.251921283550      2.575775551026
    6      3.977324933002      5.209949463550      2.599751909193
    6      2.672665333040     -1.223610178884      2.620334944921
    6      4.957705971663      2.894012213001      2.611502938616
    6      3.645951041506     -3.468593101753      2.604326270009
    6      5.152389506180     -1.509513801905      2.607576619016
    6      6.204577230894      0.751312618427      2.610664439212
    6      1.463840854123     -0.421610113503      2.602759638265
    6      1.330033993343      1.040581869579      2.591888378649
    6      2.473175039549     -2.715611351730      2.619919143957
    6      3.975116621098     -0.708792602023      2.615341562854
    6      4.960670313252      1.487638158288      2.622179818121
    6      3.662862327386     -4.882451612185      2.599187952283
    6      5.011513339611     -2.964919113295      2.593222360141
    6      6.379738385660     -0.726907921680      2.608239473739
    1    1
