   3   1   1 E -5.7049975585577E+02 DE 8.8E-11( 23)
  0.370158621205E+01 -0.641133538787E+01  0.000000000000E+00
  0.370158621205E+01  0.641133538787E+01  0.000000000000E+00
  0.000000000000E+00  0.000000000000E+00  0.868503800000E+01
    1
  0.100000000000E+01  0.000000000000E+00  0.000000000000E+00
  0.000000000000E+00  0.100000000000E+01  0.000000000000E+00
  0.000000000000E+00  0.000000000000E+00  0.100000000000E+01
  0.000000000000E+00  0.000000000000E+00  0.000000000000E+00
   15
    6      2.172457575515      2.255482497011      2.597244740422
    6      3.876425677706      5.173049998229      2.579123439623
    6      2.616073623559     -1.259747331930      2.606710535931
    6      5.034725163910      2.825673227300      2.615371810148
    6      3.612547867308     -3.380930811467      2.610309035828
    6      5.096168030074     -1.417437052410      2.612695017177
    6      6.205164090360      0.761637878099      2.603463085860
    6      1.370453713788     -0.586663619802      2.623770504450
    6      1.886112752562      0.852525529991      2.583325479133
    6      2.458638500111     -2.720302162278      2.599368596796
    6      3.902669805837     -0.667060650357      2.591950983130
    6      5.089137339319      1.456218812455      2.617915733726
    6      3.378462342257     -4.688899367367      2.622620658505
    6      4.959307059163     -2.904730529340      2.606332364402
    6      6.333173780639     -0.685410608699      2.612469014869
    1    1
