   3   1   1 E -5.7067256283116E+02 DE-2.2E-09( 15)
  0.370158621205E+01 -0.641133538787E+01  0.000000000000E+00
  0.370158621205E+01  0.641133538787E+01  0.000000000000E+00
  0.000000000000E+00  0.000000000000E+00  0.868503800000E+01
    1
  0.100000000000E+01  0.000000000000E+00  0.000000000000E+00
  0.000000000000E+00  0.100000000000E+01  0.000000000000E+00
  0.000000000000E+00  0.000000000000E+00  0.100000000000E+01
  0.000000000000E+00  0.000000000000E+00  0.000000000000E+00
   15
    6      2.152027743900      2.266337929230      2.562214911793
    6      3.963235180226      5.223813240397      2.709083122716
    6      2.656476859149     -1.215420120084      2.606991449165
    6      4.976505372044      2.834015273224      2.626012723248
    6      3.636706410355     -3.469733200306      2.580935370314
    6      5.134002914391     -1.491811721767      2.582921103912
    6      6.221392924286      0.749535581322      2.602538845054
    6      1.466744059033     -0.410005068742      2.635487281622
    6      1.379870595610      1.054315042286      2.580186777568
    6      2.467771971361     -2.734667255904      2.601495753534
    6      3.955799500610     -0.691283388028      2.629528667320
    6      4.982705343535      1.434817365862      2.572996867431
    6      3.646502437190     -4.874689929309      2.623501107582
    6      4.993161812333     -2.952037581178      2.572659183894
    6      6.358614198084     -0.709780357566      2.596117834846
    1    1
