   3   1   1 E -5.7067984119271E+02 DE 5.9E-09(  9)
  0.370158621205E+01 -0.641133538787E+01  0.000000000000E+00
  0.370158621205E+01  0.641133538787E+01  0.000000000000E+00
  0.000000000000E+00  0.000000000000E+00  0.868503800000E+01
    1
  0.100000000000E+01  0.000000000000E+00  0.000000000000E+00
  0.000000000000E+00  0.100000000000E+01  0.000000000000E+00
  0.000000000000E+00  0.000000000000E+00  0.100000000000E+01
  0.000000000000E+00  0.000000000000E+00  0.000000000000E+00
   15
    6      2.125285788133      2.247887192305      2.590629997123
    6      3.969428811565      5.195916774609      2.611663674846
    6      2.669549479369     -1.228395701648      2.602797200329
    6      4.960765710817      2.913791679000      2.609705038551
    6      3.653245343048     -3.471190294765      2.610001299288
    6      5.147989628359     -1.507935204392      2.602866971772
    6      6.202523814081      0.756263695946      2.606821902618
    6      1.455855442239     -0.430796997555      2.605443324570
    6      1.328803241857      1.034036281950      2.604467971374
    6      2.484311233519     -2.714319895788      2.606028157155
    6      3.967193781106     -0.714209104932      2.601880524066
    6      4.970446978404      1.507769360100      2.609426952078
    6      3.664372411982     -4.885123507123      2.611564414527
    6      5.018690282018     -2.966970230003      2.604514780317
    6      6.373055375610     -0.723318238268      2.604858791386
    1    1
