   3   1   1 E -5.7067756462621E+02 DE 1.6E-11( 18)
  0.370158621205E+01 -0.641133538787E+01  0.000000000000E+00
  0.370158621205E+01  0.641133538787E+01  0.000000000000E+00
  0.000000000000E+00  0.000000000000E+00  0.868503800000E+01
    1
  0.100000000000E+01  0.000000000000E+00  0.000000000000E+00
  0.000000000000E+00  0.100000000000E+01  0.000000000000E+00
  0.000000000000E+00  0.000000000000E+00  0.100000000000E+01
  0.000000000000E+00  0.000000000000E+00  0.000000000000E+00
   15
    6      2.126113543314      2.266607294946      2.586373644881
    6      3.969693412579      5.211586696516      2.669194111017
    6      2.670556731140     -1.221689411859      2.609478785893
    6      4.959483150254      2.879566945066      2.585284920651
    6      3.644571981755     -3.469626698862      2.619068373198
    6      5.150400873657     -1.508865517746      2.605096119100
    6      6.210523843980      0.744718347292      2.589055524761
    6      1.459058104861     -0.431428388398      2.593022101230
    6      1.341420745932      1.066374727300      2.617630653022
    6      2.468340000213     -2.719736341923      2.602820954573
    6      3.975347867510     -0.704708317903      2.605430877252
    6      4.962068143900      1.475381021529      2.553903295543
    6      3.670246025221     -4.883221625837      2.614759710645
    6      5.003720125718     -2.961192339579      2.601274098965
    6      6.379972772076     -0.730360581105      2.630277829268
    1    1
