   3   1   1 E -5.7067428750927E+02 DE-8.4E-10( 11)
  0.370158621205E+01 -0.641133538787E+01  0.000000000000E+00
  0.370158621205E+01  0.641133538787E+01  0.000000000000E+00
  0.000000000000E+00  0.000000000000E+00  0.868503800000E+01
    1
  0.100000000000E+01  0.000000000000E+00  0.000000000000E+00
  0.000000000000E+00  0.100000000000E+01  0.000000000000E+00
  0.000000000000E+00  0.000000000000E+00  0.100000000000E+01
  0.000000000000E+00  0.000000000000E+00  0.000000000000E+00
   15
    6      2.150246729088      2.267007594118      2.581784431396
    6      3.962410794730      5.222954811918      2.668647454999
    6      2.655863300658     -1.216702641288      2.591138998314
    6      4.975654069755      2.835629733446      2.612216569086
    6      3.637793589984     -3.468834137471      2.592521477741
    6      5.134165241882     -1.492235383395      2.586411164544
    6      6.222729298718      0.749538589281      2.608972638256
    6      1.465409100573     -0.410390152266      2.630504926807
    6      1.376999584982      1.053801162095      2.600094261744
    6      2.467892769096     -2.733982659001      2.591838504927
    6      3.954608272034     -0.692871598155      2.609442452089
    6      4.983774742460      1.436505765185      2.585409644401
    6      3.649371405936     -4.874202428797      2.638733957680
    6      4.994529489145     -2.951890541691      2.591842043124
    6      6.360068933064     -0.710922304542      2.593112474893
    1    1
