   3   1   1 E -5.7073951133347E+02 DE-3.0E-09( 16)
  0.370158621205E+01 -0.641133538787E+01  0.000000000000E+00
  0.370158621205E+01  0.641133538787E+01  0.000000000000E+00
  0.000000000000E+00  0.000000000000E+00  0.868503800000E+01
    1
  0.100000000000E+01  0.000000000000E+00  0.000000000000E+00
  0.000000000000E+00  0.100000000000E+01  0.000000000000E+00
  0.000000000000E+00  0.000000000000E+00  0.100000000000E+01
  0.000000000000E+00  0.000000000000E+00  0.000000000000E+00
   15
    6      3.685355968019      4.995942260730      2.605508748295
    6      2.436697413721     -1.402375417798      2.605509950851
    6      3.724397049190      0.699207671552      2.605512805750
    6      4.900550039040      2.865170789631      2.605509602296
    6      3.798506460070     -3.617778726470      2.605514515122
    6      4.945313865458     -1.435710370095      2.605510703346
    6      6.183721389544      0.709350974767      2.605511634606
    6      1.189397824884     -0.723411490608      2.605508397763
    6      3.688836070673      3.605830512530      2.605508780349
    6      2.474659484101     -2.853498958795      2.605510458214
    6      3.682341580597     -0.679125708614      2.605511844768
    6      4.897035782545      1.424810506274      2.605510521968
    6      3.713990025204     -5.048682451262      2.605519254843
    6      4.995501553542     -2.829197770874      2.605514937211
    6      6.142936956885     -0.697126011530      2.605508844618
    1    1
