   3   1   1 E -5.7073963150843E+02 DE-1.7E-09( 20)
  0.370158621205E+01 -0.641133538787E+01  0.000000000000E+00
  0.370158621205E+01  0.641133538787E+01  0.000000000000E+00
  0.000000000000E+00  0.000000000000E+00  0.868503800000E+01
    1
  0.100000000000E+01  0.000000000000E+00  0.000000000000E+00
  0.000000000000E+00  0.100000000000E+01  0.000000000000E+00
  0.000000000000E+00  0.000000000000E+00  0.100000000000E+01
  0.000000000000E+00  0.000000000000E+00  0.000000000000E+00
   15
    6      3.682970478667      4.997333102278      2.605397168176
    6      2.435466366666     -1.406071034338      2.605152757465
    6      3.730089594861      0.695918823285      2.605374214438
    6      4.903146046741      2.868087127479      2.605220754859
    6      3.808100621837     -3.623325922154      2.605767476231
    6      4.946411669790     -1.437346387012      2.605249446184
    6      6.185699179211      0.709201858131      2.605976307396
    6      1.187071205757     -0.721714520808      2.605297577440
    6      3.686242651963      3.607019012098      2.605357412740
    6      2.472539052410     -2.852275744115      2.605324592458
    6      3.678473427539     -0.679895135769      2.605161263677
    6      4.895761427183      1.428527179507      2.605440539628
    6      3.713301774792     -5.046487790715      2.606639743997
    6      4.993219960976     -2.829690877892      2.605715126499
    6      6.140748005079     -0.695873880537      2.605596618813
    1    1
