   3   1   1 E -5.7073791257215E+02 DE-1.7E-10( 20)
  0.370158621205E+01 -0.641133538787E+01  0.000000000000E+00
  0.370158621205E+01  0.641133538787E+01  0.000000000000E+00
  0.000000000000E+00  0.000000000000E+00  0.868503800000E+01
    1
  0.100000000000E+01  0.000000000000E+00  0.000000000000E+00
  0.000000000000E+00  0.100000000000E+01  0.000000000000E+00
  0.000000000000E+00  0.000000000000E+00  0.100000000000E+01
  0.000000000000E+00  0.000000000000E+00  0.000000000000E+00
   15
    6      3.692518793000      4.991805568903      2.605511979361
    6      2.440135833039     -1.402777701073      2.605511383224
    6      3.714554159551      0.704896488256      2.605510637866
    6      4.902636108003      2.862386439437      2.605511639182
    6      3.769550449790     -3.601074239940      2.605511165951
    6      4.952879076110     -1.426643495014      2.605511331008
    6      6.179670778874      0.698244462004      2.605511591916
    6      1.193783392825     -0.723077598215      2.605512009615
    6      3.690789183288      3.601866820504      2.605512108666
    6      2.466823387219     -2.848965620620      2.605511601985
    6      3.691952163352     -0.682894793708      2.605510852859
    6      4.905117750287      1.418363555419      2.605511400670
    6      3.710104160827     -5.042556872154      2.605510649784
    6      4.988207845276     -2.828876546820      2.605510800614
    6      6.160518382031     -0.707290657542      2.605511847299
    1    1
