   3   1   1 E -5.7073967950447E+02 DE-3.2E-10( 18)
  0.370158621205E+01 -0.641133538787E+01  0.000000000000E+00
  0.370158621205E+01  0.641133538787E+01  0.000000000000E+00
  0.000000000000E+00  0.000000000000E+00  0.868503800000E+01
    1
  0.100000000000E+01  0.000000000000E+00  0.000000000000E+00
  0.000000000000E+00  0.100000000000E+01  0.000000000000E+00
  0.000000000000E+00  0.000000000000E+00  0.100000000000E+01
  0.000000000000E+00  0.000000000000E+00  0.000000000000E+00
   15
    6      3.681943794542      4.997930746506      2.605264333341
    6      2.435222104370     -1.405807306077      2.605232840572
    6      3.730539348196      0.695658059498      2.605169579057
    6      4.902792429552      2.868172175613      2.605276278842
    6      3.808648958484     -3.623644967572      2.606104105526
    6      4.945852285812     -1.437802412356      2.605491682068
    6      6.185810519874      0.709912964544      2.605583569655
    6      1.187075757996     -0.722031193181      2.605226386383
    6      3.686505084970      3.607182289318      2.605243829130
    6      2.473677290566     -2.852934209757      2.605484716775
    6      3.678166168770     -0.679437384092      2.605294555121
    6      4.895213565030      1.428565316951      2.605247740228
    6      3.714093515074     -5.047360236573      2.606666933199
    6      4.994374950717     -2.829948743531      2.606080371740
    6      6.139325689519     -0.695049289854      2.605304078361
    1    1
