   3   1   1 E -5.7073965385030E+02 DE 4.3E-06( 30)
  0.370158621205E+01 -0.641133538787E+01  0.000000000000E+00
  0.370158621205E+01  0.641133538787E+01  0.000000000000E+00
  0.000000000000E+00  0.000000000000E+00  0.868503800000E+01
    1
  0.100000000000E+01  0.000000000000E+00  0.000000000000E+00
  0.000000000000E+00  0.100000000000E+01  0.000000000000E+00
  0.000000000000E+00  0.000000000000E+00  0.100000000000E+01
  0.000000000000E+00  0.000000000000E+00  0.000000000000E+00
   15
    6      3.681886175031      4.997944043871      2.605533847377
    6      2.435035674023     -1.404920034635      2.605533240517
    6      3.728416835046      0.696891279465      2.605520211340
    6      4.901935164824      2.867880331596      2.605532767993
    6      3.806833857868     -3.622583667981      2.605468419860
    6      4.945486005392     -1.438572556931      2.605513714321
    6      6.186302213804      0.710620277342      2.605508246176
    6      1.186404667762     -0.722766113921      2.605536493161
    6      3.686788218093      3.608093706177      2.605535325232
    6      2.475093402380     -2.853750722254      2.605518118327
    6      3.679022537828     -0.679493938394      2.605519746390
    6      4.895705987946      1.427857199397      2.605529386183
    6      3.715416900563     -5.047549040192      2.605421357331
    6      4.995218586972     -2.830982845601      2.605468619505
    6      6.139695235944     -0.695262108503      2.605531506289
    1    1
