   3   1   1 E -5.7073968205996E+02 DE 1.2E-09( 13)
  0.370158621205E+01 -0.641133538787E+01  0.000000000000E+00
  0.370158621205E+01  0.641133538787E+01  0.000000000000E+00
  0.000000000000E+00  0.000000000000E+00  0.868503800000E+01
    1
  0.100000000000E+01  0.000000000000E+00  0.000000000000E+00
  0.000000000000E+00  0.100000000000E+01  0.000000000000E+00
  0.000000000000E+00  0.000000000000E+00  0.100000000000E+01
  0.000000000000E+00  0.000000000000E+00  0.000000000000E+00
   15
    6      3.682420098026      4.997653548105      2.605780795299
    6      2.435308094781     -1.406007223524      2.606172768448
    6      3.730449782227      0.695710343278      2.605206422931
    6      4.903009755993      2.868195360671      2.605997711844
    6      3.808438504886     -3.623522363164      2.604819967868
    6      4.946124344150     -1.437598214594      2.605581676050
    6      6.185771308103      0.709575897759      2.605771054305
    6      1.187060981576     -0.721906731656      2.605818225251
    6      3.686396785112      3.607128902598      2.605735667631
    6      2.473101520651     -2.852601357761      2.605792321133
    6      3.678230520048     -0.679678977669      2.605575287579
    6      4.895453275171      1.428629996890      2.605960478549
    6      3.713698639472     -5.046922375609      2.603341761492
    6      4.993796678914     -2.829821237557      2.605178334260
    6      6.139981174362     -0.695429758331      2.605938527361
    1    1
