   3   1   1 E -5.7046344871199E+02 DE 3.6E-09( 17)
  0.370158621205E+01 -0.641133538787E+01  0.000000000000E+00
  0.370158621205E+01  0.641133538787E+01  0.000000000000E+00
  0.000000000000E+00  0.000000000000E+00  0.868503800000E+01
    1
  0.100000000000E+01  0.000000000000E+00  0.000000000000E+00
  0.000000000000E+00  0.100000000000E+01  0.000000000000E+00
  0.000000000000E+00  0.000000000000E+00  0.100000000000E+01
  0.000000000000E+00  0.000000000000E+00  0.000000000000E+00
   15
    6      2.474929731562      2.838365693311      2.605516611763
    6      3.714603186129      4.985971498164      2.605510273428
    6      2.382495282219     -1.437257666196      2.605446484649
    6      3.670265926592      0.792544710374      2.605520406445
    6      3.697220566198     -3.564690781885      2.605518133819
    6      4.985498641969     -1.453783064763      2.605528497732
    6      6.169422879577      0.717679567931      2.605525031367
    6      1.252793598968     -0.765389359159      2.605476103256
    6      2.523361970220      1.434459570558      2.605516227798
    6      3.687250660712      3.570111174262      2.605515787791
    6      2.577946507991     -2.731871278985      2.605506552919
    6      4.888778712228      1.270784803692      2.605523318781
    6      3.631445464208     -4.946180757082      2.605526583638
    6      4.949783306937     -2.821321629789      2.605518071787
    6      6.151858815912     -0.738904875040      2.605522914829
    1    1
