   3   1   1 E -5.7046514125981E+02 DE 4.8E-09( 13)
  0.370158621205E+01 -0.641133538787E+01  0.000000000000E+00
  0.370158621205E+01  0.641133538787E+01  0.000000000000E+00
  0.000000000000E+00  0.000000000000E+00  0.868503800000E+01
    1
  0.100000000000E+01  0.000000000000E+00  0.000000000000E+00
  0.000000000000E+00  0.100000000000E+01  0.000000000000E+00
  0.000000000000E+00  0.000000000000E+00  0.100000000000E+01
  0.000000000000E+00  0.000000000000E+00  0.000000000000E+00
   15
    6      2.473506518497      2.846929978217      2.604635426389
    6      3.705944553313      4.983253616282      2.600142239386
    6      2.345074318320     -1.455763047353      2.598053485864
    6      3.668200850262      0.833131691513      2.621656976470
    6      3.705983738717     -3.576089374095      2.610539185599
    6      4.975941811113     -1.448496761467      2.595042890252
    6      6.183340397593      0.715975825462      2.609044641314
    6      1.231532453461     -0.753517574380      2.591009708253
    6      2.504364495470      1.446428758275      2.607392912689
    6      3.696242305955      3.564831943772      2.604083563505
    6      2.612711717028     -2.723782685677      2.606574642753
    6      4.900288588204      1.237439780883      2.606046953374
    6      3.654319947914     -4.959480439912      2.623283932521
    6      4.951746592822     -2.817622238421      2.603571385120
    6      6.148456962754     -0.742721867707      2.601593056514
    1    1
