   3   1   1 E -5.7046554343607E+02 DE-7.8E-12( 13)
  0.370158621205E+01 -0.641133538787E+01  0.000000000000E+00
  0.370158621205E+01  0.641133538787E+01  0.000000000000E+00
  0.000000000000E+00  0.000000000000E+00  0.868503800000E+01
    1
  0.100000000000E+01  0.000000000000E+00  0.000000000000E+00
  0.000000000000E+00  0.100000000000E+01  0.000000000000E+00
  0.000000000000E+00  0.000000000000E+00  0.100000000000E+01
  0.000000000000E+00  0.000000000000E+00  0.000000000000E+00
   15
    6      2.474113697588      2.843828520825      2.577038900867
    6      3.709012094188      4.985261571494      2.567025896726
    6      2.347523603141     -1.450253894991      2.642608610397
    6      3.659629599705      0.827947933332      2.674244729925
    6      3.706352407925     -3.573977278618      2.621068428206
    6      4.980716384664     -1.450288994504      2.503661606367
    6      6.179369618589      0.715326111477      2.631678168227
    6      1.238561821557     -0.749824566598      2.540916868163
    6      2.497407312976      1.439447402900      2.578675585588
    6      3.695507408818      3.565787039292      2.595575773574
    6      2.619432146249     -2.717079117706      2.636549076323
    6      4.894130148486      1.229177655418      2.657517544712
    6      3.648657312565     -4.954605918662      2.728895907866
    6      4.954003965569     -2.819806550182      2.561416576764
    6      6.153237729402     -0.740422308085      2.565797326296
    1    1
