   3   1   1 E -5.7046557103976E+02 DE 6.0E-11( 13)
  0.370158621205E+01 -0.641133538787E+01  0.000000000000E+00
  0.370158621205E+01  0.641133538787E+01  0.000000000000E+00
  0.000000000000E+00  0.000000000000E+00  0.868503800000E+01
    1
  0.100000000000E+01  0.000000000000E+00  0.000000000000E+00
  0.000000000000E+00  0.100000000000E+01  0.000000000000E+00
  0.000000000000E+00  0.000000000000E+00  0.100000000000E+01
  0.000000000000E+00  0.000000000000E+00  0.000000000000E+00
   15
    6      2.473430517376      2.843598514345      2.570168600339
    6      3.709992107758      4.985127128131      2.560114655876
    6      2.348679136102     -1.448268369789      2.655387649495
    6      3.659881164403      0.827578512712      2.681730672081
    6      3.705857778278     -3.573352738768      2.629641100544
    6      4.980045285055     -1.450159004492      2.485783736064
    6      6.180655435247      0.715197128764      2.631458556340
    6      1.239256837917     -0.748550052814      2.542981552686
    6      2.498338268486      1.438490844437      2.577428194479
    6      3.695401307239      3.565370153439      2.589545022480
    6      2.618812534167     -2.715961884370      2.652342372300
    6      4.893617195502      1.227293006221      2.661822936431
    6      3.647688624083     -4.954666983158      2.736393638377
    6      4.953231284109     -2.819774653174      2.556019028590
    6      6.152767775701     -0.741403996090      2.551853283919
    1    1
