   3   1   1 E -5.7046745759200E+02 DE 4.6E-10( 14)
  0.370158621205E+01 -0.641133538787E+01  0.000000000000E+00
  0.370158621205E+01  0.641133538787E+01  0.000000000000E+00
  0.000000000000E+00  0.000000000000E+00  0.868503800000E+01
    1
  0.100000000000E+01  0.000000000000E+00  0.000000000000E+00
  0.000000000000E+00  0.100000000000E+01  0.000000000000E+00
  0.000000000000E+00  0.000000000000E+00  0.100000000000E+01
  0.000000000000E+00  0.000000000000E+00  0.000000000000E+00
   15
    6      2.466904631508      2.877448684631      2.619386350398
    6      3.745556237792      4.995153399156      2.452613475567
    6      2.410703790242     -1.449744951610      2.439036574001
    6      3.628384360381      0.902671418917      2.975197902790
    6      3.680554142589     -3.571789213828      2.576152600438
    6      4.980416289600     -1.448178931802      2.419384161581
    6      6.193880059393      0.684683945654      2.718681192556
    6      1.294801370510     -0.764811919267      2.342071932715
    6      2.446332590349      1.485201228647      2.814194917720
    6      3.709985771970      3.587238240012      2.546389623403
    6      2.552990576414     -2.761421811669      2.490895551895
    6      4.884289721466      1.108402696318      2.893709403540
    6      3.650318480422     -4.940576963403      2.764054888909
    6      4.935199480018     -2.804887260004      2.537081117756
    6      6.177337748769     -0.748870956359      2.493821306731
    1    1
