   3   1   1 E -5.7046558024455E+02 DE 3.4E-10( 12)
  0.370158621205E+01 -0.641133538787E+01  0.000000000000E+00
  0.370158621205E+01  0.641133538787E+01  0.000000000000E+00
  0.000000000000E+00  0.000000000000E+00  0.868503800000E+01
    1
  0.100000000000E+01  0.000000000000E+00  0.000000000000E+00
  0.000000000000E+00  0.100000000000E+01  0.000000000000E+00
  0.000000000000E+00  0.000000000000E+00  0.100000000000E+01
  0.000000000000E+00  0.000000000000E+00  0.000000000000E+00
   15
    6      2.472896992008      2.846456162913      2.571332112395
    6      3.712604552502      4.986157797235      2.549383847342
    6      2.351074687256     -1.448910051911      2.643902828581
    6      3.658608452113      0.830526959128      2.701503260827
    6      3.703718623378     -3.572293880486      2.624218646806
    6      4.979550244398     -1.450581791711      2.486763816479
    6      6.182299061631      0.713083200883      2.639458777226
    6      1.243609111255     -0.747937263067      2.519661912068
    6      2.497002406409      1.442599909213      2.595117047338
    6      3.696773629927      3.568194372388      2.583577781338
    6      2.612298035876     -2.719883404707      2.649647710973
    6      4.893658520506      1.219692252510      2.675067211539
    6      3.648273781106     -4.953887116989      2.738096759229
    6      4.951519495134     -2.819843373728      2.552108593759
    6      6.153767657925     -0.742856166277      2.552830694100
    1    1
