   3   1   1 E -5.7046538973763E+02 DE-3.9E-11( 16)
  0.370158621205E+01 -0.641133538787E+01  0.000000000000E+00
  0.370158621205E+01  0.641133538787E+01  0.000000000000E+00
  0.000000000000E+00  0.000000000000E+00  0.868503800000E+01
    1
  0.100000000000E+01  0.000000000000E+00  0.000000000000E+00
  0.000000000000E+00  0.100000000000E+01  0.000000000000E+00
  0.000000000000E+00  0.000000000000E+00  0.100000000000E+01
  0.000000000000E+00  0.000000000000E+00  0.000000000000E+00
   15
    6      2.474343477249      2.843862818484      2.586776561207
    6      3.709503226362      4.984216692207      2.572478541183
    6      2.349154920148     -1.446940606729      2.649568165780
    6      3.659922283164      0.822009381157      2.642724987012
    6      3.706872783948     -3.572867359905      2.622101884057
    6      4.980453014319     -1.450642450261      2.506423262355
    6      6.179851411673      0.715069144839      2.637346186637
    6      1.238307818992     -0.748029720509      2.537003875730
    6      2.499430121703      1.439206122246      2.589056314468
    6      3.696188845991      3.564939875682      2.608530647522
    6      2.618218924101     -2.714102788194      2.626406996480
    6      4.891883386588      1.230026471016      2.655203428657
    6      3.647336883106     -4.954454665568      2.713775042025
    6      4.954379049677     -2.819357261816      2.568431661545
    6      6.151809104403     -0.742418047254      2.566843445343
    1    1
