   3   1   1 E -5.7047195309946E+02 DE 1.8E-10( 15)
  0.370158621205E+01 -0.641133538787E+01  0.000000000000E+00
  0.370158621205E+01  0.641133538787E+01  0.000000000000E+00
  0.000000000000E+00  0.000000000000E+00  0.868503800000E+01
    1
  0.100000000000E+01  0.000000000000E+00  0.000000000000E+00
  0.000000000000E+00  0.100000000000E+01  0.000000000000E+00
  0.000000000000E+00  0.000000000000E+00  0.100000000000E+01
  0.000000000000E+00  0.000000000000E+00  0.000000000000E+00
   15
    6      2.486433589111      2.876944021588      2.519153366752
    6      3.753157135186      5.015197217233      2.321082635926
    6      2.428627141705     -1.440133283692      2.309545229160
    6      3.649597977140      0.994519116664      3.296368233908
    6      3.646497528621     -3.585653943320      2.501748464363
    6      4.968042637170     -1.460727717344      2.372799294938
    6      6.185217605107      0.633678225850      2.874191979049
    6      1.313611971872     -0.726121624016      2.306154737612
    6      2.493901490579      1.548978187713      2.960211824632
    6      3.725915914939      3.598255537105      2.319790747018
    6      2.509094192799     -2.771595638468      2.318433017666
    6      4.913121834724      0.980161596437      3.273836863255
    6      3.584368715529     -4.926892067218      2.810124876449
    6      4.925477920418     -2.826341637436      2.435776668784
    6      6.174589596523     -0.759750385701      2.463453060489
    1    1
