   3   1   1 E -5.7047219597991E+02 DE-4.8E-11( 13)
  0.370158621205E+01 -0.641133538787E+01  0.000000000000E+00
  0.370158621205E+01  0.641133538787E+01  0.000000000000E+00
  0.000000000000E+00  0.000000000000E+00  0.868503800000E+01
    1
  0.100000000000E+01  0.000000000000E+00  0.000000000000E+00
  0.000000000000E+00  0.100000000000E+01  0.000000000000E+00
  0.000000000000E+00  0.000000000000E+00  0.100000000000E+01
  0.000000000000E+00  0.000000000000E+00  0.000000000000E+00
   15
    6      2.487735017240      2.877040309083      2.538599946929
    6      3.758525874628      5.013296060525      2.319134862894
    6      2.434253935018     -1.442587454351      2.277433246416
    6      3.643723564015      0.989250793813      3.319251731599
    6      3.650127395857     -3.583893723521      2.498314361878
    6      4.969598688110     -1.460829990861      2.352404042306
    6      6.176053915642      0.635910432223      2.882342835350
    6      1.319848869645     -0.725921359677      2.283011861139
    6      2.486678116966      1.545131709811      2.975820107655
    6      3.729990640672      3.598143008714      2.346957267082
    6      2.514181256197     -2.769331073773      2.297182668170
    6      4.902322326341      0.980380458594      3.288924668019
    6      3.577631605117     -4.922603201934      2.812526543346
    6      4.929497096639     -2.824715483347      2.439332830849
    6      6.177486949336     -0.758752879906      2.451434026366
    1    1
