   3   1   1 E -5.7047222407378E+02 DE-3.9E-11( 13)
  0.370158621205E+01 -0.641133538787E+01  0.000000000000E+00
  0.370158621205E+01  0.641133538787E+01  0.000000000000E+00
  0.000000000000E+00  0.000000000000E+00  0.868503800000E+01
    1
  0.100000000000E+01  0.000000000000E+00  0.000000000000E+00
  0.000000000000E+00  0.100000000000E+01  0.000000000000E+00
  0.000000000000E+00  0.000000000000E+00  0.100000000000E+01
  0.000000000000E+00  0.000000000000E+00  0.000000000000E+00
   15
    6      2.487516475287      2.876415111490      2.531739477649
    6      3.761587751266      5.012972384953      2.326511952246
    6      2.436888213602     -1.442198157250      2.281802921071
    6      3.640875662375      0.989295816953      3.312954627428
    6      3.650028656129     -3.582759662392      2.496911716042
    6      4.971292743888     -1.460403371835      2.356314542723
    6      6.174304337825      0.636685046820      2.880642326291
    6      1.323887738339     -0.725178816351      2.301078017321
    6      2.484305841828      1.542077047717      2.965157002693
    6      3.731005949101      3.597442018361      2.341190538995
    6      2.513427243323     -2.769652921075      2.292502133665
    6      4.899831353018      0.976840387616      3.286555899104
    6      3.571997701099     -4.918215381998      2.815358671741
    6      4.930336649406     -2.824128181709      2.440004026973
    6      6.180368934936     -0.758673715908      2.453947146058
    1    1
