   3   1   1 E -5.7046557410638E+02 DE 2.5E-10( 12)
  0.370158621205E+01 -0.641133538787E+01  0.000000000000E+00
  0.370158621205E+01  0.641133538787E+01  0.000000000000E+00
  0.000000000000E+00  0.000000000000E+00  0.868503800000E+01
    1
  0.100000000000E+01  0.000000000000E+00  0.000000000000E+00
  0.000000000000E+00  0.100000000000E+01  0.000000000000E+00
  0.000000000000E+00  0.000000000000E+00  0.100000000000E+01
  0.000000000000E+00  0.000000000000E+00  0.000000000000E+00
   15
    6      2.473244344158      2.844081984923      2.568615365987
    6      3.710380469636      4.985189674950      2.557403968728
    6      2.348668009077     -1.448292629589      2.654772671436
    6      3.660009203584      0.827944489287      2.685845117061
    6      3.705558144886     -3.573013357855      2.628104926371
    6      4.979873337316     -1.450291465533      2.487049213286
    6      6.181051863854      0.714876180010      2.634228415908
    6      1.239833604081     -0.748365314808      2.537942843097
    6      2.498306366707      1.439209038009      2.578180416759
    6      3.695606989321      3.565770445699      2.587276923197
    6      2.617776418817     -2.716558418533      2.652960822904
    6      4.893780017339      1.226230559081      2.665819793492
    6      3.647817588319     -4.954591370626      2.736846928434
    6      4.952870966778     -2.819920252033      2.554503874890
    6      6.152877927549     -0.741751957590      2.553119718450
    1    1
