   3   1   1 E -5.7047133538246E+02 DE-3.5E-10( 14)
  0.370158621205E+01 -0.641133538787E+01  0.000000000000E+00
  0.370158621205E+01  0.641133538787E+01  0.000000000000E+00
  0.000000000000E+00  0.000000000000E+00  0.868503800000E+01
    1
  0.100000000000E+01  0.000000000000E+00  0.000000000000E+00
  0.000000000000E+00  0.100000000000E+01  0.000000000000E+00
  0.000000000000E+00  0.000000000000E+00  0.100000000000E+01
  0.000000000000E+00  0.000000000000E+00  0.000000000000E+00
   15
    6      2.492840778931      2.881614291896      2.530581770631
    6      3.759171953410      5.014171484553      2.300923385654
    6      2.414844688361     -1.438010228493      2.318089205672
    6      3.648029741206      0.957576318609      3.280299709201
    6      3.648755472962     -3.578766883732      2.531807781118
    6      4.968819465832     -1.467352033776      2.353607810756
    6      6.178669629973      0.632089323860      2.880556653864
    6      1.308015493769     -0.701991448125      2.273754423335
    6      2.502192005934      1.544625713910      2.938198553191
    6      3.735382189914      3.607602525120      2.329919663863
    6      2.507501060366     -2.757140616965      2.366847562420
    6      4.904943220218      0.991486066422      3.282695836673
    6      3.588016768460     -4.937186897116      2.802827508609
    6      4.927313248674     -2.833116481824      2.445197786132
    6      6.173159533413     -0.765083528947      2.447363348882
    1    1
