   3   1   1 E -5.7046597459766E+02 DE 3.1E-10( 15)
  0.370158621205E+01 -0.641133538787E+01  0.000000000000E+00
  0.370158621205E+01  0.641133538787E+01  0.000000000000E+00
  0.000000000000E+00  0.000000000000E+00  0.868503800000E+01
    1
  0.100000000000E+01  0.000000000000E+00  0.000000000000E+00
  0.000000000000E+00  0.100000000000E+01  0.000000000000E+00
  0.000000000000E+00  0.000000000000E+00  0.100000000000E+01
  0.000000000000E+00  0.000000000000E+00  0.000000000000E+00
   15
    6      2.469638298118      2.858603613278      2.602231971777
    6      3.726393741218      4.988650975445      2.517042244472
    6      2.378224126595     -1.451090518187      2.550599465474
    6      3.644367795924      0.863232637846      2.805036715749
    6      3.695892876255     -3.571813365971      2.599879766854
    6      4.980354789789     -1.448913414973      2.464698210284
    6      6.188175535914      0.707816400056      2.666117918202
    6      1.266551204608     -0.765283465002      2.435252810410
    6      2.467590123874      1.456467376802      2.697027318940
    6      3.702397233330      3.574516256247      2.585761500969
    6      2.587715090792     -2.739318415766      2.578847434791
    6      4.887897286085      1.183545723943      2.743266742419
    6      3.652720914976     -4.947102862518      2.744835037390
    6      4.946139159280     -2.814293820211      2.557553943005
    6      6.163597074667     -0.744499515596      2.534519919265
    1    1
