   3   1   1 E -5.7046556220216E+02 DE-8.4E-11( 14)
  0.370158621205E+01 -0.641133538787E+01  0.000000000000E+00
  0.370158621205E+01  0.641133538787E+01  0.000000000000E+00
  0.000000000000E+00  0.000000000000E+00  0.868503800000E+01
    1
  0.100000000000E+01  0.000000000000E+00  0.000000000000E+00
  0.000000000000E+00  0.100000000000E+01  0.000000000000E+00
  0.000000000000E+00  0.000000000000E+00  0.100000000000E+01
  0.000000000000E+00  0.000000000000E+00  0.000000000000E+00
   15
    6      2.474126610716      2.843202088003      2.573695323162
    6      3.708988548897      4.985442743933      2.561842736239
    6      2.347645066542     -1.449038479946      2.652615993263
    6      3.660580992796      0.827821632686      2.679653127614
    6      3.706251569406     -3.574068059876      2.625342269195
    6      4.980508346106     -1.450539984110      2.493457576452
    6      6.179495239335      0.715643350756      2.631739818382
    6      1.238258467736     -0.749006384575      2.540392465407
    6      2.498220634494      1.438158442743      2.577273228392
    6      3.695359921613      3.565671599700      2.593335169133
    6      2.619547102444     -2.716548851683      2.648610347225
    6      4.893717258171      1.228984484692      2.661616072831
    6      3.648173857262     -4.954490494664      2.731585694580
    6      4.953938912396     -2.820168422283      2.557362318383
    6      6.152842723509     -0.740546059984      2.554148859742
    1    1
