   3   1   1 E -5.7046529427479E+02 DE 4.8E-09( 12)
  0.370158621205E+01 -0.641133538787E+01  0.000000000000E+00
  0.370158621205E+01  0.641133538787E+01  0.000000000000E+00
  0.000000000000E+00  0.000000000000E+00  0.868503800000E+01
    1
  0.100000000000E+01  0.000000000000E+00  0.000000000000E+00
  0.000000000000E+00  0.100000000000E+01  0.000000000000E+00
  0.000000000000E+00  0.000000000000E+00  0.100000000000E+01
  0.000000000000E+00  0.000000000000E+00  0.000000000000E+00
   15
    6      2.474235700979      2.844961159719      2.599195151073
    6      3.707777036659      4.983601965130      2.589231792336
    6      2.347307690158     -1.450502013628      2.629849464782
    6      3.664257571852      0.827207662415      2.623301217293
    6      3.706199321826     -3.574492088207      2.614486645205
    6      4.978231537580     -1.449859339439      2.553385609266
    6      6.181709401806      0.715534925963      2.618655040087
    6      1.234455396507     -0.749815489654      2.555682410013
    6      2.502575218197      1.442159698844      2.600617112380
    6      3.696607313432      3.564581963462      2.612929061275
    6      2.615229838080     -2.717969759894      2.613417172922
    6      4.895823312519      1.233939866537      2.621927104182
    6      3.650213913807     -4.957104569898      2.676070056233
    6      4.953131033646     -2.818816259069      2.586709479578
    6      6.149900964375     -0.742910116887      2.587213683375
    1    1
