   3   1   1 E -5.7046509993143E+02 DE-1.9E-10( 14)
  0.370158621205E+01 -0.641133538787E+01  0.000000000000E+00
  0.370158621205E+01  0.641133538787E+01  0.000000000000E+00
  0.000000000000E+00  0.000000000000E+00  0.868503800000E+01
    1
  0.100000000000E+01  0.000000000000E+00  0.000000000000E+00
  0.000000000000E+00  0.100000000000E+01  0.000000000000E+00
  0.000000000000E+00  0.000000000000E+00  0.100000000000E+01
  0.000000000000E+00  0.000000000000E+00  0.000000000000E+00
   15
    6      2.473419018105      2.844557048287      2.606700300872
    6      3.707711856076      4.984668464911      2.602930993245
    6      2.345796631139     -1.448433419195      2.597368766315
    6      3.662803004181      0.829182177635      2.612487050842
    6      3.707938327294     -3.576070357397      2.607294746877
    6      4.976345257544     -1.448946379327      2.607209856822
    6      6.184081283383      0.714238018222      2.610716860996
    6      1.231801696767     -0.751060933656      2.592915964373
    6      2.502828193623      1.444652224583      2.606969920119
    6      3.696632284015      3.564744080274      2.605987455519
    6      2.617446510238     -2.716291678879      2.599289048681
    6      4.896078721834      1.229429543995      2.607958222426
    6      3.654026543971     -4.959296840007      2.609890534224
    6      4.952753753902     -2.816800024742      2.607233677284
    6      6.147992169351     -0.744054319311      2.607717601404
    1    1
