   3   1   1 E -5.7046556949323E+02 DE-4.9E-08(  6)
  0.370158621205E+01 -0.641133538787E+01  0.000000000000E+00
  0.370158621205E+01  0.641133538787E+01  0.000000000000E+00
  0.000000000000E+00  0.000000000000E+00  0.868503800000E+01
    1
  0.100000000000E+01  0.000000000000E+00  0.000000000000E+00
  0.000000000000E+00  0.100000000000E+01  0.000000000000E+00
  0.000000000000E+00  0.000000000000E+00  0.100000000000E+01
  0.000000000000E+00  0.000000000000E+00  0.000000000000E+00
   15
    6      2.473637246487      2.843195832128      2.567052129752
    6      3.709815526239      4.985300093326      2.559872919897
    6      2.348714726291     -1.447974234029      2.660034995328
    6      3.660173979847      0.827126744637      2.681430706060
    6      3.705940711872     -3.573490795067      2.628059583099
    6      4.980278094229     -1.450428216093      2.481473666517
    6      6.180057811603      0.715389089371      2.634173674284
    6      1.239305772652     -0.748468033749      2.548863048791
    6      2.498273854105      1.437798026316      2.573580328857
    6      3.695260614621      3.565393317332      2.587725590872
    6      2.619342201859     -2.715280593195      2.652722290175
    6      4.893151540847      1.227466856000      2.664170707568
    6      3.647385999415     -4.954439624335      2.739866201140
    6      4.953548304706     -2.819950057058      2.551242822955
    6      6.152768866650     -0.741120800189      2.552402334705
    1    1
