   3   1   1 E -5.7046557287804E+02 DE 1.1E-09( 10)
  0.370158621205E+01 -0.641133538787E+01  0.000000000000E+00
  0.370158621205E+01  0.641133538787E+01  0.000000000000E+00
  0.000000000000E+00  0.000000000000E+00  0.868503800000E+01
    1
  0.100000000000E+01  0.000000000000E+00  0.000000000000E+00
  0.000000000000E+00  0.100000000000E+01  0.000000000000E+00
  0.000000000000E+00  0.000000000000E+00  0.100000000000E+01
  0.000000000000E+00  0.000000000000E+00  0.000000000000E+00
   15
    6      2.473363828288      2.843826487665      2.569361170375
    6      3.710135623408      4.985147801952      2.558327085613
    6      2.348456134326     -1.448393677752      2.656373954755
    6      3.660075734304      0.827874786827      2.682617824380
    6      3.705720128975     -3.573223265832      2.628955491154
    6      4.979896394194     -1.450217737114      2.487304580500
    6      6.180872302543      0.715095812942      2.632563559891
    6      1.239393721697     -0.748455425252      2.540175522805
    6      2.498458521470      1.438855891067      2.577444570380
    6      3.695555523633      3.565548249604      2.588577757892
    6      2.618353736970     -2.716325963117      2.653932256423
    6      4.893752207852      1.226892579533      2.662641628937
    6      3.647809804754     -4.954667178463      2.736153366333
    6      4.953031150169     -2.819888114864      2.555346266109
    6      6.152780438840     -0.741552641801      2.552895964452
    1    1
