   3   1   1 E -5.7046557217112E+02 DE-5.3E-09(  8)
  0.370158621205E+01 -0.641133538787E+01  0.000000000000E+00
  0.370158621205E+01  0.641133538787E+01  0.000000000000E+00
  0.000000000000E+00  0.000000000000E+00  0.868503800000E+01
    1
  0.100000000000E+01  0.000000000000E+00  0.000000000000E+00
  0.000000000000E+00  0.100000000000E+01  0.000000000000E+00
  0.000000000000E+00  0.000000000000E+00  0.100000000000E+01
  0.000000000000E+00  0.000000000000E+00  0.000000000000E+00
   15
    6      2.473407810750      2.843723278422      2.569427143894
    6      3.710053475470      4.985131047740      2.560120256553
    6      2.348487088549     -1.448425695520      2.656415987357
    6      3.660025289041      0.827811901118      2.681367328186
    6      3.705778486092     -3.573323036506      2.628847145580
    6      4.979922613864     -1.450174076159      2.487019536902
    6      6.180777949748      0.715170987242      2.632326145567
    6      1.239278767571     -0.748526947876      2.541885172959
    6      2.498457580293      1.438703419447      2.576902944322
    6      3.695504927533      3.565451296398      2.588824701944
    6      2.618593703713     -2.716182332891      2.653423183501
    6      4.893733862306      1.227161222488      2.661631353170
    6      3.647768896803     -4.954709651073      2.736201810779
    6      4.953111204723     -2.819831311445      2.555391070823
    6      6.152753594967     -0.741462495992      2.552887218465
    1    1
