   3   1   1 E -5.7047224118827E+02 DE 2.4E-09(  7)
  0.370158621205E+01 -0.641133538787E+01  0.000000000000E+00
  0.370158621205E+01  0.641133538787E+01  0.000000000000E+00
  0.000000000000E+00  0.000000000000E+00  0.868503800000E+01
    1
  0.100000000000E+01  0.000000000000E+00  0.000000000000E+00
  0.000000000000E+00  0.100000000000E+01  0.000000000000E+00
  0.000000000000E+00  0.000000000000E+00  0.100000000000E+01
  0.000000000000E+00  0.000000000000E+00  0.000000000000E+00
   15
    6      2.488772022658      2.874525288850      2.524401119556
    6      3.763830877560      5.015426808473      2.330245911017
    6      2.440723678498     -1.440749666058      2.282650441608
    6      3.637949361550      0.986525713855      3.311013650443
    6      3.649162521566     -3.581062035055      2.493500141290
    6      4.973836068977     -1.460277023418      2.359101779819
    6      6.171818398450      0.637542056406      2.887653105079
    6      1.328200025755     -0.722432763666      2.309598256369
    6      2.483196617782      1.533714643004      2.949929962540
    6      3.731413371038      3.598190086677      2.338252942894
    6      2.512296325031     -2.768506812052      2.287077001425
    6      4.896901904293      0.973574510653      3.294687541183
    6      3.564933643433     -4.913290618670      2.818752833945
    6      4.931654094949     -2.824735363101      2.436427002523
    6      6.182966339884     -0.757927220507      2.459379310309
    1    1
