   3   1   1 E -5.7046559381360E+02 DE 2.8E-11( 14)
  0.370158621205E+01 -0.641133538787E+01  0.000000000000E+00
  0.370158621205E+01  0.641133538787E+01  0.000000000000E+00
  0.000000000000E+00  0.000000000000E+00  0.868503800000E+01
    1
  0.100000000000E+01  0.000000000000E+00  0.000000000000E+00
  0.000000000000E+00  0.100000000000E+01  0.000000000000E+00
  0.000000000000E+00  0.000000000000E+00  0.100000000000E+01
  0.000000000000E+00  0.000000000000E+00  0.000000000000E+00
   15
    6      2.472485911833      2.848787574690      2.576657845002
    6      3.714983591239      4.987108935267      2.540303495773
    6      2.353511461611     -1.449679927018      2.624422767363
    6      3.657293168550      0.833599649706      2.722998848935
    6      3.701786012799     -3.571677308857      2.618576876589
    6      4.979128326875     -1.450856644084      2.486217497682
    6      6.183693302370      0.711519110308      2.647309675667
    6      1.247551819982     -0.747722779840      2.495216689107
    6      2.495419675968      1.445901436543      2.614915581797
    6      3.697943555311      3.570525777652      2.583089324675
    6      2.606775904017     -2.723379481490      2.638692241876
    6      4.893500636667      1.213040609841      2.688109130596
    6      3.648718367452     -4.953050914624      2.741477835853
    6      4.950069081007     -2.819757373205      2.552014182346
    6      6.154794435740     -0.743841059497      2.552669006739
    1    1
