   3   1   1 E -5.7046693855477E+02 DE-8.5E-11( 15)
  0.370158621205E+01 -0.641133538787E+01  0.000000000000E+00
  0.370158621205E+01  0.641133538787E+01  0.000000000000E+00
  0.000000000000E+00  0.000000000000E+00  0.868503800000E+01
    1
  0.100000000000E+01  0.000000000000E+00  0.000000000000E+00
  0.000000000000E+00  0.100000000000E+01  0.000000000000E+00
  0.000000000000E+00  0.000000000000E+00  0.100000000000E+01
  0.000000000000E+00  0.000000000000E+00  0.000000000000E+00
   15
    6      2.466705613892      2.875725647542      2.625337807547
    6      3.743169227375      4.995381121185      2.468166421999
    6      2.412359820661     -1.449775541543      2.441053872476
    6      3.626449696847      0.902385745484      2.953681143640
    6      3.682173323475     -3.573382845838      2.574066921189
    6      4.980625044399     -1.446851764245      2.427129793677
    6      6.193749872527      0.688312274233      2.709481193391
    6      1.295421138892     -0.771396387848      2.342359291711
    6      2.441095247125      1.478997176661      2.811454430505
    6      3.707321662858      3.583819261616      2.566609796549
    6      2.557506766537     -2.761410654644      2.491816141473
    6      4.885132476842      1.117440260702      2.865345342793
    6      3.653682563377     -4.939955724708      2.762034104147
    6      4.936063126892     -2.802725059083      2.542275596445
    6      6.176199669724     -0.746045904121      2.501859142459
    1    1
