   3   1   1 E -5.7047215313221E+02 DE-7.7E-11( 13)
  0.370158621205E+01 -0.641133538787E+01  0.000000000000E+00
  0.370158621205E+01  0.641133538787E+01  0.000000000000E+00
  0.000000000000E+00  0.000000000000E+00  0.868503800000E+01
    1
  0.100000000000E+01  0.000000000000E+00  0.000000000000E+00
  0.000000000000E+00  0.100000000000E+01  0.000000000000E+00
  0.000000000000E+00  0.000000000000E+00  0.100000000000E+01
  0.000000000000E+00  0.000000000000E+00  0.000000000000E+00
   15
    6      2.486810910327      2.877588894446      2.538022889586
    6      3.758477924959      5.012496834671      2.317247033788
    6      2.435396828201     -1.441586037649      2.278760240643
    6      3.643836495083      0.987162343916      3.323656356916
    6      3.650373208655     -3.582553157908      2.498749873225
    6      4.969751811342     -1.461264821955      2.347504954773
    6      6.176398491710      0.636500846140      2.885917021520
    6      1.319430492076     -0.726852835331      2.279285465799
    6      2.485343475493      1.543807192613      2.977409743384
    6      3.729549264806      3.598236917410      2.348066225642
    6      2.513957383828     -2.768524684064      2.298570205881
    6      4.901294017829      0.981583710841      3.291231883241
    6      3.580132580664     -4.922686534830      2.812649810627
    6      4.929091961103     -2.823866256899      2.436849053223
    6      6.177810405346     -0.759524806008      2.448750241752
    1    1
