   3   1   1 E -5.7046570678660E+02 DE-1.3E-11( 15)
  0.370158621205E+01 -0.641133538787E+01  0.000000000000E+00
  0.370158621205E+01  0.641133538787E+01  0.000000000000E+00
  0.000000000000E+00  0.000000000000E+00  0.868503800000E+01
    1
  0.100000000000E+01  0.000000000000E+00  0.000000000000E+00
  0.000000000000E+00  0.100000000000E+01  0.000000000000E+00
  0.000000000000E+00  0.000000000000E+00  0.100000000000E+01
  0.000000000000E+00  0.000000000000E+00  0.000000000000E+00
   15
    6      2.471544058514      2.853532370509      2.590166682525
    6      3.720379918788      4.988245191419      2.531710455156
    6      2.367471981182     -1.449903773037      2.587393553243
    6      3.650045600956      0.848280182929      2.759422162116
    6      3.699004873515     -3.572846396898      2.610630429955
    6      4.980063697485     -1.449606592658      2.478688556315
    6      6.185275170673      0.709622596315      2.654011763016
    6      1.257041755188     -0.758376108676      2.464671647106
    6      2.479801619418      1.449594295995      2.657062170684
    6      3.699210922888      3.571663774978      2.585577640177
    6      2.598103573068     -2.731647035806      2.609017557037
    6      4.890706981805      1.200321351694      2.712100104502
    6      3.651176557982     -4.949790432654      2.740681874765
    6      4.948433525830     -2.815538317210      2.557299813983
    6      6.159395014133     -0.743033501507      2.544236589420
    1    1
