   3   1   1 E -5.7047201740428E+02 DE-4.0E-10( 14)
  0.370158621205E+01 -0.641133538787E+01  0.000000000000E+00
  0.370158621205E+01  0.641133538787E+01  0.000000000000E+00
  0.000000000000E+00  0.000000000000E+00  0.868503800000E+01
    1
  0.100000000000E+01  0.000000000000E+00  0.000000000000E+00
  0.000000000000E+00  0.100000000000E+01  0.000000000000E+00
  0.000000000000E+00  0.000000000000E+00  0.100000000000E+01
  0.000000000000E+00  0.000000000000E+00  0.000000000000E+00
   15
    6      2.485997983507      2.876657498482      2.542090883238
    6      3.757332316231      5.012136065230      2.321757805556
    6      2.436682365790     -1.441300052888      2.271328445931
    6      3.645946650647      0.982282997741      3.321452053822
    6      3.650830825498     -3.581306734566      2.495657779543
    6      4.970374813448     -1.460754018640      2.350645166189
    6      6.176210210112      0.638840385325      2.886750776029
    6      1.318621842991     -0.729192275486      2.270468487519
    6      2.486508351604      1.540085867636      2.985355477343
    6      3.727392293649      3.597666549568      2.355825690073
    6      2.514304424775     -2.768661864925      2.297151631629
    6      4.899519750507      0.987227445559      3.286094544592
    6      3.581498460637     -4.921742846945      2.807033730025
    6      4.928995582903     -2.822874035367      2.437528615810
    6      6.177439379125     -0.758547375331      2.453529912703
    1    1
