   3   1   1 E -5.7046504771224E+02 DE 6.7E-11( 16)
  0.370158621205E+01 -0.641133538787E+01  0.000000000000E+00
  0.370158621205E+01  0.641133538787E+01  0.000000000000E+00
  0.000000000000E+00  0.000000000000E+00  0.868503800000E+01
    1
  0.100000000000E+01  0.000000000000E+00  0.000000000000E+00
  0.000000000000E+00  0.100000000000E+01  0.000000000000E+00
  0.000000000000E+00  0.000000000000E+00  0.100000000000E+01
  0.000000000000E+00  0.000000000000E+00  0.000000000000E+00
   15
    6      2.472903856727      2.844299060421      2.605314172355
    6      3.707606521584      4.985227523633      2.602510071778
    6      2.348054885995     -1.447623245090      2.581908933215
    6      3.663379802877      0.826983876382      2.602574239210
    6      3.707854870195     -3.576146009179      2.610949947143
    6      4.976861998685     -1.449243403073      2.608682779814
    6      6.184090019195      0.714300015886      2.613425922762
    6      1.232243365642     -0.752457430204      2.590851433182
    6      2.504279361158      1.444882860817      2.604790553058
    6      3.694937042738      3.565731299224      2.604803898156
    6      2.616286597901     -2.717642715990      2.610255192216
    6      4.896642355648      1.231042937623      2.615548018351
    6      3.652569845464     -4.958469695980      2.616571467229
    6      4.952393218143     -2.816470494063      2.606203126355
    6      6.147551509470     -0.743896975013      2.608281245175
    1    1
