   3   1   1 E -5.7046513836342E+02 DE 6.7E-10( 10)
  0.370158621205E+01 -0.641133538787E+01  0.000000000000E+00
  0.370158621205E+01  0.641133538787E+01  0.000000000000E+00
  0.000000000000E+00  0.000000000000E+00  0.868503800000E+01
    1
  0.100000000000E+01  0.000000000000E+00  0.000000000000E+00
  0.000000000000E+00  0.100000000000E+01  0.000000000000E+00
  0.000000000000E+00  0.000000000000E+00  0.100000000000E+01
  0.000000000000E+00  0.000000000000E+00  0.000000000000E+00
   15
    6      2.473402675706      2.846368058973      2.605266306136
    6      3.706460667887      4.983647778273      2.600590858978
    6      2.344908092970     -1.454717622831      2.609576676183
    6      3.667063334729      0.832933786910      2.611132116171
    6      3.706332085751     -3.576292886032      2.603508997686
    6      4.975765168783     -1.448405174974      2.599260471139
    6      6.183709061143      0.715719174656      2.606085231297
    6      1.231692334969     -0.753097198170      2.600167856119
    6      2.503951967316      1.446173327024      2.607323876881
    6      3.696492702294      3.564721781094      2.604711392907
    6      2.613950363165     -2.721801156096      2.606598517143
    6      4.899204123407      1.235190276053      2.612588310277
    6      3.654606050982     -4.959627312192      2.610634817012
    6      4.951831739044     -2.817327492413      2.604762081061
    6      6.148284883277     -0.742967734882      2.600463491011
    1    1
