   3   1   1 E -5.7046517143196E+02 DE 7.4E-10( 12)
  0.370158621205E+01 -0.641133538787E+01  0.000000000000E+00
  0.370158621205E+01  0.641133538787E+01  0.000000000000E+00
  0.000000000000E+00  0.000000000000E+00  0.868503800000E+01
    1
  0.100000000000E+01  0.000000000000E+00  0.000000000000E+00
  0.000000000000E+00  0.100000000000E+01  0.000000000000E+00
  0.000000000000E+00  0.000000000000E+00  0.100000000000E+01
  0.000000000000E+00  0.000000000000E+00  0.000000000000E+00
   15
    6      2.473814851275      2.846419001781      2.603681581458
    6      3.706236911141      4.983297401497      2.598334976665
    6      2.345672397385     -1.452352732847      2.605939800390
    6      3.666051582433      0.830585161797      2.622047809771
    6      3.706802348965     -3.575468900424      2.607847529539
    6      4.976787666861     -1.449052075796      2.589341008165
    6      6.183006019893      0.715140531942      2.608483166853
    6      1.231631486920     -0.752016722618      2.586198421638
    6      2.503622800189      1.445244996401      2.606574539746
    6      3.696249392451      3.564836777574      2.605253648187
    6      2.613849255919     -2.722223579962      2.606825319076
    6      4.899175485805      1.236136652736      2.609036053529
    6      3.653481528683     -4.959021644315      2.633375349280
    6      4.952500360800     -2.817812459836      2.600386155021
    6      6.148773162705     -0.743194802538      2.599345640684
    1    1
