   3   1   1 E -5.7047058207301E+02 DE 1.6E-10( 15)
  0.370158621205E+01 -0.641133538787E+01  0.000000000000E+00
  0.370158621205E+01  0.641133538787E+01  0.000000000000E+00
  0.000000000000E+00  0.000000000000E+00  0.868503800000E+01
    1
  0.100000000000E+01  0.000000000000E+00  0.000000000000E+00
  0.000000000000E+00  0.100000000000E+01  0.000000000000E+00
  0.000000000000E+00  0.000000000000E+00  0.100000000000E+01
  0.000000000000E+00  0.000000000000E+00  0.000000000000E+00
   15
    6      2.490141250141      2.887371287657      2.558821632069
    6      3.762056456370      5.012701188589      2.304865795711
    6      2.421887834661     -1.438617651609      2.265527006471
    6      3.645377768428      0.951100095899      3.294066591461
    6      3.650952805867     -3.577403902310      2.526473747435
    6      4.968988913159     -1.467404997244      2.375015974809
    6      6.180801871722      0.633361969208      2.880364336864
    6      1.306625253309     -0.702652274393      2.281142701311
    6      2.493376465904      1.542518951287      2.943411118300
    6      3.737281382956      3.611980141100      2.351724029962
    6      2.501240199764     -2.762917701996      2.303005409029
    6      4.898851207160      0.995069434013      3.280458606082
    6      3.598070848953     -4.941334657126      2.799107646763
    6      4.926555640967     -2.827376821697      2.468754146644
    6      6.175447352061     -0.765877455985      2.449932257089
    1    1
