   3   1   1 E -5.7047223102909E+02 DE-1.8E-10( 11)
  0.370158621205E+01 -0.641133538787E+01  0.000000000000E+00
  0.370158621205E+01  0.641133538787E+01  0.000000000000E+00
  0.000000000000E+00  0.000000000000E+00  0.868503800000E+01
    1
  0.100000000000E+01  0.000000000000E+00  0.000000000000E+00
  0.000000000000E+00  0.100000000000E+01  0.000000000000E+00
  0.000000000000E+00  0.000000000000E+00  0.100000000000E+01
  0.000000000000E+00  0.000000000000E+00  0.000000000000E+00
   15
    6      2.487680838968      2.875699210551      2.529639821288
    6      3.762076582653      5.013612154066      2.326865182580
    6      2.437695184459     -1.441957155332      2.280279832092
    6      3.640299558366      0.988596020144      3.315758822485
    6      3.649776527929     -3.582384972390      2.495341714777
    6      4.972054488920     -1.459876125152      2.354803088764
    6      6.173681069180      0.636809525104      2.883505481332
    6      1.324981584432     -0.724296433912      2.301156151176
    6      2.484237074630      1.540146812794      2.963265460677
    6      3.730798888010      3.597454338873      2.340431740882
    6      2.513395292814     -2.769348694550      2.290709218711
    6      4.899094448382      0.975488358544      3.291468909841
    6      3.570161262624     -4.917062523873      2.816635490719
    6      4.930562081513     -2.824192051691      2.437616220448
    6      6.181160368543     -0.758170857783      2.455193864230
    1    1
