   3   1   1 E -5.7046978433192E+02 DE 2.7E-10( 14)
  0.370158621205E+01 -0.641133538787E+01  0.000000000000E+00
  0.370158621205E+01  0.641133538787E+01  0.000000000000E+00
  0.000000000000E+00  0.000000000000E+00  0.868503800000E+01
    1
  0.100000000000E+01  0.000000000000E+00  0.000000000000E+00
  0.000000000000E+00  0.100000000000E+01  0.000000000000E+00
  0.000000000000E+00  0.000000000000E+00  0.100000000000E+01
  0.000000000000E+00  0.000000000000E+00  0.000000000000E+00
   15
    6      2.473944941120      2.882774080442      2.587900477656
    6      3.755079764509      5.000891591521      2.378074787563
    6      2.416139668514     -1.443176317061      2.389396337099
    6      3.632762182692      0.917709236963      3.122122928575
    6      3.668050673561     -3.571103217903      2.565146065364
    6      4.978107042120     -1.455779894520      2.380935883986
    6      6.189428364411      0.662498652694      2.780167253902
    6      1.301736944227     -0.736891967933      2.317699890594
    6      2.463870023211      1.509664937608      2.855521331817
    6      3.720954753185      3.598344154460      2.456581287391
    6      2.530658821747     -2.760680663207      2.437558763209
    6      4.886809826927      1.057585603480      3.068661241753
    6      3.629114034554     -4.940512678970      2.783088453069
    6      4.930886847984     -2.813667057330      2.503141214742
    6      6.180111362661     -0.757138854851      2.456675083282
    1    1
