   3   1   1 E -5.7046532735258E+02 DE 1.3E-10( 16)
  0.370158621205E+01 -0.641133538787E+01  0.000000000000E+00
  0.370158621205E+01  0.641133538787E+01  0.000000000000E+00
  0.000000000000E+00  0.000000000000E+00  0.868503800000E+01
    1
  0.100000000000E+01  0.000000000000E+00  0.000000000000E+00
  0.000000000000E+00  0.100000000000E+01  0.000000000000E+00
  0.000000000000E+00  0.000000000000E+00  0.100000000000E+01
  0.000000000000E+00  0.000000000000E+00  0.000000000000E+00
   15
    6      2.474345648682      2.844823415854      2.597614899281
    6      3.707964459206      4.983597658631      2.585143460780
    6      2.347612702333     -1.448995937499      2.635857472593
    6      3.663069860740      0.825745098958      2.624771622083
    6      3.706619087050     -3.574069438560      2.616160866490
    6      4.978800503792     -1.450171167800      2.537025909615
    6      6.181384160105      0.715220607824      2.625767994080
    6      1.234784475363     -0.749175884966      2.549484388432
    6      2.501869247449      1.441582263949      2.598978191495
    6      3.696497036498      3.564661992000      2.612863298019
    6      2.615722555461     -2.717752764017      2.618294202339
    6      4.895451955143      1.233676689631      2.626650940828
    6      3.649672866183     -4.956621103733      2.687224554380
    6      4.953553017956     -2.819030767974      2.583861416522
    6      6.150307675462     -0.742973056905      2.582971783062
    1    1
