   3   1   1 E -5.7046565255115E+02 DE-1.8E-10( 13)
  0.370158621205E+01 -0.641133538787E+01  0.000000000000E+00
  0.370158621205E+01  0.641133538787E+01  0.000000000000E+00
  0.000000000000E+00  0.000000000000E+00  0.868503800000E+01
    1
  0.100000000000E+01  0.000000000000E+00  0.000000000000E+00
  0.000000000000E+00  0.100000000000E+01  0.000000000000E+00
  0.000000000000E+00  0.000000000000E+00  0.100000000000E+01
  0.000000000000E+00  0.000000000000E+00  0.000000000000E+00
   15
    6      2.472487244538      2.851053428115      2.582794271219
    6      3.717421332112      4.987955609299      2.538119981440
    6      2.361928590047     -1.449073278678      2.606529666070
    6      3.652897726563      0.840920307823      2.738335858766
    6      3.700572536466     -3.573107386361      2.616470036583
    6      4.979888422289     -1.450024308308      2.484216753928
    6      6.183918023620      0.710271574181      2.648713955737
    6      1.252035307582     -0.754414158047      2.481726799082
    6      2.486198924344      1.446617852498      2.635333164278
    6      3.697915530987      3.570431146096      2.583621337101
    6      2.603283805805     -2.727454574386      2.624277311297
    6      4.891963523718      1.207638819367      2.699152624873
    6      3.650243832639     -4.951262819939      2.739078954614
    6      4.949574825601     -2.816417718029      2.556057960978
    6      6.157325625112     -0.742616888240      2.548242324033
    1    1
