   3   1   1 E -5.7047221508287E+02 DE 2.2E-10( 13)
  0.370158621205E+01 -0.641133538787E+01  0.000000000000E+00
  0.370158621205E+01  0.641133538787E+01  0.000000000000E+00
  0.000000000000E+00  0.000000000000E+00  0.868503800000E+01
    1
  0.100000000000E+01  0.000000000000E+00  0.000000000000E+00
  0.000000000000E+00  0.100000000000E+01  0.000000000000E+00
  0.000000000000E+00  0.000000000000E+00  0.100000000000E+01
  0.000000000000E+00  0.000000000000E+00  0.000000000000E+00
   15
    6      2.488400987057      2.875855256777      2.528433289535
    6      3.759846166416      5.013143705281      2.328171409071
    6      2.434495278411     -1.442207483341      2.284740898214
    6      3.643051663377      0.989248397917      3.313748900294
    6      3.649750262669     -3.583299576784      2.493769444243
    6      4.970275650404     -1.460807169472      2.356482902265
    6      6.174397806599      0.636013390433      2.882121012167
    6      1.321549078378     -0.724232666548      2.307132671245
    6      2.487246877188      1.542707757608      2.963191195894
    6      3.731008957959      3.597230688743      2.339297366807
    6      2.514237506479     -2.768851568600      2.290285862105
    6      4.902260757437      0.978143312763      3.288433434949
    6      3.572270385790     -4.919022041981      2.814971520965
    6      4.930184356567     -2.824732841169      2.436265929355
    6      6.178679516691     -0.758671556235      2.455625162891
    1    1
