   3   1   1 E -5.7046644404492E+02 DE 1.2E-10( 17)
  0.370158621205E+01 -0.641133538787E+01  0.000000000000E+00
  0.370158621205E+01  0.641133538787E+01  0.000000000000E+00
  0.000000000000E+00  0.000000000000E+00  0.868503800000E+01
    1
  0.100000000000E+01  0.000000000000E+00  0.000000000000E+00
  0.000000000000E+00  0.100000000000E+01  0.000000000000E+00
  0.000000000000E+00  0.000000000000E+00  0.100000000000E+01
  0.000000000000E+00  0.000000000000E+00  0.000000000000E+00
   15
    6      2.465030553515      2.874474360465      2.625402349351
    6      3.744697297475      4.992672032214      2.472121697854
    6      2.412932138097     -1.452543509426      2.450184006809
    6      3.625651002342      0.907427597642      2.943630873939
    6      3.683719823632     -3.571563122985      2.569345803424
    6      4.981015036394     -1.446314830183      2.423750663825
    6      6.195574382542      0.697768592638      2.706845647458
    6      1.298064685139     -0.783320972169      2.342880117004
    6      2.432284260726      1.475392947011      2.815710174264
    6      3.709506730231      3.582323254358      2.572875796699
    6      2.556905761755     -2.762669281916      2.497266238476
    6      4.882347717036      1.127926747848      2.845470961320
    6      3.656163859149     -4.937868852923      2.763192162724
    6      4.937362921033     -2.806550560225      2.548521997710
    6      6.176399082355     -0.746636796958      2.505472509143
    1    1
