   3   1   1 E -5.7046561107162E+02 DE-4.7E-10( 13)
  0.370158621205E+01 -0.641133538787E+01  0.000000000000E+00
  0.370158621205E+01  0.641133538787E+01  0.000000000000E+00
  0.000000000000E+00  0.000000000000E+00  0.868503800000E+01
    1
  0.100000000000E+01  0.000000000000E+00  0.000000000000E+00
  0.000000000000E+00  0.100000000000E+01  0.000000000000E+00
  0.000000000000E+00  0.000000000000E+00  0.100000000000E+01
  0.000000000000E+00  0.000000000000E+00  0.000000000000E+00
   15
    6      2.473222571536      2.848651456754      2.576520680073
    6      3.715036910040      4.987507035753      2.541230592983
    6      2.354415812451     -1.448821430219      2.623417397078
    6      3.656666004540      0.835204291501      2.723202166575
    6      3.701657724341     -3.573015046678      2.620801343701
    6      4.979560936648     -1.450725285505      2.485340342692
    6      6.183656240164      0.711029335159      2.646533350750
    6      1.246778896330     -0.749336969541      2.496131657974
    6      2.493183962730      1.445541518919      2.615568073540
    6      3.697615612194      3.570099343052      2.582493362060
    6      2.606823466024     -2.723513462492      2.637575627646
    6      4.893070679892      1.212138039287      2.689712289134
    6      3.649651326086     -4.952287920825      2.740296909432
    6      4.950501351751     -2.818844613029      2.552716200963
    6      6.155813756698     -0.743108686743      2.551131005399
    1    1
