   3   1   1 E -5.7046556505444E+02 DE-2.3E-09( 12)
  0.370158621205E+01 -0.641133538787E+01  0.000000000000E+00
  0.370158621205E+01  0.641133538787E+01  0.000000000000E+00
  0.000000000000E+00  0.000000000000E+00  0.868503800000E+01
    1
  0.100000000000E+01  0.000000000000E+00  0.000000000000E+00
  0.000000000000E+00  0.100000000000E+01  0.000000000000E+00
  0.000000000000E+00  0.000000000000E+00  0.100000000000E+01
  0.000000000000E+00  0.000000000000E+00  0.000000000000E+00
   15
    6      2.473797816769      2.843028171198      2.567603978103
    6      3.709672898261      4.985424743400      2.561993542962
    6      2.348429134078     -1.448235729956      2.660389506653
    6      3.660381581525      0.827312582332      2.679775960620
    6      3.705975039627     -3.573711548293      2.627485918447
    6      4.980306487617     -1.450513294990      2.479914752704
    6      6.179850922495      0.715618966783      2.633201136800
    6      1.239139575789     -0.748519719462      2.553178185552
    6      2.498268061200      1.437617894491      2.573679200957
    6      3.695312081076      3.565447786310      2.588691568288
    6      2.619540168126     -2.715370095935      2.650674221105
    6      4.893030899804      1.227762540481      2.662620778774
    6      3.647493412349     -4.954369241945      2.740576350856
    6      4.953676390257     -2.820087758282      2.550917015186
    6      6.152780782450     -0.740887690739      2.551968882993
    1    1
