   3   1   1 E -5.7047220763867E+02 DE-2.9E-11( 13)
  0.370158621205E+01 -0.641133538787E+01  0.000000000000E+00
  0.370158621205E+01  0.641133538787E+01  0.000000000000E+00
  0.000000000000E+00  0.000000000000E+00  0.868503800000E+01
    1
  0.100000000000E+01  0.000000000000E+00  0.000000000000E+00
  0.000000000000E+00  0.100000000000E+01  0.000000000000E+00
  0.000000000000E+00  0.000000000000E+00  0.100000000000E+01
  0.000000000000E+00  0.000000000000E+00  0.000000000000E+00
   15
    6      2.488227181605      2.876607577446      2.530857721109
    6      3.759585819693      5.013771103194      2.319381009251
    6      2.435359621753     -1.442028107721      2.283167293808
    6      3.643351582983      0.992068716636      3.324786331747
    6      3.648946460630     -3.584011531212      2.495212192632
    6      4.969774582332     -1.460600115804      2.350453164220
    6      6.175574884937      0.634483790095      2.882509552619
    6      1.321772764870     -0.724798220613      2.293996039920
    6      2.487379199762      1.545961096101      2.973669220785
    6      3.730675040411      3.597774250021      2.337749436404
    6      2.512626055607     -2.769996360840      2.295596791074
    6      4.902745395899      0.975438876376      3.296938528536
    6      3.573951484355     -4.920661090958      2.813711847936
    6      4.929343548460     -2.824873747211      2.434370901539
    6      6.178341628125     -0.758618630114      2.450270968421
    1    1
