   3   1   1 E -5.7046830409185E+02 DE-1.2E-10( 15)
  0.370158621205E+01 -0.641133538787E+01  0.000000000000E+00
  0.370158621205E+01  0.641133538787E+01  0.000000000000E+00
  0.000000000000E+00  0.000000000000E+00  0.868503800000E+01
    1
  0.100000000000E+01  0.000000000000E+00  0.000000000000E+00
  0.000000000000E+00  0.100000000000E+01  0.000000000000E+00
  0.000000000000E+00  0.000000000000E+00  0.100000000000E+01
  0.000000000000E+00  0.000000000000E+00  0.000000000000E+00
   15
    6      2.469430349571      2.878487740029      2.610011519076
    6      3.748082710372      4.996670997136      2.428517970605
    6      2.409936573116     -1.447530564102      2.420017425297
    6      3.631260209335      0.905626198886      3.024066632488
    6      3.676843723640     -3.571710099655      2.572799652528
    6      4.979767907490     -1.451251809519      2.408246526725
    6      6.191985779417      0.677218044253      2.739172796508
    6      1.295307741446     -0.753198356147      2.335698859730
    6      2.454301349749      1.493469873903      2.822340320740
    6      3.713513962459      3.590828995971      2.519076184564
    6      2.546767114462     -2.759296727530      2.469422587776
    6      4.885677440063      1.093618512937      2.954324798664
    6      3.642638483711     -4.941680100604      2.770412988700
    6      4.934319042666     -2.808810724422      2.526295464741
    6      6.177822863926     -0.751924375743      2.482267271858
    1    1
