   3   1   1 E -5.7045357479572E+02 DE 1.1E-09( 18)
  0.370158621205E+01 -0.641133538787E+01  0.000000000000E+00
  0.370158621205E+01  0.641133538787E+01  0.000000000000E+00
  0.000000000000E+00  0.000000000000E+00  0.868503800000E+01
    1
  0.100000000000E+01  0.000000000000E+00  0.000000000000E+00
  0.000000000000E+00  0.100000000000E+01  0.000000000000E+00
  0.000000000000E+00  0.000000000000E+00  0.100000000000E+01
  0.000000000000E+00  0.000000000000E+00  0.000000000000E+00
   15
    6      2.487838997932      2.831111599675      2.605511243874
    6      3.727909664824      4.978230777720      2.605511872868
    6      2.426984239240     -1.431025966774      2.605515494869
    6      3.686138433397      0.750761556682      2.605508920490
    6      3.682392222425     -3.541112890936      2.605510941655
    6      4.977454987951     -1.448793738158      2.605511147695
    6      6.141851643554      0.718756748574      2.605510435587
    6      1.276743250450     -0.761928964809      2.605514136501
    6      2.531407285662      1.412591764317      2.605511173180
    6      3.702227467044      3.561288609825      2.605511432317
    6      2.506361963944     -2.746540221654      2.605512194468
    6      4.865274864043      1.339788524323      2.605510341429
    6      3.633892967303     -4.947325353384      2.605509241827
    6      4.948770594810     -2.833412626587      2.605511221641
    6      6.162406668843     -0.731872213420      2.605511201598
    1    1
