   3   1   1 E -5.7047170152702E+02 DE 4.6E-10( 14)
  0.370158621205E+01 -0.641133538787E+01  0.000000000000E+00
  0.370158621205E+01  0.641133538787E+01  0.000000000000E+00
  0.000000000000E+00  0.000000000000E+00  0.868503800000E+01
    1
  0.100000000000E+01  0.000000000000E+00  0.000000000000E+00
  0.000000000000E+00  0.100000000000E+01  0.000000000000E+00
  0.000000000000E+00  0.000000000000E+00  0.100000000000E+01
  0.000000000000E+00  0.000000000000E+00  0.000000000000E+00
   15
    6      2.483315111392      2.879492592952      2.555695218330
    6      3.754307579886      5.012469000294      2.333377740984
    6      2.424098267744     -1.445307813238      2.299055976899
    6      3.640281895591      0.980682511319      3.275799754215
    6      3.652228590046     -3.582708311366      2.509517131323
    6      4.973008421276     -1.457930757819      2.347734413392
    6      6.186285131554      0.638499213193      2.860552807846
    6      1.313150807108     -0.729756534571      2.268336542196
    6      2.483656961592      1.545115131383      2.942359055882
    6      3.723511356714      3.599503760386      2.380547730387
    6      2.517767599590     -2.769921653886      2.336928269367
    6      4.905002377343      0.991834629133      3.262064244443
    6      3.595459609110     -4.930002465318      2.808757200543
    6      4.927279027039     -2.823554541291      2.446197821422
    6      6.178302515439     -0.757897155777      2.455747092770
    1    1
