   3   1   1 E -5.7046545344665E+02 DE 1.9E-10( 15)
  0.370158621205E+01 -0.641133538787E+01  0.000000000000E+00
  0.370158621205E+01  0.641133538787E+01  0.000000000000E+00
  0.000000000000E+00  0.000000000000E+00  0.868503800000E+01
    1
  0.100000000000E+01  0.000000000000E+00  0.000000000000E+00
  0.000000000000E+00  0.100000000000E+01  0.000000000000E+00
  0.000000000000E+00  0.000000000000E+00  0.100000000000E+01
  0.000000000000E+00  0.000000000000E+00  0.000000000000E+00
   15
    6      2.474386568549      2.843700709865      2.585319386519
    6      3.709107660260      4.984763859609      2.571253880628
    6      2.347833074611     -1.446894116226      2.643750726009
    6      3.660205039324      0.822595548373      2.648973319793
    6      3.707341011162     -3.572783540004      2.622314965866
    6      4.980717128342     -1.450694946831      2.509279067643
    6      6.178731022639      0.714709756621      2.635738754663
    6      1.238647238754     -0.748655255308      2.540875771820
    6      2.498866318493      1.438907686760      2.587052526173
    6      3.695647048203      3.565535191224      2.607128110687
    6      2.619933127134     -2.713797442515      2.629413548733
    6      4.891876498269      1.228325187502      2.651114667354
    6      3.647612061519     -4.953950436748      2.716570552800
    6      4.954696576776     -2.819528567538      2.568389327779
    6      6.152054877387     -0.741716029390      2.565496393534
    1    1
