   3   1   1 E -5.7047224882471E+02 DE-2.3E-10(  8)
  0.370158621205E+01 -0.641133538787E+01  0.000000000000E+00
  0.370158621205E+01  0.641133538787E+01  0.000000000000E+00
  0.000000000000E+00  0.000000000000E+00  0.868503800000E+01
    1
  0.100000000000E+01  0.000000000000E+00  0.000000000000E+00
  0.000000000000E+00  0.100000000000E+01  0.000000000000E+00
  0.000000000000E+00  0.000000000000E+00  0.100000000000E+01
  0.000000000000E+00  0.000000000000E+00  0.000000000000E+00
   15
    6      2.488760333217      2.874525922008      2.524299397268
    6      3.763864096682      5.015475234879      2.330331847060
    6      2.440862577221     -1.440732190832      2.282702154812
    6      3.637911876651      0.986470538091      3.310988660585
    6      3.649127053747     -3.581048699578      2.493544106422
    6      4.973857515599     -1.460257711477      2.359233203816
    6      6.171798796670      0.637569664633      2.887652293323
    6      1.328304535546     -0.722464277925      2.309620639818
    6      2.483151295812      1.533558251273      2.949505133015
    6      3.731427872863      3.598214996671      2.338234325374
    6      2.512242958238     -2.768532691255      2.287187109170
    6      4.896849207846      0.973619163214      3.294475605111
    6      3.564871491640     -4.913242756166      2.818909185762
    6      4.931645684910     -2.824742861467      2.436478923850
    6      6.182979954783     -0.757894976675      2.459508414614
    1    1
