   3   1   1 E -5.7047224117402E+02 DE-3.5E-10( 10)
  0.370158621205E+01 -0.641133538787E+01  0.000000000000E+00
  0.370158621205E+01  0.641133538787E+01  0.000000000000E+00
  0.000000000000E+00  0.000000000000E+00  0.868503800000E+01
    1
  0.100000000000E+01  0.000000000000E+00  0.000000000000E+00
  0.000000000000E+00  0.100000000000E+01  0.000000000000E+00
  0.000000000000E+00  0.000000000000E+00  0.100000000000E+01
  0.000000000000E+00  0.000000000000E+00  0.000000000000E+00
   15
    6      2.488618187220      2.874336831067      2.523868903052
    6      3.764042533523      5.015448180046      2.331106344199
    6      2.440894529935     -1.440924053129      2.282115050311
    6      3.637744129958      0.986111784004      3.311097647418
    6      3.649270746288     -3.580867146035      2.493268943785
    6      4.974153380036     -1.460037056641      2.359682011390
    6      6.171643345238      0.637904986551      2.887650631324
    6      1.328602471845     -0.722464959095      2.310281057952
    6      2.482889232615      1.533118216618      2.948871438600
    6      3.731177004002      3.598165149398      2.338168098077
    6      2.512466998193     -2.768638778100      2.286624847702
    6      4.896537474863      0.973432061027      3.294288809165
    6      3.564520380828     -4.912797982489      2.818877312325
    6      4.931763753740     -2.824552694924      2.436645670800
    6      6.183331083139     -0.757716932906      2.460124233901
    1    1
