   3   1   1 E -5.7046521103852E+02 DE 5.7E-11( 15)
  0.370158621205E+01 -0.641133538787E+01  0.000000000000E+00
  0.370158621205E+01  0.641133538787E+01  0.000000000000E+00
  0.000000000000E+00  0.000000000000E+00  0.868503800000E+01
    1
  0.100000000000E+01  0.000000000000E+00  0.000000000000E+00
  0.000000000000E+00  0.100000000000E+01  0.000000000000E+00
  0.000000000000E+00  0.000000000000E+00  0.100000000000E+01
  0.000000000000E+00  0.000000000000E+00  0.000000000000E+00
   15
    6      2.473970794008      2.846036920317      2.602131661255
    6      3.706632876443      4.983328962216      2.594918186343
    6      2.346295703982     -1.451368006572      2.613653359418
    6      3.665298194478      0.829292755567      2.622267455702
    6      3.706737654367     -3.575068519965      2.610246660679
    6      4.977335560706     -1.449344456887      2.576808979141
    6      6.182589075007      0.715092140950      2.612621509997
    6      1.232353733098     -0.751269088153      2.576518469850
    6      2.503262215229      1.444323529990      2.604749297409
    6      3.696318049405      3.564769877301      2.606654281199
    6      2.614221883794     -2.721067708656      2.609133636107
    6      4.898235782676      1.235559788601      2.613718494077
    6      3.652496129291     -4.958469423554      2.647605361408
    6      4.952767435253     -2.818098109294      2.596367207986
    6      6.149140163687     -0.743201056468      2.595276439428
    1    1
