   3   1   1 E -5.7046557620290E+02 DE-3.1E-10( 10)
  0.370158621205E+01 -0.641133538787E+01  0.000000000000E+00
  0.370158621205E+01  0.641133538787E+01  0.000000000000E+00
  0.000000000000E+00  0.000000000000E+00  0.868503800000E+01
    1
  0.100000000000E+01  0.000000000000E+00  0.000000000000E+00
  0.000000000000E+00  0.100000000000E+01  0.000000000000E+00
  0.000000000000E+00  0.000000000000E+00  0.100000000000E+01
  0.000000000000E+00  0.000000000000E+00  0.000000000000E+00
   15
    6      2.473145846456      2.844633131070      2.569726203908
    6      3.710930443063      4.985430410296      2.554939504712
    6      2.349194089654     -1.448468512938      2.650039600680
    6      3.659713053737      0.828504502307      2.691296205037
    6      3.705112050738     -3.572819045474      2.626729056655
    6      4.979772394854     -1.450364101662      2.487120363956
    6      6.181369200103      0.714487542176      2.636362966392
    6      1.240772527882     -0.748213004137      2.531444262206
    6      2.498044993302      1.439978396735      2.582805826570
    6      3.695881103014      3.566360660446      2.586961082699
    6      2.616479454265     -2.717342991415      2.650631121787
    6      4.893739887957      1.224704592398      2.669251782065
    6      3.647886397892     -4.954417549638      2.737778134370
    6      4.952527434323     -2.819941932181      2.554328280944
    6      6.153086374183     -0.742014492591      2.553256608018
    1    1
