   3   1   1 E -5.7046562962267E+02 DE-2.1E-09( 10)
  0.370158621205E+01 -0.641133538787E+01  0.000000000000E+00
  0.370158621205E+01  0.641133538787E+01  0.000000000000E+00
  0.000000000000E+00  0.000000000000E+00  0.868503800000E+01
    1
  0.100000000000E+01  0.000000000000E+00  0.000000000000E+00
  0.000000000000E+00  0.100000000000E+01  0.000000000000E+00
  0.000000000000E+00  0.000000000000E+00  0.100000000000E+01
  0.000000000000E+00  0.000000000000E+00  0.000000000000E+00
   15
    6      2.472868030543      2.849836605530      2.578226553740
    6      3.716069699026      4.987688407924      2.540336698929
    6      2.358940963278     -1.448713918231      2.617278457374
    6      3.654310709918      0.837682670390      2.729551742548
    6      3.701348632028     -3.573084172089      2.619224446964
    6      4.979757860259     -1.450232791718      2.485363117881
    6      6.183382759124      0.710594296548      2.646647085822
    6      1.249543821844     -0.752350056744      2.491394836312
    6      2.489321753111      1.445536341232      2.623745879486
    6      3.697502713104      3.569873179810      2.581513389066
    6      2.605756761022     -2.725289548903      2.632578300599
    6      4.892560859535      1.210719591683      2.695083518453
    6      3.649809653051     -4.951989822958      2.738196864435
    6      4.950119814540     -2.817138438838      2.554169693511
    6      6.156361221041     -0.742614738243      2.549360414880
    1    1
