   3   1   1 E -5.7046488078085E+02 DE-1.6E-08( 13)
  0.370158621205E+01 -0.641133538787E+01  0.000000000000E+00
  0.370158621205E+01  0.641133538787E+01  0.000000000000E+00
  0.000000000000E+00  0.000000000000E+00  0.868503800000E+01
    1
  0.100000000000E+01  0.000000000000E+00  0.000000000000E+00
  0.000000000000E+00  0.100000000000E+01  0.000000000000E+00
  0.000000000000E+00  0.000000000000E+00  0.100000000000E+01
  0.000000000000E+00  0.000000000000E+00  0.000000000000E+00
   15
    6      2.470427049190      2.845676335595      2.605481858635
    6      3.705604394632      4.986299476275      2.605647321493
    6      2.357449679264     -1.453980390964      2.606740035446
    6      3.672609548425      0.822599569790      2.605517739048
    6      3.704579150843     -3.576672953556      2.605252496697
    6      4.978234963760     -1.449610210693      2.605320743478
    6      6.183425190334      0.717082353290      2.605157293967
    6      1.234926969768     -0.762193794409      2.606314231610
    6      2.512730786540      1.447920715863      2.605502008589
    6      3.687052478905      3.570117598894      2.605505018746
    6      2.605137395073     -2.731679115685      2.605331010818
    6      4.903470420952      1.247159721428      2.605106686727
    6      3.646753307169     -4.955074305554      2.604988335164
    6      4.949106984660     -2.815805099524      2.605443706478
    6      6.146146931907     -0.741322295358      2.605362513104
    1    1
