   3   1   1 E -5.7046561903499E+02 DE-1.9E-09( 10)
  0.370158621205E+01 -0.641133538787E+01  0.000000000000E+00
  0.370158621205E+01  0.641133538787E+01  0.000000000000E+00
  0.000000000000E+00  0.000000000000E+00  0.868503800000E+01
    1
  0.100000000000E+01  0.000000000000E+00  0.000000000000E+00
  0.000000000000E+00  0.100000000000E+01  0.000000000000E+00
  0.000000000000E+00  0.000000000000E+00  0.100000000000E+01
  0.000000000000E+00  0.000000000000E+00  0.000000000000E+00
   15
    6      2.473094069747      2.848888531597      2.577620698095
    6      3.715448655518      4.987526148962      2.541324405828
    6      2.355830118687     -1.448860410282      2.621317553187
    6      3.656019876071      0.836422637152      2.724824901128
    6      3.701443490022     -3.573168341603      2.620164317538
    6      4.979482066486     -1.450567532479      2.484337665481
    6      6.183574932538      0.711062962833      2.646621643401
    6      1.247789406259     -0.750476180351      2.494505072159
    6      2.491850950134      1.445418425327      2.618285106435
    6      3.697553865353      3.569827085171      2.583619678434
    6      2.606582645282     -2.724048229318      2.635180407332
    6      4.893035941713      1.211658994541      2.690183176432
    6      3.649655310718     -4.952086243618      2.740489691540
    6      4.950277256841     -2.818285380373      2.554015315620
    6      6.156016666055     -0.742794862165      2.550181367391
    1    1
