   3   1   1 E -5.7046550396499E+02 DE-3.6E-11( 13)
  0.370158621205E+01 -0.641133538787E+01  0.000000000000E+00
  0.370158621205E+01  0.641133538787E+01  0.000000000000E+00
  0.000000000000E+00  0.000000000000E+00  0.868503800000E+01
    1
  0.100000000000E+01  0.000000000000E+00  0.000000000000E+00
  0.000000000000E+00  0.100000000000E+01  0.000000000000E+00
  0.000000000000E+00  0.000000000000E+00  0.100000000000E+01
  0.000000000000E+00  0.000000000000E+00  0.000000000000E+00
   15
    6      2.474561087233      2.843592051605      2.582265055704
    6      3.708463427439      4.985222601641      2.573265656770
    6      2.346428639073     -1.448323549368      2.648693778953
    6      3.661437245234      0.825813762510      2.660566407425
    6      3.706823727146     -3.573623148502      2.621664319309
    6      4.980484553818     -1.450762322123      2.501813658117
    6      6.178377067745      0.714848478113      2.627246170916
    6      1.237948312489     -0.749040044826      2.533412021568
    6      2.499008152241      1.438853997635      2.582216461555
    6      3.695544045972      3.565933211989      2.603737293160
    6      2.619821236016     -2.715679915357      2.642076513358
    6      4.893740763085      1.228928779497      2.652273515393
    6      3.648300198814     -4.954298085079      2.720121837436
    6      4.954350818648     -2.820166581849      2.564081633507
    6      6.152365976470     -0.740781630494      2.569236676829
    1    1
