   3   1   1 E -5.7046536259153E+02 DE-2.6E-11( 14)
  0.370158621205E+01 -0.641133538787E+01  0.000000000000E+00
  0.370158621205E+01  0.641133538787E+01  0.000000000000E+00
  0.000000000000E+00  0.000000000000E+00  0.868503800000E+01
    1
  0.100000000000E+01  0.000000000000E+00  0.000000000000E+00
  0.000000000000E+00  0.100000000000E+01  0.000000000000E+00
  0.000000000000E+00  0.000000000000E+00  0.100000000000E+01
  0.000000000000E+00  0.000000000000E+00  0.000000000000E+00
   15
    6      2.474126062708      2.843986473881      2.589429496691
    6      3.709511343422      4.984267315515      2.578090830739
    6      2.348259977130     -1.448679447410      2.649280108380
    6      3.660937303300      0.823634178345      2.638832888187
    6      3.706602943714     -3.573664923225      2.618099265129
    6      4.979540765719     -1.450380564195      2.510307591547
    6      6.180684689465      0.715729098668      2.633955302145
    6      1.237875324713     -0.748461536916      2.543737627909
    6      2.499882203049      1.439921580633      2.590714900960
    6      3.696390592910      3.564853665281      2.612356953932
    6      2.617572168660     -2.715245337885      2.631139506157
    6      4.892841361256      1.231095411160      2.649925738791
    6      3.648137016292     -4.954906949027      2.694479352497
    6      4.953882342691     -2.819336181849      2.570732686872
    6      6.151411156393     -0.742295177585      2.571588750064
    1    1
