   3   1   1 E -5.7046514898010E+02 DE 3.3E-09( 12)
  0.370158621205E+01 -0.641133538787E+01  0.000000000000E+00
  0.370158621205E+01  0.641133538787E+01  0.000000000000E+00
  0.000000000000E+00  0.000000000000E+00  0.868503800000E+01
    1
  0.100000000000E+01  0.000000000000E+00  0.000000000000E+00
  0.000000000000E+00  0.100000000000E+01  0.000000000000E+00
  0.000000000000E+00  0.000000000000E+00  0.100000000000E+01
  0.000000000000E+00  0.000000000000E+00  0.000000000000E+00
   15
    6      2.473575545735      2.846925900662      2.603636416465
    6      3.705918994564      4.983202846866      2.599173681283
    6      2.345194871077     -1.455383126995      2.600248550763
    6      3.668051469254      0.832772987483      2.621208617870
    6      3.706049437527     -3.575958330347      2.611657681938
    6      4.976092272432     -1.448597231554      2.592837175357
    6      6.183226183635      0.715885572053      2.610292838579
    6      1.231493276778     -0.753350524359      2.589339975601
    6      2.504307770537      1.446303112574      2.606482472976
    6      3.696232089720      3.564836021965      2.603249901900
    6      2.612717583816     -2.723793351949      2.606567961418
    6      4.900261471301      1.237525592781      2.607450659911
    6      3.654153938721     -4.959392095865      2.627239381664
    6      4.951854157288     -2.817692384888      2.602249460330
    6      6.148526189039     -0.742767383035      2.601036223945
    1    1
