   3   1   1 E -5.7047223721234E+02 DE 8.5E-11( 12)
  0.370158621205E+01 -0.641133538787E+01  0.000000000000E+00
  0.370158621205E+01  0.641133538787E+01  0.000000000000E+00
  0.000000000000E+00  0.000000000000E+00  0.868503800000E+01
    1
  0.100000000000E+01  0.000000000000E+00  0.000000000000E+00
  0.000000000000E+00  0.100000000000E+01  0.000000000000E+00
  0.000000000000E+00  0.000000000000E+00  0.100000000000E+01
  0.000000000000E+00  0.000000000000E+00  0.000000000000E+00
   15
    6      2.488220195414      2.874833636669      2.526017658534
    6      3.763059680746      5.014419839112      2.328965561208
    6      2.439026676490     -1.441457418265      2.281259347211
    6      3.639099659519      0.987580840386      3.314432273828
    6      3.649497683567     -3.581610462735      2.493293273921
    6      4.973105828736     -1.459889124712      2.356493085490
    6      6.172522057241      0.637162537439      2.886510434114
    6      1.326710828777     -0.723143989085      2.306639556148
    6      2.483847787966      1.537053934263      2.957129315855
    6      3.730978768257      3.597555001174      2.338672274133
    6      2.513029423997     -2.768905544982      2.287855926986
    6      4.897910735165      0.973915802351      3.295299087675
    6      3.567129713068     -4.914685993602      2.816640191067
    6      4.931170729068     -2.824337562474      2.435982358407
    6      6.182345483411     -0.757973890146      2.457480655424
    1    1
