   3   1   1 E -5.7047224002664E+02 DE-7.0E-11( 13)
  0.370158621205E+01 -0.641133538787E+01  0.000000000000E+00
  0.370158621205E+01  0.641133538787E+01  0.000000000000E+00
  0.000000000000E+00  0.000000000000E+00  0.868503800000E+01
    1
  0.100000000000E+01  0.000000000000E+00  0.000000000000E+00
  0.000000000000E+00  0.100000000000E+01  0.000000000000E+00
  0.000000000000E+00  0.000000000000E+00  0.100000000000E+01
  0.000000000000E+00  0.000000000000E+00  0.000000000000E+00
   15
    6      2.488455183608      2.874014174917      2.523313972138
    6      3.764351244798      5.015477443450      2.331215876084
    6      2.441231458300     -1.440654514924      2.281696438843
    6      3.637411797815      0.986000109900      3.311705498974
    6      3.649289509611     -3.580677946544      2.493341400401
    6      4.974553471711     -1.459956186272      2.357955792894
    6      6.171419119825      0.638009182001      2.888359755083
    6      1.329094798519     -0.722130406875      2.310591370375
    6      2.482699157993      1.532730014093      2.949274843999
    6      3.731017779131      3.598069481995      2.337376428323
    6      2.512597737382     -2.768528310538      2.285444655677
    6      4.896124623038      0.972646748837      3.294957362509
    6      3.563716092978     -4.912399492237      2.822018333416
    6      4.931866549462     -2.824493847339      2.435749012317
    6      6.183826727253     -0.757588845071      2.459670258966
    1    1
