   3   1   1 E -5.7046658508594E+02 DE 3.6E-10( 16)
  0.370158621205E+01 -0.641133538787E+01  0.000000000000E+00
  0.370158621205E+01  0.641133538787E+01  0.000000000000E+00
  0.000000000000E+00  0.000000000000E+00  0.868503800000E+01
    1
  0.100000000000E+01  0.000000000000E+00  0.000000000000E+00
  0.000000000000E+00  0.100000000000E+01  0.000000000000E+00
  0.000000000000E+00  0.000000000000E+00  0.100000000000E+01
  0.000000000000E+00  0.000000000000E+00  0.000000000000E+00
   15
    6      2.465763679515      2.876733333169      2.621115961656
    6      3.744611577772      4.995305295929      2.472584180184
    6      2.413574688648     -1.450067422489      2.450131307875
    6      3.624335760582      0.907242923111      2.944650885850
    6      3.680736061752     -3.573691163706      2.573120647079
    6      4.980183881976     -1.446053556048      2.429317559168
    6      6.195869077459      0.689704460375      2.707259275254
    6      1.299169794483     -0.776702111627      2.339920795287
    6      2.435735134969      1.478536356454      2.816115353570
    6      3.707726535589      3.583069163747      2.566455544140
    6      2.555792474552     -2.762761466164      2.501417049001
    6      4.886769494729      1.115478595469      2.853324491856
    6      3.655772965218     -4.938131747430      2.760832750021
    6      4.934845087968     -2.802133976736      2.541231346471
    6      6.176769036211     -0.746011078659      2.505193852589
    1    1
