   3   1   1 E -5.7046611240555E+02 DE-1.1E-11( 14)
  0.370158621205E+01 -0.641133538787E+01  0.000000000000E+00
  0.370158621205E+01  0.641133538787E+01  0.000000000000E+00
  0.000000000000E+00  0.000000000000E+00  0.868503800000E+01
    1
  0.100000000000E+01  0.000000000000E+00  0.000000000000E+00
  0.000000000000E+00  0.100000000000E+01  0.000000000000E+00
  0.000000000000E+00  0.000000000000E+00  0.100000000000E+01
  0.000000000000E+00  0.000000000000E+00  0.000000000000E+00
   15
    6      2.468099218174      2.863540376834      2.612965707195
    6      3.732255748833      4.989703304186      2.503098222528
    6      2.389619743621     -1.452065826391      2.513914941432
    6      3.638506670606      0.877461406360      2.849807526086
    6      3.692391905313     -3.571581484096      2.588759614002
    6      4.980669811459     -1.448128103451      2.452770095142
    6      6.190504886670      0.705621537680      2.678911217570
    6      1.276615515817     -0.772171533962      2.402788069125
    6      2.455580155132      1.462171153834      2.737942735585
    6      3.704800901669      3.577027593439      2.584992299633
    6      2.577674169533     -2.747259029690      2.548898977119
    6      4.885554396915      1.167624717577      2.774091692162
    6      3.654048988919     -4.944113734732      2.750217404872
    6      4.943672234556     -2.812165757766      2.557346506740
    6      6.167660904206     -0.745147014429      2.526165990809
    1    1
