   3   1   1 E -6.0893851171908E+02 DE 3.2E-10( 11)
  0.370158621205E+01 -0.641133538787E+01  0.000000000000E+00
  0.370158621205E+01  0.641133538787E+01  0.000000000000E+00
  0.000000000000E+00  0.000000000000E+00  0.868503800000E+01
    1
  0.100000000000E+01  0.000000000000E+00  0.000000000000E+00
  0.000000000000E+00  0.100000000000E+01  0.000000000000E+00
  0.000000000000E+00  0.000000000000E+00  0.100000000000E+01
  0.000000000000E+00  0.000000000000E+00  0.000000000000E+00
   16
    6      1.220700158995      0.641220947553      2.606417092119
    6      2.348152040164      2.865767127386      2.607871133046
    6      3.610970325714      4.988564021621      2.600674928134
    6      3.746968215968      0.674653900513      2.616699118451
    6      4.816225966359      2.896734580849      2.608016850642
    6      3.553545711624     -3.392405793570      2.608081468749
    6      6.166819095083      0.801748935638      2.606678432467
    6      1.150411610426     -0.803216137935      2.601463347107
    6      2.464407079224      1.347979009712      2.609302517381
    6      3.550995297674      3.563777692824      2.602665899664
    6      2.268911787270     -2.738658007528      2.606270708003
    6      4.857860248694     -1.238786535119      2.591522272382
    6      4.897522331788      1.455074252128      2.612930471596
    6      3.668009891109     -4.911270898108      2.610606659428
    6      4.793659926670     -2.675242487734      2.600251633527
    6      6.110219706028     -0.626458213622      2.598729867306
    1    1
