   3   1   1 E -6.0877869403656E+02 DE-2.4E-11( 17)
  0.370158621205E+01 -0.641133538787E+01  0.000000000000E+00
  0.370158621205E+01  0.641133538787E+01  0.000000000000E+00
  0.000000000000E+00  0.000000000000E+00  0.868503800000E+01
    1
  0.100000000000E+01  0.000000000000E+00  0.000000000000E+00
  0.000000000000E+00  0.100000000000E+01  0.000000000000E+00
  0.000000000000E+00  0.000000000000E+00  0.100000000000E+01
  0.000000000000E+00  0.000000000000E+00  0.000000000000E+00
   16
    6      1.268116322935      0.641530855198      2.539525087019
    6      2.437963860299      2.805881999556      2.526379050805
    6      3.581587621896      4.951290184000      2.730523931427
    6      3.791069752771      0.661344309186      2.715308778669
    6      4.901721296732      2.904163649001      2.576543289563
    6      3.673816302172     -3.470931870335      2.416104390593
    6      6.183961137235      0.753860045256      2.528008166608
    6      1.105252112831     -0.790842247182      2.599536411497
    6      2.495097547191      1.314111436843      2.598590596292
    6      3.621411495695      3.566634741739      2.634095312497
    6      2.381448578757     -2.787028560489      2.458878129588
    6      4.276012705588     -0.687763492418      3.195874847283
    6      4.959167296840      1.471411508537      2.571121819104
    6      3.688422785397     -4.989373451150      2.467942771085
    6      4.889570654858     -2.874601764983      2.350509655139
    6      5.970759921591     -0.620204948152      2.779240162832
    1    1
