   3   1   1 E -6.0893904226104E+02 DE-1.5E-10( 10)
  0.370158621205E+01 -0.641133538787E+01  0.000000000000E+00
  0.370158621205E+01  0.641133538787E+01  0.000000000000E+00
  0.000000000000E+00  0.000000000000E+00  0.868503800000E+01
    1
  0.100000000000E+01  0.000000000000E+00  0.000000000000E+00
  0.000000000000E+00  0.100000000000E+01  0.000000000000E+00
  0.000000000000E+00  0.000000000000E+00  0.100000000000E+01
  0.000000000000E+00  0.000000000000E+00  0.000000000000E+00
   16
    6      1.215542493225      0.646755732820      2.605710320022
    6      2.351180759885      2.871333307623      2.604689051611
    6      3.612879800188      4.994669973739      2.605241323823
    6      3.733787085657      0.704258123805      2.605873191668
    6      4.821036884127      2.902238921052      2.605785385191
    6      3.558602466595     -3.411400749858      2.604835149155
    6      6.159373300181      0.795580613791      2.605749697263
    6      1.147501487401     -0.788532421700      2.605743064497
    6      2.456714685823      1.363015682351      2.605789014500
    6      3.557286551123      3.567535492091      2.605418754574
    6      2.281514679357     -2.752444663838      2.605077760724
    6      4.867166961186     -1.258806614639      2.605691329736
    6      4.895707211310      1.461082421915      2.606118047735
    6      3.663901690468     -4.919304648006      2.605552294358
    6      4.799602561509     -2.694869827104      2.605654723651
    6      6.103580774754     -0.631628949434      2.605253291494
    1    1
