   3   1   1 E -6.0873095366477E+02 DE 4.1E-10( 17)
  0.370158621205E+01 -0.641133538787E+01  0.000000000000E+00
  0.370158621205E+01  0.641133538787E+01  0.000000000000E+00
  0.000000000000E+00  0.000000000000E+00  0.868503800000E+01
    1
  0.100000000000E+01  0.000000000000E+00  0.000000000000E+00
  0.000000000000E+00  0.100000000000E+01  0.000000000000E+00
  0.000000000000E+00  0.000000000000E+00  0.100000000000E+01
  0.000000000000E+00  0.000000000000E+00  0.000000000000E+00
   16
    6      1.231756824598      0.696416769597      2.550798390958
    6      2.457394309540      2.844766185810      2.565888263744
    6      3.687771741396      4.951553352693      2.704554988135
    6      3.713931319760      0.658535817411      2.680231722491
    6      4.936211963490      2.855395898670      2.576902279652
    6      3.696327031535     -3.466344365934      2.497252078684
    6      6.173889051493      0.710212015385      2.554369144595
    6      1.171163941925     -0.715388138895      2.630274832748
    6      2.469811488083      1.398203581393      2.590442759380
    6      3.692796801579      3.531893240255      2.635735456934
    6      2.432020522452     -2.837056620312      2.420754239646
    6      3.757693067773     -0.690282462857      3.102233769851
    6      4.939887668395      1.415499331584      2.590729907563
    6      3.702254833974     -4.958551243876      2.523534464589
    6      4.957432663209     -2.846212432925      2.399597425592
    6      6.205036163587     -0.699158533388      2.664882675438
    1    1
