   3   1   1 E -6.0874327610813E+02 DE-2.7E-10( 17)
  0.370158621205E+01 -0.641133538787E+01  0.000000000000E+00
  0.370158621205E+01  0.641133538787E+01  0.000000000000E+00
  0.000000000000E+00  0.000000000000E+00  0.868503800000E+01
    1
  0.100000000000E+01  0.000000000000E+00  0.000000000000E+00
  0.000000000000E+00  0.100000000000E+01  0.000000000000E+00
  0.000000000000E+00  0.000000000000E+00  0.100000000000E+01
  0.000000000000E+00  0.000000000000E+00  0.000000000000E+00
   16
    6      1.247528984206      0.640971057819      2.541127481134
    6      2.440015806269      2.818737922649      2.531639915440
    6      3.624026557367      4.970306730221      2.726312435504
    6      3.760763697751      0.684351434143      2.720713459535
    6      4.922167214364      2.883220210953      2.569365035994
    6      3.677308523348     -3.467111017278      2.420314123189
    6      6.174044717399      0.715434572520      2.532943614487
    6      1.172842166622     -0.795847178353      2.613111472834
    6      2.479030004992      1.361241675899      2.595417583510
    6      3.655589306306      3.538543318372      2.637484394218
    6      2.394511864996     -2.794019546520      2.421821093356
    6      4.001787072867     -0.609460553168      3.258526177982
    6      4.958734475854      1.455738942996      2.583130298922
    6      3.704645664339     -4.979651005661      2.478443734218
    6      4.945195095862     -2.871227158291      2.328466669347
    6      6.067188240248     -0.701747011692      2.729364910330
    1    1
