   3   1   1 E -6.0875542335580E+02 DE 1.3E-09( 16)
  0.370158621205E+01 -0.641133538787E+01  0.000000000000E+00
  0.370158621205E+01  0.641133538787E+01  0.000000000000E+00
  0.000000000000E+00  0.000000000000E+00  0.868503800000E+01
    1
  0.100000000000E+01  0.000000000000E+00  0.000000000000E+00
  0.000000000000E+00  0.100000000000E+01  0.000000000000E+00
  0.000000000000E+00  0.000000000000E+00  0.100000000000E+01
  0.000000000000E+00  0.000000000000E+00  0.000000000000E+00
   16
    6      1.249414777399      0.636875843365      2.540466838669
    6      2.434307135317      2.812378507352      2.527933530641
    6      3.599441667679      4.974043579354      2.728716558247
    6      3.777193217687      0.670050401555      2.720102294060
    6      4.916127342168      2.892001743876      2.573139147152
    6      3.669378758861     -3.471917716894      2.419886450899
    6      6.176871221970      0.732234633338      2.529258711720
    6      1.141403187064     -0.792299473047      2.604115744780
    6      2.489855782899      1.345782159146      2.597244034283
    6      3.642469342477      3.539082276801      2.635190604232
    6      2.387344475082     -2.788513596540      2.439208847062
    6      4.119067488653     -0.639533741183      3.236816560455
    6      4.956159001260      1.466353475594      2.576236780313
    6      3.704860052283     -4.980117846935      2.473664663708
    6      4.928245200484     -2.876497292609      2.333401510867
    6      6.033240741505     -0.670440558566      2.752800122912
    1    1
