   3   1   1 E -6.0892371049269E+02 DE-1.7E-10( 15)
  0.370158621205E+01 -0.641133538787E+01  0.000000000000E+00
  0.370158621205E+01  0.641133538787E+01  0.000000000000E+00
  0.000000000000E+00  0.000000000000E+00  0.868503800000E+01
    1
  0.100000000000E+01  0.000000000000E+00  0.000000000000E+00
  0.000000000000E+00  0.100000000000E+01  0.000000000000E+00
  0.000000000000E+00  0.000000000000E+00  0.100000000000E+01
  0.000000000000E+00  0.000000000000E+00  0.000000000000E+00
   16
    6      1.241140338912      0.631399403932      2.553234568827
    6      2.362734809541      2.855522152971      2.606246343310
    6      3.560293506061      4.999132905839      2.681569933189
    6      3.821607849290      0.568439609902      2.667548639795
    6      4.822216689120      2.901628801225      2.568530234218
    6      3.588532752404     -3.413356330716      2.480799886607
    6      6.188333702173      0.825350249301      2.606106489572
    6      1.096313421997     -0.794073616355      2.605846401495
    6      2.499884845936      1.282866417209      2.599375216765
    6      3.550768613655      3.569186256922      2.632254566222
    6      2.283925746248     -2.770205289275      2.511438649658
    6      4.762615567259     -1.094592966152      2.732197918304
    6      4.913329654907      1.456124342658      2.609504938832
    6      3.697004154413     -4.921514365710      2.496988100872
    6      4.777078055078     -2.657439595936      2.603326406778
    6      6.059599685795     -0.588985581209      2.733214105557
    1    1
