   3   1   1 E -6.0892916637097E+02 DE-1.8E-10( 12)
  0.370158621205E+01 -0.641133538787E+01  0.000000000000E+00
  0.370158621205E+01  0.641133538787E+01  0.000000000000E+00
  0.000000000000E+00  0.000000000000E+00  0.868503800000E+01
    1
  0.100000000000E+01  0.000000000000E+00  0.000000000000E+00
  0.000000000000E+00  0.100000000000E+01  0.000000000000E+00
  0.000000000000E+00  0.000000000000E+00  0.100000000000E+01
  0.000000000000E+00  0.000000000000E+00  0.000000000000E+00
   16
    6      1.238130776336      0.627304997267      2.557165902907
    6      2.353937210487      2.859458234234      2.607414480353
    6      3.574432730528      4.990369364056      2.672244933850
    6      3.814480166111      0.584275772643      2.649788347600
    6      4.810710937466      2.901410815097      2.579034422726
    6      3.579654338501     -3.393344083938      2.507106005607
    6      6.186935653737      0.822390708866      2.614423910463
    6      1.107468417612     -0.807333382662      2.599210870719
    6      2.490771145846      1.286000317620      2.606867631240
    6      3.540865257551      3.566374061250      2.630855753480
    6      2.267900719765     -2.758686527930      2.525720726273
    6      4.804908141085     -1.139133861433      2.712801065901
    6      4.908706148032      1.454281664278      2.601552694725
    6      3.689947123010     -4.915021769786      2.516696480109
    6      4.766269309823     -2.628845313050      2.600001650173
    6      6.090261316899     -0.600018601905      2.707297523873
    1    1
