   3   1   1 E -6.0893917517039E+02 DE-1.3E-09(  6)
  0.370158621205E+01 -0.641133538787E+01  0.000000000000E+00
  0.370158621205E+01  0.641133538787E+01  0.000000000000E+00
  0.000000000000E+00  0.000000000000E+00  0.868503800000E+01
    1
  0.100000000000E+01  0.000000000000E+00  0.000000000000E+00
  0.000000000000E+00  0.100000000000E+01  0.000000000000E+00
  0.000000000000E+00  0.000000000000E+00  0.100000000000E+01
  0.000000000000E+00  0.000000000000E+00  0.000000000000E+00
   16
    6      1.215432957211      0.647078850176      2.605283005080
    6      2.351417086175      2.871254215010      2.605466250879
    6      3.612978783055      4.994790536812      2.605796870301
    6      3.733580879494      0.704320495809      2.605815597557
    6      4.821220041733      2.902087064025      2.605598822142
    6      3.558764606656     -3.411757966038      2.605284732449
    6      6.159230374262      0.795642510299      2.606125680684
    6      1.147494256312     -0.788162591755      2.605424654959
    6      2.456645082522      1.363242035711      2.605106070671
    6      3.557523218674      3.567702123914      2.605465455316
    6      2.281729097533     -2.752847219959      2.605026356528
    6      4.866911617763     -1.259050597687      2.605478598184
    6      4.895560273290      1.460977273514      2.606084463359
    6      3.663729550939     -4.919449738642      2.605467902497
    6      4.799644580959     -2.694948491235      2.604957956633
    6      6.103516986208     -0.631396105348      2.605799982760
    1    1
