   3   1   1 E -6.0874725723326E+02 DE-5.9E-10( 11)
  0.370158621205E+01 -0.641133538787E+01  0.000000000000E+00
  0.370158621205E+01  0.641133538787E+01  0.000000000000E+00
  0.000000000000E+00  0.000000000000E+00  0.868503800000E+01
    1
  0.100000000000E+01  0.000000000000E+00  0.000000000000E+00
  0.000000000000E+00  0.100000000000E+01  0.000000000000E+00
  0.000000000000E+00  0.000000000000E+00  0.100000000000E+01
  0.000000000000E+00  0.000000000000E+00  0.000000000000E+00
   16
    6      1.249903318944      0.639779035791      2.540742458854
    6      2.438608598169      2.816115809234      2.530100919162
    6      3.615689593954      4.968766308581      2.727250958163
    6      3.766588606200      0.679040370854      2.720848446580
    6      4.919506675807      2.887322784657      2.571129462215
    6      3.675446320159     -3.466570941057      2.420607794845
    6      6.175251946739      0.722084457149      2.531148211842
    6      1.158123142067     -0.793889971345      2.608434445389
    6      2.483112273825      1.354683594345      2.596522402247
    6      3.650323519564      3.538367233543      2.636297210858
    6      2.391207272061     -2.791284917912      2.428967896656
    6      4.046047409260     -0.620962061041      3.253122746571
    6      4.958185566880      1.460061086440      2.579803094203
    6      3.703875241982     -4.981305962184      2.476491242866
    6      4.937460278441     -2.875012351740      2.328289979204
    6      6.056049628738     -0.687712080707      2.738425130344
    1    1
