   3   1   1 E -6.0881505390309E+02 DE-3.4E-09( 17)
  0.370158621205E+01 -0.641133538787E+01  0.000000000000E+00
  0.370158621205E+01  0.641133538787E+01  0.000000000000E+00
  0.000000000000E+00  0.000000000000E+00  0.868503800000E+01
    1
  0.100000000000E+01  0.000000000000E+00  0.000000000000E+00
  0.000000000000E+00  0.100000000000E+01  0.000000000000E+00
  0.000000000000E+00  0.000000000000E+00  0.100000000000E+01
  0.000000000000E+00  0.000000000000E+00  0.000000000000E+00
   16
    6      1.266917012673      0.633849627115      2.538678810792
    6      2.433582877814      2.800369403743      2.522369569527
    6      3.549202009419      4.963017655567      2.731692748151
    6      3.808151116041      0.643866890463      2.716679797055
    6      4.890906171427      2.913320071981      2.579275853305
    6      3.657449298119     -3.479053861444      2.412356138508
    6      6.177870647808      0.769781989060      2.533303738254
    6      1.077511601205     -0.787746009850      2.596273461463
    6      2.507632362690      1.296539824296      2.599647511643
    6      3.605444148202      3.565221615305      2.633499529314
    6      2.370453723037     -2.784834505023      2.476307454536
    6      4.442319244081     -0.719406174016      3.145839886623
    6      4.954220929233      1.481866851577      2.564184023585
    6      3.692179267428     -4.984898133707      2.460556640796
    6      4.876910570110     -2.867506462172      2.372271892144
    6      5.914628413501     -0.594906388288      2.805245344304
    1    1
