   3   1   1 E -6.0872871536836E+02 DE-2.2E-09( 14)
  0.370158621205E+01 -0.641133538787E+01  0.000000000000E+00
  0.370158621205E+01  0.641133538787E+01  0.000000000000E+00
  0.000000000000E+00  0.000000000000E+00  0.868503800000E+01
    1
  0.100000000000E+01  0.000000000000E+00  0.000000000000E+00
  0.000000000000E+00  0.100000000000E+01  0.000000000000E+00
  0.000000000000E+00  0.000000000000E+00  0.100000000000E+01
  0.000000000000E+00  0.000000000000E+00  0.000000000000E+00
   16
    6      1.229643748998      0.702301037493      2.555853690814
    6      2.459709528630      2.853283111146      2.575500731798
    6      3.693860136124      4.950682698368      2.700993749812
    6      3.708901542520      0.642200797530      2.650715469420
    6      4.937739046454      2.858655966238      2.580103300480
    6      3.698623126522     -3.456048199175      2.514813133104
    6      6.174670942276      0.710244254122      2.559946498646
    6      1.164633088743     -0.704299315291      2.624528488063
    6      2.466999272766      1.402484365661      2.591826260096
    6      3.696598942809      3.530417290989      2.625589656052
    6      2.437448694660     -2.840124978902      2.451709421864
    6      3.734242948169     -0.725163436243      3.042096316968
    6      4.939963637212      1.411955651950      2.596104408617
    6      3.701905100499     -4.949205070944      2.536274211471
    6      4.957429483038     -2.843286218628      2.438018122315
    6      6.223010153367     -0.694615559706      2.644108940479
    1    1
