   3   1   1 E -6.0893891349452E+02 DE 7.1E-11( 11)
  0.370158621205E+01 -0.641133538787E+01  0.000000000000E+00
  0.370158621205E+01  0.641133538787E+01  0.000000000000E+00
  0.000000000000E+00  0.000000000000E+00  0.868503800000E+01
    1
  0.100000000000E+01  0.000000000000E+00  0.000000000000E+00
  0.000000000000E+00  0.100000000000E+01  0.000000000000E+00
  0.000000000000E+00  0.000000000000E+00  0.100000000000E+01
  0.000000000000E+00  0.000000000000E+00  0.000000000000E+00
   16
    6      1.218624452996      0.641610849376      2.606142014886
    6      2.347647615869      2.869450595642      2.606235735647
    6      3.611547721748      4.992276268605      2.600730247088
    6      3.740152297419      0.693175161273      2.605936399194
    6      4.818127317797      2.900433016722      2.609745657016
    6      3.555369371509     -3.402992593361      2.609481904053
    6      6.163172457527      0.797965349281      2.606721291593
    6      1.150025829208     -0.797109708836      2.604401669489
    6      2.459594422238      1.356843566509      2.606794162754
    6      3.553757009433      3.565312367725      2.606371967776
    6      2.273932187042     -2.745465049199      2.604180505601
    6      4.866416082123     -1.245333872718      2.597277166949
    6      4.896986449430      1.459618053870      2.610055961736
    6      3.666403181712     -4.917765623224      2.608033341688
    6      4.796728644981     -2.689672794456      2.608024410365
    6      6.106894351756     -0.628863192602      2.598049964166
    1    1
