   3   1   1 E -6.0886141558606E+02 DE 6.4E-12( 17)
  0.370158621205E+01 -0.641133538787E+01  0.000000000000E+00
  0.370158621205E+01  0.641133538787E+01  0.000000000000E+00
  0.000000000000E+00  0.000000000000E+00  0.868503800000E+01
    1
  0.100000000000E+01  0.000000000000E+00  0.000000000000E+00
  0.000000000000E+00  0.100000000000E+01  0.000000000000E+00
  0.000000000000E+00  0.000000000000E+00  0.100000000000E+01
  0.000000000000E+00  0.000000000000E+00  0.000000000000E+00
   16
    6      1.239763548297      0.620100210273      2.543150159764
    6      2.397699565794      2.812187670961      2.542728243653
    6      3.524651101015      5.003712700926      2.719390063682
    6      3.829361421031      0.601050319683      2.711838152349
    6      4.870692220090      2.914871277621      2.571496800813
    6      3.616696222571     -3.477493431540      2.418643751537
    6      6.180623733724      0.806889398884      2.561633565334
    6      1.062162997862     -0.785879339811      2.608358232868
    6      2.519501962150      1.288821351114      2.597716122226
    6      3.584722788110      3.557789748550      2.632101313680
    6      2.342551187160     -2.784774425900      2.487536539552
    6      4.588165479628     -0.828474783775      2.976431354529
    6      4.932386311835      1.489854772227      2.573986038207
    6      3.706944355841     -4.961247025579      2.459918159505
    6      4.853453881483     -2.822640874119      2.481925509867
    6      5.976002616199     -0.585285174906      2.801328392435
    1    1
