   3   1   1 E -6.0891435963122E+02 DE-1.0E-10( 15)
  0.370158621205E+01 -0.641133538787E+01  0.000000000000E+00
  0.370158621205E+01  0.641133538787E+01  0.000000000000E+00
  0.000000000000E+00  0.000000000000E+00  0.868503800000E+01
    1
  0.100000000000E+01  0.000000000000E+00  0.000000000000E+00
  0.000000000000E+00  0.100000000000E+01  0.000000000000E+00
  0.000000000000E+00  0.000000000000E+00  0.100000000000E+01
  0.000000000000E+00  0.000000000000E+00  0.000000000000E+00
   16
    6      1.243402077949      0.625022432814      2.548557749280
    6      2.369730235622      2.842976922661      2.590022416562
    6      3.543177547635      4.996639740799      2.694862459781
    6      3.832399973921      0.572379228120      2.678106104839
    6      4.828348103590      2.910755042285      2.567869776087
    6      3.598391755257     -3.422987677969      2.458538535917
    6      6.187596820575      0.830228019922      2.600726181637
    6      1.078082440343     -0.797795993636      2.606894314902
    6      2.504364639870      1.272988698685      2.600634143997
    6      3.551916984552      3.570884747158      2.632957804778
    6      2.294360256493     -2.769286397641      2.502931399779
    6      4.739919190066     -1.043379134118      2.780749250027
    6      4.918040403731      1.466601178416      2.597060139768
    6      3.697512637999     -4.932996238209      2.479780501512
    6      4.788181581696     -2.689402731437      2.588356164884
    6      6.049954743489     -0.583145443242      2.760135456250
    1    1
