   3   1   1 E -6.0872062796959E+02 DE-2.4E-09( 18)
  0.370158621205E+01 -0.641133538787E+01  0.000000000000E+00
  0.370158621205E+01  0.641133538787E+01  0.000000000000E+00
  0.000000000000E+00  0.000000000000E+00  0.868503800000E+01
    1
  0.100000000000E+01  0.000000000000E+00  0.000000000000E+00
  0.000000000000E+00  0.100000000000E+01  0.000000000000E+00
  0.000000000000E+00  0.000000000000E+00  0.100000000000E+01
  0.000000000000E+00  0.000000000000E+00  0.000000000000E+00
   16
    6      1.228091040146      0.708083986214      2.596740207354
    6      2.465840599330      2.859427962120      2.601599555646
    6      3.701518926580      4.977150488739      2.626691524235
    6      3.701649110749      0.648558409235      2.600927415145
    6      4.937287729671      2.859476600603      2.603696064870
    6      3.701560444426     -3.482128001819      2.594919750021
    6      6.175057269484      0.708129269053      2.593224047842
    6      1.196254032066     -0.708063141200      2.599823760503
    6      2.461258189562      1.409423497641      2.600738210246
    6      3.701546477265      3.550951155019      2.607667171379
    6      2.448140700905     -2.830069796632      2.568815804128
    6      3.701906268840     -0.773085441517      2.723815385599
    6      4.941951704991      1.409517171092      2.602206690157
    6      3.701568523090     -4.949827807739      2.594790111775
    6      4.954964744543     -2.830058413890      2.565655516081
    6      6.206783631141     -0.708003542312      2.606871185019
    1    1
