   3   1   1 E -6.0874827130043E+02 DE 5.4E-10( 13)
  0.370158621205E+01 -0.641133538787E+01  0.000000000000E+00
  0.370158621205E+01  0.641133538787E+01  0.000000000000E+00
  0.000000000000E+00  0.000000000000E+00  0.868503800000E+01
    1
  0.100000000000E+01  0.000000000000E+00  0.000000000000E+00
  0.000000000000E+00  0.100000000000E+01  0.000000000000E+00
  0.000000000000E+00  0.000000000000E+00  0.100000000000E+01
  0.000000000000E+00  0.000000000000E+00  0.000000000000E+00
   16
    6      1.250043481242      0.639427265791      2.540670695671
    6      2.438067082978      2.815547609810      2.529742070976
    6      3.613487996399      4.969006457758      2.727463337607
    6      3.768093454865      0.677848540200      2.720788885638
    6      4.918983159510      2.888078592175      2.571472205246
    6      3.674671776754     -3.467090530123      2.420568600070
    6      6.175518721843      0.723627399966      2.530777518006
    6      1.155237291498     -0.793556654302      2.607611389625
    6      2.484128999488      1.353339312924      2.596685923453
    6      3.649121232895      3.538460420044      2.636101678348
    6      2.390675201563     -2.790774138297      2.430542738181
    6      4.056476330239     -0.623626926412      3.251270746150
    6      4.957861455238      1.461036178580      2.579189078427
    6      3.703948527577     -4.981395841102      2.476066733523
    6      4.935992236940     -2.875506488088      2.328675145670
    6      6.053072443759     -0.684938804316      2.740555653408
    1    1
