   3   1   1 E -6.0874646471629E+02 DE 5.0E-12( 15)
  0.370158621205E+01 -0.641133538787E+01  0.000000000000E+00
  0.370158621205E+01  0.641133538787E+01  0.000000000000E+00
  0.000000000000E+00  0.000000000000E+00  0.868503800000E+01
    1
  0.100000000000E+01  0.000000000000E+00  0.000000000000E+00
  0.000000000000E+00  0.100000000000E+01  0.000000000000E+00
  0.000000000000E+00  0.000000000000E+00  0.100000000000E+01
  0.000000000000E+00  0.000000000000E+00  0.000000000000E+00
   16
    6      1.247744383394      0.639610749360      2.540813925582
    6      2.438038970530      2.816200661533      2.530229678164
    6      3.615903315924      4.971602187591      2.726998697682
    6      3.766432164267      0.679556092548      2.720853897381
    6      4.920310686037      2.885896505363      2.570736179633
    6      3.674380480071     -3.468152845730      2.420569384095
    6      6.175260270338      0.721144000542      2.531406671680
    6      1.161945952891     -0.794743446866      2.609309726494
    6      2.482724593074      1.356171231071      2.596329739648
    6      3.651156190693      3.538090739911      2.636572252997
    6      2.391862688142     -2.791406099496      2.427774413380
    6      4.039006670442     -0.618789073676      3.253480630044
    6      4.957766428850      1.459232794434      2.580537870323
    6      3.704987504492     -4.979418283763      2.476792021358
    6      4.940290700120     -2.873861345416      2.328597409271
    6      6.057568393526     -0.691651472798      2.737179902268
    1    1
