   3   1   1 E -6.0872658895899E+02 DE-6.1E-11( 14)
  0.370158621205E+01 -0.641133538787E+01  0.000000000000E+00
  0.370158621205E+01  0.641133538787E+01  0.000000000000E+00
  0.000000000000E+00  0.000000000000E+00  0.868503800000E+01
    1
  0.100000000000E+01  0.000000000000E+00  0.000000000000E+00
  0.000000000000E+00  0.100000000000E+01  0.000000000000E+00
  0.000000000000E+00  0.000000000000E+00  0.100000000000E+01
  0.000000000000E+00  0.000000000000E+00  0.000000000000E+00
   16
    6      1.228125911741      0.704896347384      2.567894963754
    6      2.461328194041      2.859881417578      2.584778798343
    6      3.697772526064      4.956339686783      2.685190012819
    6      3.705267862995      0.629856623543      2.634711665179
    6      4.938901968511      2.862295175968      2.588740333354
    6      3.700130076130     -3.449868081317      2.545378337535
    6      6.175382228623      0.708796177087      2.566826502485
    6      1.165863008064     -0.700479044383      2.614986322392
    6      2.463612215308      1.404671269110      2.594196777144
    6      3.699122380597      3.533374044934      2.624377269630
    6      2.441552569035     -2.837374181860      2.468728781139
    6      3.718409848858     -0.756692057261      2.962827224511
    6      4.941394652752      1.409190346799      2.595829672575
    6      3.701710306263     -4.941676983635      2.556944227586
    6      4.957338709847     -2.837951540138      2.459862627122
    6      6.229466933961     -0.695776805984      2.636908884433
    1    1
