   3   1   1 E -6.0872292905190E+02 DE-1.6E-11( 20)
  0.370158621205E+01 -0.641133538787E+01  0.000000000000E+00
  0.370158621205E+01  0.641133538787E+01  0.000000000000E+00
  0.000000000000E+00  0.000000000000E+00  0.868503800000E+01
    1
  0.100000000000E+01  0.000000000000E+00  0.000000000000E+00
  0.000000000000E+00  0.100000000000E+01  0.000000000000E+00
  0.000000000000E+00  0.000000000000E+00  0.100000000000E+01
  0.000000000000E+00  0.000000000000E+00  0.000000000000E+00
   16
    6      1.227892852164      0.706410030209      2.587746482411
    6      2.463395589553      2.862629201596      2.593359142730
    6      3.700939272641      4.969287283902      2.633062154597
    6      3.702167894038      0.632992304072      2.619712868933
    6      4.939424334741      2.862946653232      2.594442105531
    6      3.701382188069     -3.461484846006      2.575599208747
    6      6.175088621157      0.706932536510      2.587973199490
    6      1.180871057606     -0.702983564463      2.603812874623
    6      2.461120852648      1.407761712380      2.595015319757
    6      3.701250387223      3.542640270938      2.617107665506
    6      2.446702225580     -2.833010669510      2.541340527289
    6      3.704603013519     -0.775967578829      2.806480005739
    6      4.942327414256      1.408407531830      2.593807259459
    6      3.701514179460     -4.942108773571      2.589073474677
    6      4.955910622293     -2.832604593452      2.536100982668
    6      6.220788887840     -0.702365104230      2.613549127844
    1    1
