   3   1   1 E -6.0872475130630E+02 DE 3.3E-10( 16)
  0.370158621205E+01 -0.641133538787E+01  0.000000000000E+00
  0.370158621205E+01  0.641133538787E+01  0.000000000000E+00
  0.000000000000E+00  0.000000000000E+00  0.868503800000E+01
    1
  0.100000000000E+01  0.000000000000E+00  0.000000000000E+00
  0.000000000000E+00  0.100000000000E+01  0.000000000000E+00
  0.000000000000E+00  0.000000000000E+00  0.100000000000E+01
  0.000000000000E+00  0.000000000000E+00  0.000000000000E+00
   16
    6      1.227501676590      0.706276064589      2.578641567117
    6      2.462637502700      2.862569839899      2.588836350399
    6      3.699956680857      4.963663362749      2.659543367942
    6      3.703157297575      0.626985435851      2.621838680576
    6      4.939308372318      2.863444964284      2.591292839829
    6      3.700953513094     -3.452236920818      2.564136498463
    6      6.175606664409      0.707813348860      2.577403097972
    6      1.172423988369     -0.700411815438      2.605804963428
    6      2.461595571146      1.406132606733      2.593848508120
    6      3.700581941842      3.538037804301      2.613300093122
    6      2.444172388120     -2.834424458407      2.506989013828
    6      3.709241545364     -0.774402067518      2.890324344939
    6      4.942288900813      1.407908327903      2.598911685999
    6      3.701576669880     -4.939223152036      2.575466118126
    6      4.957155946015     -2.834040496425      2.500386224154
    6      6.227220733698     -0.698610449918      2.621459045986
    1    1
