   3   1   1 E -6.0893303745009E+02 DE-5.0E-12( 15)
  0.370158621205E+01 -0.641133538787E+01  0.000000000000E+00
  0.370158621205E+01  0.641133538787E+01  0.000000000000E+00
  0.000000000000E+00  0.000000000000E+00  0.868503800000E+01
    1
  0.100000000000E+01  0.000000000000E+00  0.000000000000E+00
  0.000000000000E+00  0.100000000000E+01  0.000000000000E+00
  0.000000000000E+00  0.000000000000E+00  0.100000000000E+01
  0.000000000000E+00  0.000000000000E+00  0.000000000000E+00
   16
    6      1.230690543060      0.636306420159      2.564363000241
    6      2.350717385898      2.866974807105      2.626989779664
    6      3.591660933444      4.999269469717      2.651709109772
    6      3.793865841650      0.593506454129      2.632766482376
    6      4.813050629457      2.891038970480      2.582508896048
    6      3.561176449611     -3.394845915061      2.532989387919
    6      6.183910902367      0.813407543882      2.612416082813
    6      1.125276739401     -0.797861810622      2.592090822501
    6      2.491868825131      1.310219705171      2.602688308261
    6      3.546846835616      3.559653687409      2.631765352142
    6      2.264356032132     -2.761294419478      2.532251264479
    6      4.811555377213     -1.168268043801      2.654925324884
    6      4.902681040315      1.448530342718      2.617686724312
    6      3.691201422321     -4.903162975983      2.541828141023
    6      4.770459407045     -2.634753456755      2.624328465515
    6      6.096061028128     -0.609238384464      2.686875258051
    1    1
