   3   1   1 E -6.0879203031216E+02 DE-2.7E-10( 17)
  0.370158621205E+01 -0.641133538787E+01  0.000000000000E+00
  0.370158621205E+01  0.641133538787E+01  0.000000000000E+00
  0.000000000000E+00  0.000000000000E+00  0.868503800000E+01
    1
  0.100000000000E+01  0.000000000000E+00  0.000000000000E+00
  0.000000000000E+00  0.100000000000E+01  0.000000000000E+00
  0.000000000000E+00  0.000000000000E+00  0.100000000000E+01
  0.000000000000E+00  0.000000000000E+00  0.000000000000E+00
   16
    6      1.274738678740      0.642204653180      2.539083215334
    6      2.438920101752      2.802858908300      2.525671717626
    6      3.571480642851      4.943515924497      2.730888229145
    6      3.798069400544      0.656389933828      2.713507506608
    6      4.894319658536      2.909887039426      2.577936955319
    6      3.672878646879     -3.470645646604      2.414234714681
    6      6.184900070056      0.763474413415      2.531104540431
    6      1.088352705732     -0.789948267829      2.598320441389
    6      2.498249090332      1.299939760119      2.599366136303
    6      3.611612371880      3.576072362470      2.633978946055
    6      2.377054969491     -2.785785675991      2.467395558771
    6      4.358791425673     -0.709420065960      3.169988694289
    6      4.959195938360      1.474646533484      2.568122676470
    6      3.682349012005     -4.991960829940      2.464789545895
    6      4.873723824774     -2.872026950658      2.362293978768
    6      5.940742855184     -0.599719697130      2.791499542916
    1    1
