   3   1   1 E -6.0893872728723E+02 DE-2.6E-10( 12)
  0.370158621205E+01 -0.641133538787E+01  0.000000000000E+00
  0.370158621205E+01  0.641133538787E+01  0.000000000000E+00
  0.000000000000E+00  0.000000000000E+00  0.868503800000E+01
    1
  0.100000000000E+01  0.000000000000E+00  0.000000000000E+00
  0.000000000000E+00  0.100000000000E+01  0.000000000000E+00
  0.000000000000E+00  0.000000000000E+00  0.100000000000E+01
  0.000000000000E+00  0.000000000000E+00  0.000000000000E+00
   16
    6      1.220411385269      0.640417620616      2.602811171502
    6      2.345739708522      2.868248726629      2.601957708803
    6      3.613083076649      4.991428921180      2.604086497603
    6      3.743779978471      0.683318172382      2.609754232784
    6      4.816432996229      2.897626589332      2.608014495107
    6      3.552116606832     -3.398817965312      2.607554090959
    6      6.166603588515      0.799670630650      2.610661589220
    6      1.154378180149     -0.800261216557      2.601870902759
    6      2.461715951673      1.352584459272      2.609610265688
    6      3.552552645483      3.563396309407      2.603990122515
    6      2.268378922809     -2.742817320893      2.611666919233
    6      4.863367405748     -1.236366857813      2.597244744760
    6      4.897661299319      1.457213561718      2.606285917699
    6      3.668009526548     -4.915213867388      2.604060600684
    6      4.792592361171     -2.684014938268      2.602904142620
    6      6.108555759403     -0.626930430346      2.605708998064
    1    1
