   3   1   1 E -6.0893897666417E+02 DE 1.3E-10( 11)
  0.370158621205E+01 -0.641133538787E+01  0.000000000000E+00
  0.370158621205E+01  0.641133538787E+01  0.000000000000E+00
  0.000000000000E+00  0.000000000000E+00  0.868503800000E+01
    1
  0.100000000000E+01  0.000000000000E+00  0.000000000000E+00
  0.000000000000E+00  0.100000000000E+01  0.000000000000E+00
  0.000000000000E+00  0.000000000000E+00  0.100000000000E+01
  0.000000000000E+00  0.000000000000E+00  0.000000000000E+00
   16
    6      1.218129792771      0.643745743672      2.605201879383
    6      2.350113818560      2.871127027486      2.604970905437
    6      3.609893253470      4.993698854167      2.606187816631
    6      3.738296212426      0.699850670234      2.604764306459
    6      4.819524329632      2.902252500965      2.605629756097
    6      3.559401310563     -3.408530095495      2.604797295709
    6      6.160558787715      0.797155761494      2.612640613576
    6      1.145798165144     -0.793789713754      2.609438904550
    6      2.459409278141      1.359436195563      2.601128186363
    6      3.554552296558      3.567653154038      2.603041448292
    6      2.280551335041     -2.750029928807      2.611417086008
    6      4.863605393869     -1.254447515069      2.600239715090
    6      4.896626191881      1.460622694510      2.607358311561
    6      3.666531197774     -4.918857831988      2.604797218218
    6      4.798825114472     -2.689864297984      2.601175261548
    6      6.103562914771     -0.630540824421      2.605393695078
    1    1
