   3   1   1 E -6.0893901565792E+02 DE 5.9E-11( 11)
  0.370158621205E+01 -0.641133538787E+01  0.000000000000E+00
  0.370158621205E+01  0.641133538787E+01  0.000000000000E+00
  0.000000000000E+00  0.000000000000E+00  0.868503800000E+01
    1
  0.100000000000E+01  0.000000000000E+00  0.000000000000E+00
  0.000000000000E+00  0.100000000000E+01  0.000000000000E+00
  0.000000000000E+00  0.000000000000E+00  0.100000000000E+01
  0.000000000000E+00  0.000000000000E+00  0.000000000000E+00
   16
    6      1.216596087227      0.646762150583      2.609005841438
    6      2.351090120716      2.871722348471      2.606357094984
    6      3.612821810422      4.994882655009      2.605355663188
    6      3.734124323615      0.704792545819      2.608317990819
    6      4.820733906846      2.902488811647      2.604059640224
    6      3.559143696552     -3.412195902058      2.607344055873
    6      6.159286184453      0.795861888162      2.598588202396
    6      1.147637995530     -0.788725270673      2.607101564110
    6      2.456976847340      1.362578089269      2.608978146640
    6      3.556943431295      3.568472813391      2.604912716247
    6      2.282063805592     -2.752710776096      2.606573647327
    6      4.865768294082     -1.261032917290      2.603688612361
    6      4.896219569213      1.461094451407      2.601667350422
    6      3.664449278694     -4.919575205946      2.607607517955
    6      4.799241858496     -2.693840576247      2.609303017943
    6      6.102282182718     -0.631092710839      2.599321338073
    1    1
