   3   1   1 E -6.0873817881571E+02 DE-3.9E-09( 15)
  0.370158621205E+01 -0.641133538787E+01  0.000000000000E+00
  0.370158621205E+01  0.641133538787E+01  0.000000000000E+00
  0.000000000000E+00  0.000000000000E+00  0.868503800000E+01
    1
  0.100000000000E+01  0.000000000000E+00  0.000000000000E+00
  0.000000000000E+00  0.100000000000E+01  0.000000000000E+00
  0.000000000000E+00  0.000000000000E+00  0.100000000000E+01
  0.000000000000E+00  0.000000000000E+00  0.000000000000E+00
   16
    6      1.244472827455      0.652320552135      2.542731941758
    6      2.444603338301      2.826648227843      2.536811458750
    6      3.645182063737      4.968206763149      2.722536589951
    6      3.744674656050      0.686762839274      2.721165773684
    6      4.928447177590      2.875393298172      2.564284018685
    6      3.684701815181     -3.471652871288      2.426841808624
    6      6.170744519062      0.706342275142      2.540012793793
    6      1.183552763276     -0.778472316942      2.624450353931
    6      2.473093992470      1.376179692943      2.592277552646
    6      3.668728072583      3.534636714065      2.633737631293
    6      2.405697486514     -2.810614659948      2.410914980757
    6      3.913859639667     -0.608452030866      3.243532421210
    6      4.956851422154      1.445620831795      2.590254988913
    6      3.703842694421     -4.977586979203      2.486015338043
    6      4.952055802658     -2.864323258385      2.341833329167
    6      6.104871121672     -0.711526683278      2.710781418795
    1    1
