   3   1   1 E -6.0893648487419E+02 DE 3.5E-11( 14)
  0.370158621205E+01 -0.641133538787E+01  0.000000000000E+00
  0.370158621205E+01  0.641133538787E+01  0.000000000000E+00
  0.000000000000E+00  0.000000000000E+00  0.868503800000E+01
    1
  0.100000000000E+01  0.000000000000E+00  0.000000000000E+00
  0.000000000000E+00  0.100000000000E+01  0.000000000000E+00
  0.000000000000E+00  0.000000000000E+00  0.100000000000E+01
  0.000000000000E+00  0.000000000000E+00  0.000000000000E+00
   16
    6      1.221961910429      0.637457873745      2.594900027366
    6      2.343854800389      2.860298769641      2.600032209017
    6      3.621130738383      4.979300732919      2.609678536531
    6      3.751104569283      0.661833463729      2.627307273809
    6      4.808546009322      2.892853895677      2.605990443619
    6      3.544175056207     -3.374582503459      2.604181170889
    6      6.174101147830      0.805411797170      2.599304346659
    6      1.155845582829     -0.814821354728      2.582051452334
    6      2.468091633043      1.339215951661      2.599589301452
    6      3.542036711660      3.556341702286      2.597579519345
    6      2.255749101003     -2.728430295205      2.609505039803
    6      4.855936956509     -1.238100821913      2.606365443512
    6      4.896879182010      1.451832452571      2.621906978202
    6      3.671450562118     -4.897827213196      2.606318262625
    6      4.786172571288     -2.658315392075      2.586163780815
    6      6.128342860487     -0.622986664213      2.637308614022
    1    1
