   3   1   1 E -6.0890247323185E+02 DE 1.5E-10( 14)
  0.370158621205E+01 -0.641133538787E+01  0.000000000000E+00
  0.370158621205E+01  0.641133538787E+01  0.000000000000E+00
  0.000000000000E+00  0.000000000000E+00  0.868503800000E+01
    1
  0.100000000000E+01  0.000000000000E+00  0.000000000000E+00
  0.000000000000E+00  0.100000000000E+01  0.000000000000E+00
  0.000000000000E+00  0.000000000000E+00  0.100000000000E+01
  0.000000000000E+00  0.000000000000E+00  0.000000000000E+00
   16
    6      1.244622186992      0.624485175754      2.547068173301
    6      2.378388182692      2.832777825102      2.577661698059
    6      3.534542321101      4.998321756313      2.701480113331
    6      3.834055849095      0.578593636995      2.687841858879
    6      4.838295395384      2.913507791000      2.567886203388
    6      3.604528461958     -3.438364808597      2.445589944012
    6      6.186165011856      0.828120129658      2.592428627394
    6      1.069880553970     -0.793532709254      2.609084369280
    6      2.509217649491      1.273259432961      2.599200626052
    6      3.559028319400      3.570073440759      2.632582037402
    6      2.307394245549     -2.774019569814      2.498385262519
    6      4.704810681352     -0.986142086963      2.824937117566
    6      4.922343401058      1.473251095527      2.591349342441
    6      3.698913619240     -4.942351321421      2.471473597339
    6      4.802914732093     -2.729663230312      2.567126431392
    6      6.030278781557     -0.578834163099      2.774086997645
    1    1
