   3   1   1 E -6.0874545600557E+02 DE-2.2E-09( 12)
  0.370158621205E+01 -0.641133538787E+01  0.000000000000E+00
  0.370158621205E+01  0.641133538787E+01  0.000000000000E+00
  0.000000000000E+00  0.000000000000E+00  0.868503800000E+01
    1
  0.100000000000E+01  0.000000000000E+00  0.000000000000E+00
  0.000000000000E+00  0.100000000000E+01  0.000000000000E+00
  0.000000000000E+00  0.000000000000E+00  0.100000000000E+01
  0.000000000000E+00  0.000000000000E+00  0.000000000000E+00
   16
    6      1.246654400735      0.639797945697      2.540899174428
    6      2.438155223917      2.816622509736      2.530551217034
    6      3.617432267159      4.972769819241      2.726721799590
    6      3.765389442012      0.680620372639      2.720794570608
    6      4.920969257480      2.884714539100      2.570304847575
    6      3.674418802477     -3.468643142483      2.420536457155
    6      6.175106459549      0.719708228274      2.531777544585
    6      1.165844672394     -0.795472182517      2.610383434181
    6      2.481835521858      1.357653031352      2.596116591817
    6      3.652302953808      3.538163303111      2.636860965091
    6      2.392571334399     -2.791821895145      2.426144417407
    6      4.029111161379     -0.616152250297      3.254585678276
    6      4.957799969138      1.458138037883      2.581375904975
    6      3.705398828980     -4.978413983142      2.477218697713
    6      4.942529605420     -2.872817880761      2.328658475298
    6      6.059859492082     -0.695384058080      2.735252624266
    1    1
