   3   1   1 E -6.0887530535532E+02 DE 1.4E-10( 15)
  0.370158621205E+01 -0.641133538787E+01  0.000000000000E+00
  0.370158621205E+01  0.641133538787E+01  0.000000000000E+00
  0.000000000000E+00  0.000000000000E+00  0.868503800000E+01
    1
  0.100000000000E+01  0.000000000000E+00  0.000000000000E+00
  0.000000000000E+00  0.100000000000E+01  0.000000000000E+00
  0.000000000000E+00  0.000000000000E+00  0.100000000000E+01
  0.000000000000E+00  0.000000000000E+00  0.000000000000E+00
   16
    6      1.242979749246      0.621411840867      2.544585292995
    6      2.393715122664      2.814895532347      2.551913405447
    6      3.517646051613      5.002879251609      2.714116765368
    6      3.835494666630      0.596016647032      2.704377300914
    6      4.861092909038      2.917104313323      2.571070044469
    6      3.613880072661     -3.466757204469      2.425109729855
    6      6.180053487690      0.820262668776      2.571747490208
    6      1.055289357468     -0.787651117841      2.608871986478
    6      2.519671946865      1.278717458480      2.598716819076
    6      3.575709648644      3.564319643384      2.633069661172
    6      2.331146256326     -2.781723985540      2.490943917949
    6      4.640188824792     -0.875782626405      2.923487305834
    6      4.928691699484      1.488094063593      2.576773026397
    6      3.701533244169     -4.960591665844      2.462179467277
    6      4.835988518948     -2.800510940430      2.513726937473
    6      5.992297836555     -0.581201484274      2.797493249088
    1    1
