   3   1   1 E -6.0884799230118E+02 DE 5.5E-10( 17)
  0.370158621205E+01 -0.641133538787E+01  0.000000000000E+00
  0.370158621205E+01  0.641133538787E+01  0.000000000000E+00
  0.000000000000E+00  0.000000000000E+00  0.868503800000E+01
    1
  0.100000000000E+01  0.000000000000E+00  0.000000000000E+00
  0.000000000000E+00  0.100000000000E+01  0.000000000000E+00
  0.000000000000E+00  0.000000000000E+00  0.100000000000E+01
  0.000000000000E+00  0.000000000000E+00  0.000000000000E+00
   16
    6      1.250323085450      0.626112178833      2.542024974551
    6      2.412307186326      2.806664362129      2.534599190729
    6      3.533030058763      4.986693052374      2.723008900650
    6      3.821669386897      0.614234987008      2.714374678975
    6      4.877644453637      2.915408498432      2.573928731856
    6      3.631052969904     -3.481484655537      2.415007012733
    6      6.180219635896      0.793118371845      2.551732418169
    6      1.063372078406     -0.783419634327      2.605212523012
    6      2.516150213700      1.289748835369      2.598337105071
    6      3.591589416324      3.561951878816      2.633159837830
    6      2.354517686671     -2.785725068861      2.483410547889
    6      4.555552364278     -0.787330596938      3.030299015030
    6      4.940927215715      1.487658649414      2.569971208043
    6      3.701010644944     -4.969586989068      2.459545889482
    6      4.860757076875     -2.843464893549      2.446672349663
    6      5.935255919003     -0.581096581333      2.806898016318
    1    1
