   3   1   1 E -6.0888898813913E+02 DE-3.5E-11( 15)
  0.370158621205E+01 -0.641133538787E+01  0.000000000000E+00
  0.370158621205E+01  0.641133538787E+01  0.000000000000E+00
  0.000000000000E+00  0.000000000000E+00  0.868503800000E+01
    1
  0.100000000000E+01  0.000000000000E+00  0.000000000000E+00
  0.000000000000E+00  0.100000000000E+01  0.000000000000E+00
  0.000000000000E+00  0.000000000000E+00  0.100000000000E+01
  0.000000000000E+00  0.000000000000E+00  0.000000000000E+00
   16
    6      1.245356161572      0.625055181455      2.546236857830
    6      2.386578398611      2.823674784342      2.565579450064
    6      3.527374943200      5.001006889344      2.706998502572
    6      3.833753686359      0.583682368229      2.698394469887
    6      4.848987201031      2.914382967452      2.567609398516
    6      3.609556134395     -3.454110123905      2.433951279900
    6      6.185220273294      0.825094376064      2.582322313800
    6      1.064383035317     -0.787685072659      2.610634762048
    6      2.513911157780      1.275371096287      2.597216597356
    6      3.567323152082      3.568139116574      2.632370786722
    6      2.320667117830     -2.779261704446      2.494896427588
    6      4.669528705090     -0.929431781506      2.869024298313
    6      4.926552575402      1.478494122439      2.586903520706
    6      3.700654724055     -4.950719455863      2.465130781433
    6      4.817921136622     -2.769897103382      2.544066123204
    6      6.007610990148     -0.574313265818      2.786846830062
    1    1
