   3   1   1 E -6.0874192775231E+02 DE 9.3E-11( 16)
  0.370158621205E+01 -0.641133538787E+01  0.000000000000E+00
  0.370158621205E+01  0.641133538787E+01  0.000000000000E+00
  0.000000000000E+00  0.000000000000E+00  0.868503800000E+01
    1
  0.100000000000E+01  0.000000000000E+00  0.000000000000E+00
  0.000000000000E+00  0.100000000000E+01  0.000000000000E+00
  0.000000000000E+00  0.000000000000E+00  0.100000000000E+01
  0.000000000000E+00  0.000000000000E+00  0.000000000000E+00
   16
    6      1.250378846664      0.636417952957      2.542240564958
    6      2.440325598115      2.825243918325      2.531942228608
    6      3.626832215698      4.974564528317      2.727881891879
    6      3.757114054351      0.678165612896      2.721678015650
    6      4.922932925359      2.889907887158      2.570672281282
    6      3.679287570458     -3.459150262653      2.421148129978
    6      6.173109573915      0.708618258940      2.535024059515
    6      1.174100916856     -0.798950698669      2.613196111267
    6      2.473173807625      1.365890385771      2.594517578417
    6      3.657646417073      3.534216383889      2.636640933805
    6      2.392688242977     -2.798199755042      2.418929135012
    6      3.990869996720     -0.607330962310      3.261715892725
    6      4.965786463661      1.458077686707      2.581437797743
    6      3.704332836194     -4.976904155372      2.477982719604
    6      4.946564552902     -2.874856868623      2.327549683938
    6      6.070235374221     -0.706227517683      2.725625375621
    1    1
