   3   1   1 E -6.0873531813152E+02 DE 1.6E-11( 17)
  0.370158621205E+01 -0.641133538787E+01  0.000000000000E+00
  0.370158621205E+01  0.641133538787E+01  0.000000000000E+00
  0.000000000000E+00  0.000000000000E+00  0.868503800000E+01
    1
  0.100000000000E+01  0.000000000000E+00  0.000000000000E+00
  0.000000000000E+00  0.100000000000E+01  0.000000000000E+00
  0.000000000000E+00  0.000000000000E+00  0.100000000000E+01
  0.000000000000E+00  0.000000000000E+00  0.000000000000E+00
   16
    6      1.238949828286      0.670057198261      2.542508575587
    6      2.448869439732      2.829811914326      2.546390308564
    6      3.661952564240      4.959614927778      2.728085667809
    6      3.733330874388      0.686164697725      2.712542371041
    6      4.932069651838      2.863573058948      2.565729598848
    6      3.689287748835     -3.477474101176      2.438735826405
    6      6.170201103747      0.707663735931      2.546248349590
    6      1.182106386826     -0.753659190762      2.630184307433
    6      2.473230350275      1.385016529240      2.591060580425
    6      3.678101507288      3.533891605766      2.636106407062
    6      2.417602773843     -2.823163344985      2.410670376756
    6      3.850646255882     -0.624245274475      3.199993392038
    6      4.948082827041      1.434018348120      2.592409291968
    6      3.703002165658     -4.975212988880      2.495624514273
    6      4.954209235007     -2.857458038084      2.358890604532
    6      6.143736679902     -0.709116683125      2.693002227668
    1    1
