   3   1   1 E -6.0893903918476E+02 DE 2.0E-10(  9)
  0.370158621205E+01 -0.641133538787E+01  0.000000000000E+00
  0.370158621205E+01  0.641133538787E+01  0.000000000000E+00
  0.000000000000E+00  0.000000000000E+00  0.868503800000E+01
    1
  0.100000000000E+01  0.000000000000E+00  0.000000000000E+00
  0.000000000000E+00  0.100000000000E+01  0.000000000000E+00
  0.000000000000E+00  0.000000000000E+00  0.100000000000E+01
  0.000000000000E+00  0.000000000000E+00  0.000000000000E+00
   16
    6      1.215704208703      0.646845292645      2.605779259032
    6      2.351161419070      2.871372297564      2.606703781007
    6      3.613101902051      4.994738046572      2.603867721353
    6      3.733554375075      0.704804089486      2.606105543823
    6      4.821141767247      2.902290910358      2.605728513573
    6      3.558554534355     -3.411787810932      2.607989958196
    6      6.159392283605      0.795636127883      2.603180073649
    6      1.147825888145     -0.788214064204      2.604846915828
    6      2.456575140649      1.363096751997      2.606280267518
    6      3.557495829165      3.567741639994      2.605304699313
    6      2.281461550768     -2.752548721393      2.606020555819
    6      4.866916643477     -1.259293207516      2.605148178683
    6      4.895905604497      1.461291923196      2.604571114566
    6      3.663774930792     -4.919687072820      2.605282920860
    6      4.799683750037     -2.695421331492      2.608562204028
    6      6.103129565153     -0.631382476728      2.602810692753
    1    1
