   3   1   1 E -6.0874503567482E+02 DE-1.2E-10( 16)
  0.370158621205E+01 -0.641133538787E+01  0.000000000000E+00
  0.370158621205E+01  0.641133538787E+01  0.000000000000E+00
  0.000000000000E+00  0.000000000000E+00  0.868503800000E+01
    1
  0.100000000000E+01  0.000000000000E+00  0.000000000000E+00
  0.000000000000E+00  0.100000000000E+01  0.000000000000E+00
  0.000000000000E+00  0.000000000000E+00  0.100000000000E+01
  0.000000000000E+00  0.000000000000E+00  0.000000000000E+00
   16
    6      1.248980328840      0.640898782915      2.540788001616
    6      2.439601392753      2.817887715096      2.531114408521
    6      3.620623230339      4.967366213017      2.726592098856
    6      3.763291855166      0.682313045376      2.720449306608
    6      4.920791683212      2.884881275841      2.570374377891
    6      3.676491792114     -3.465611864494      2.420818979344
    6      6.174895991671      0.719045948248      2.531875915883
    6      1.164765843483     -0.794824799844      2.610801057436
    6      2.481066550251      1.358232895095      2.596152658210
    6      3.653110905614      3.538980827033      2.636774041173
    6      2.393306591808     -2.792469805534      2.424907274446
    6      4.021511855655     -0.615210683707      3.257398328845
    6      4.957862009051      1.457703080820      2.581572163963
    6      3.704326491610     -4.981382785499      2.477479963930
    6      4.941283373113     -2.873651358863      2.327678051847
    6      6.063469498110     -0.694676090893      2.733405771432
    1    1
