   3   1   1 E -6.0893405106802E+02 DE-1.0E-12( 14)
  0.370158621205E+01 -0.641133538787E+01  0.000000000000E+00
  0.370158621205E+01  0.641133538787E+01  0.000000000000E+00
  0.000000000000E+00  0.000000000000E+00  0.868503800000E+01
    1
  0.100000000000E+01  0.000000000000E+00  0.000000000000E+00
  0.000000000000E+00  0.100000000000E+01  0.000000000000E+00
  0.000000000000E+00  0.000000000000E+00  0.100000000000E+01
  0.000000000000E+00  0.000000000000E+00  0.000000000000E+00
   16
    6      1.230607863789      0.633206597745      2.568830961272
    6      2.340834793315      2.866094022948      2.617548238121
    6      3.602834395564      4.999917235441      2.623527156741
    6      3.787073116638      0.603762588161      2.654540227500
    6      4.806247941338      2.887223591210      2.587164478441
    6      3.546578943168     -3.390671869686      2.555836258872
    6      6.187678055175      0.812765032401      2.599436845480
    6      1.146274979228     -0.807412447089      2.598029222264
    6      2.487878219760      1.315874381005      2.600633986823
    6      3.541380683164      3.556028929535      2.616323965494
    6      2.251529590783     -2.753351242720      2.585266363330
    6      4.834662340636     -1.173025516251      2.662561116413
    6      4.902714226530      1.447438819315      2.630914382684
    6      3.691452044785     -4.897629573176      2.545998240349
    6      4.764265192914     -2.639159768490      2.612982346854
    6      6.103367006003     -0.611578385741      2.628588609362
    1    1
