   3   1   1 E -6.0893903530474E+02 DE 3.5E-10(  9)
  0.370158621205E+01 -0.641133538787E+01  0.000000000000E+00
  0.370158621205E+01  0.641133538787E+01  0.000000000000E+00
  0.000000000000E+00  0.000000000000E+00  0.868503800000E+01
    1
  0.100000000000E+01  0.000000000000E+00  0.000000000000E+00
  0.000000000000E+00  0.100000000000E+01  0.000000000000E+00
  0.000000000000E+00  0.000000000000E+00  0.100000000000E+01
  0.000000000000E+00  0.000000000000E+00  0.000000000000E+00
   16
    6      1.215785705022      0.646962356068      2.608529936983
    6      2.351090176870      2.871417821175      2.607359973503
    6      3.612948215957      4.995131182758      2.604363125865
    6      3.733728245471      0.704723063675      2.606288489684
    6      4.821089338971      2.902386646721      2.604350978915
    6      3.558510661244     -3.412227150779      2.607244661966
    6      6.159426725598      0.795870106507      2.601489658114
    6      1.147695480329     -0.787913015896      2.607025505623
    6      2.456706189465      1.362990278434      2.608910525173
    6      3.557437705976      3.567985465226      2.605453825042
    6      2.281642058334     -2.752791570208      2.605202902383
    6      4.866822901647     -1.260026020288      2.603299743356
    6      4.895985980639      1.461345939471      2.603570327093
    6      3.663977775251     -4.919588790668      2.607420909123
    6      4.799594570931     -2.695722860979      2.606303093794
    6      6.102937661083     -0.631061056610      2.601368743383
    1    1
