   3   1   1 E -6.0893642050628E+02 DE-1.5E-09( 12)
  0.370158621205E+01 -0.641133538787E+01  0.000000000000E+00
  0.370158621205E+01  0.641133538787E+01  0.000000000000E+00
  0.000000000000E+00  0.000000000000E+00  0.868503800000E+01
    1
  0.100000000000E+01  0.000000000000E+00  0.000000000000E+00
  0.000000000000E+00  0.100000000000E+01  0.000000000000E+00
  0.000000000000E+00  0.000000000000E+00  0.100000000000E+01
  0.000000000000E+00  0.000000000000E+00  0.000000000000E+00
   16
    6      1.229048502877      0.634262318729      2.591534002351
    6      2.343989433927      2.864459644726      2.612977601222
    6      3.609513038258      4.993514042690      2.613421204870
    6      3.774146285590      0.627527094485      2.614694199058
    6      4.808309435101      2.890220554486      2.600631060252
    6      3.547870406978     -3.390989027669      2.595051598218
    6      6.181177051915      0.808070116665      2.605071260789
    6      1.151673832725     -0.809292097992      2.603842220888
    6      2.480225395946      1.325476302831      2.613015291743
    6      3.542770957524      3.556255493105      2.609073339152
    6      2.255411776866     -2.749242216231      2.601937856067
    6      4.838610489834     -1.185730183443      2.618298810923
    6      4.901697234244      1.450898302446      2.603966310447
    6      3.683383285834     -4.902281993738      2.589196667865
    6      4.771250262363     -2.648140500411      2.611194824505
    6      6.106302002806     -0.615525456070      2.604276151651
    1    1
