   3   1   1 E -6.0878590671936E+02 DE 2.5E-10( 15)
  0.370158621205E+01 -0.641133538787E+01  0.000000000000E+00
  0.370158621205E+01  0.641133538787E+01  0.000000000000E+00
  0.000000000000E+00  0.000000000000E+00  0.868503800000E+01
    1
  0.100000000000E+01  0.000000000000E+00  0.000000000000E+00
  0.000000000000E+00  0.100000000000E+01  0.000000000000E+00
  0.000000000000E+00  0.000000000000E+00  0.100000000000E+01
  0.000000000000E+00  0.000000000000E+00  0.000000000000E+00
   16
    6      1.257707250099      0.617225144639      2.508935110858
    6      2.428295562745      2.790220713068      2.639497549690
    6      3.545350393144      4.995858699431      2.796565462492
    6      3.844414167739      0.644329602570      2.518944945547
    6      4.850721755777      2.927503071065      2.566607934829
    6      3.610190457564     -3.467662513138      2.766445512173
    6      6.199706392867      0.799307196004      2.370251478356
    6      1.076425670070     -0.838256045178      2.588496579281
    6      2.528673898410      1.283247829973      2.488418124477
    6      3.601797268132      3.573572554785      2.510159097103
    6      2.269821695811     -2.728037864626      2.761668345267
    6      4.535417617587     -0.807662731642      3.031633819463
    6      4.935619524210      1.504304114709      2.615298036563
    6      3.703489696100     -4.967711846106      2.431617438101
    6      4.829679998872     -2.860179616001      2.458287747152
    6      6.008068043663     -0.616575914943      2.635355218648
    1    1
