   3   1   1 E -6.0873754865540E+02 DE 1.5E-10( 19)
  0.370158621205E+01 -0.641133538787E+01  0.000000000000E+00
  0.370158621205E+01  0.641133538787E+01  0.000000000000E+00
  0.000000000000E+00  0.000000000000E+00  0.868503800000E+01
    1
  0.100000000000E+01  0.000000000000E+00  0.000000000000E+00
  0.000000000000E+00  0.100000000000E+01  0.000000000000E+00
  0.000000000000E+00  0.000000000000E+00  0.100000000000E+01
  0.000000000000E+00  0.000000000000E+00  0.000000000000E+00
   16
    6      1.250117374177      0.590433415616      2.461744769397
    6      2.423674282306      2.751836567362      2.622531390902
    6      3.477040352993      4.986792511372      2.878324060028
    6      3.884801835592      0.636747479505      2.549693185844
    6      4.838516602300      2.961631706992      2.555863783971
    6      3.618190714236     -3.454751182533      2.852429575444
    6      6.176348163088      0.811062476439      2.280073131284
    6      1.026574519095     -0.875655741952      2.510024217336
    6      2.535892526483      1.248668273735      2.430162948834
    6      3.569755774506      3.568643960807      2.529625035423
    6      2.309842611527     -2.689936848407      2.870930334591
    6      4.660636636918     -0.747260708270      3.097556938733
    6      4.952602079158      1.543982293898      2.586835933394
    6      3.696352988726     -4.968989873671      2.405854380042
    6      4.871825949671     -2.897534266470      2.421963614206
    6      5.933206982013     -0.616187669814      2.634569100572
    1    1
