   3   1   1 E -6.0893904275513E+02 DE 3.4E-10(  8)
  0.370158621205E+01 -0.641133538787E+01  0.000000000000E+00
  0.370158621205E+01  0.641133538787E+01  0.000000000000E+00
  0.000000000000E+00  0.000000000000E+00  0.868503800000E+01
    1
  0.100000000000E+01  0.000000000000E+00  0.000000000000E+00
  0.000000000000E+00  0.100000000000E+01  0.000000000000E+00
  0.000000000000E+00  0.000000000000E+00  0.100000000000E+01
  0.000000000000E+00  0.000000000000E+00  0.000000000000E+00
   16
    6      1.215436665089      0.646833836066      2.605542194557
    6      2.351358191209      2.871243621410      2.605713535381
    6      3.612717609802      4.994746226726      2.605411636937
    6      3.733815566644      0.704172277520      2.605653902464
    6      4.821143972417      2.902231047358      2.605284723751
    6      3.558747622809     -3.411513833392      2.605210153826
    6      6.159269578531      0.795646349698      2.605531887614
    6      1.147265766577     -0.788467928662      2.605389043809
    6      2.456758763866      1.363045878353      2.605678643600
    6      3.557355832293      3.567603522002      2.605557579398
    6      2.281691336260     -2.752547434466      2.605539081359
    6      4.867096918189     -1.258783166471      2.605597740573
    6      4.895586094803      1.461059877971      2.605562753709
    6      3.663838782448     -4.919359447000      2.605528594851
    6      4.799703796494     -2.694869677571      2.605429668063
    6      6.103592895358     -0.631558754936      2.605551260109
    1    1
