   3   1   1 E -6.0883311633982E+02 DE-2.6E-09( 15)
  0.370158621205E+01 -0.641133538787E+01  0.000000000000E+00
  0.370158621205E+01  0.641133538787E+01  0.000000000000E+00
  0.000000000000E+00  0.000000000000E+00  0.868503800000E+01
    1
  0.100000000000E+01  0.000000000000E+00  0.000000000000E+00
  0.000000000000E+00  0.100000000000E+01  0.000000000000E+00
  0.000000000000E+00  0.000000000000E+00  0.100000000000E+01
  0.000000000000E+00  0.000000000000E+00  0.000000000000E+00
   16
    6      1.254666900837      0.627832386622      2.540542145585
    6      2.421604769166      2.802966165408      2.525280953914
    6      3.538786770357      4.979844564204      2.727599120384
    6      3.815704606782      0.627761726716      2.717718076361
    6      4.886406584851      2.914624766529      2.576506270408
    6      3.641842736756     -3.484199977434      2.412033364648
    6      6.178586486904      0.781279793435      2.541138165629
    6      1.069791681044     -0.784816733512      2.601802218449
    6      2.513681230823      1.295438143419      2.598670527949
    6      3.599741353170      3.560651727168      2.633622073422
    6      2.363926955554     -2.785797396032      2.478791926904
    6      4.498845701276     -0.749780325034      3.087933780951
    6      4.946723075039      1.486610464012      2.566628909428
    6      3.699547816674     -4.976316080254      2.459974051535
    6      4.873190033502     -2.858007836253      2.410882546134
    6      5.922332690053     -0.588608994386      2.809058268300
    1    1
