   3   1   1 E -6.0871661742606E+02 DE 8.9E-11( 17)
  0.370158621205E+01 -0.641133538787E+01  0.000000000000E+00
  0.370158621205E+01  0.641133538787E+01  0.000000000000E+00
  0.000000000000E+00  0.000000000000E+00  0.868503800000E+01
    1
  0.100000000000E+01  0.000000000000E+00  0.000000000000E+00
  0.000000000000E+00  0.100000000000E+01  0.000000000000E+00
  0.000000000000E+00  0.000000000000E+00  0.100000000000E+01
  0.000000000000E+00  0.000000000000E+00  0.000000000000E+00
   16
    6      1.229578834720      0.710440550100      2.605251455153
    6      2.468267696391      2.854264407408      2.596972283316
    6      3.701586068187      4.983074182321      2.603328273928
    6      3.701589713028      0.673263264103      2.620223694974
    6      4.934912859255      2.854266632678      2.598554698235
    6      3.701582236606     -3.513881986649      2.594601635298
    6      6.173586433616      0.710409776345      2.608568482478
    6      1.215095705120     -0.710180010623      2.605243410569
    6      2.463013223395      1.413745590462      2.605983517344
    6      3.701590170006      3.557444171531      2.598791731839
    6      2.451938846654     -2.833679507178      2.590165415760
    6      3.701591039735     -0.754539741080      2.649652713356
    6      4.940168014013      1.413746016217      2.609056921589
    6      3.701575382813     -4.965000374645      2.604149798806
    6      4.951235703661     -2.833685587407      2.588773597616
    6      6.188067465587     -0.710204988975      2.608864769740
    1    1
