   3   1   1 E -6.0875045308121E+02 DE 3.1E-09( 13)
  0.370158621205E+01 -0.641133538787E+01  0.000000000000E+00
  0.370158621205E+01  0.641133538787E+01  0.000000000000E+00
  0.000000000000E+00  0.000000000000E+00  0.868503800000E+01
    1
  0.100000000000E+01  0.000000000000E+00  0.000000000000E+00
  0.000000000000E+00  0.100000000000E+01  0.000000000000E+00
  0.000000000000E+00  0.000000000000E+00  0.100000000000E+01
  0.000000000000E+00  0.000000000000E+00  0.000000000000E+00
   16
    6      1.250645270569      0.638959725821      2.540525213800
    6      2.437262974379      2.814424535476      2.529106107702
    6      3.609385028647      4.969032396351      2.727863468412
    6      3.770945943701      0.675687548807      2.720539218576
    6      4.917771193313      2.889596239669      2.572104334843
    6      3.673500201420     -3.468016906532      2.420428642208
    6      6.176129512223      0.726670208827      2.530102473902
    6      1.149794623610     -0.793033735561      2.606175714727
    6      2.485889931386      1.350341827700      2.596987572737
    6      3.646655221613      3.539311153278      2.635760251971
    6      2.389642411013     -2.789915861995      2.433597563095
    6      4.077300081977     -0.629122371659      3.247245113174
    6      4.957452581872      1.462739128205      2.578083222960
    6      3.703670877455     -4.981617242309      2.475242313181
    6      4.932749850367     -2.876268801367      2.329679797562
    6      6.046583689243     -0.679305450105      2.744741391148
    1    1
