   3   1   1 E -6.0876599869211E+02 DE 4.3E-12( 18)
  0.370158621205E+01 -0.641133538787E+01  0.000000000000E+00
  0.370158621205E+01  0.641133538787E+01  0.000000000000E+00
  0.000000000000E+00  0.000000000000E+00  0.868503800000E+01
    1
  0.100000000000E+01  0.000000000000E+00  0.000000000000E+00
  0.000000000000E+00  0.100000000000E+01  0.000000000000E+00
  0.000000000000E+00  0.000000000000E+00  0.100000000000E+01
  0.000000000000E+00  0.000000000000E+00  0.000000000000E+00
   16
    6      1.260960545659      0.640273017372      2.540150478834
    6      2.437495237685      2.810091932947      2.528100611095
    6      3.593224636799      4.958748253584      2.729314626306
    6      3.782771716131      0.667041354367      2.716802278236
    6      4.908229415664      2.898258218381      2.574641086324
    6      3.673560225058     -3.469906222617      2.417813013494
    6      6.180405088272      0.742543602905      2.529410056530
    6      1.123720708109     -0.791670263504      2.603140879546
    6      2.491610808660      1.329473189959      2.597766541970
    6      3.631832373217      3.555241726993      2.634960508231
    6      2.384776727902     -2.788474244944      2.447823995321
    6      4.195130740404     -0.664609521389      3.214594194344
    6      4.957971557651      1.468097340755      2.574343946630
    6      3.694902714217     -4.986454799380      2.471079071160
    6      4.907293552217     -2.874649064519      2.343787688445
    6      6.001493345141     -0.644522126300      2.764453423533
    1    1
