   3   1   1 E -6.0874676461250E+02 DE-2.2E-12( 17)
  0.370158621205E+01 -0.641133538787E+01  0.000000000000E+00
  0.370158621205E+01  0.641133538787E+01  0.000000000000E+00
  0.000000000000E+00  0.000000000000E+00  0.868503800000E+01
    1
  0.100000000000E+01  0.000000000000E+00  0.000000000000E+00
  0.000000000000E+00  0.100000000000E+01  0.000000000000E+00
  0.000000000000E+00  0.000000000000E+00  0.100000000000E+01
  0.000000000000E+00  0.000000000000E+00  0.000000000000E+00
   16
    6      1.249683978126      0.639904630844      2.540792789983
    6      2.438806525522      2.816373913053      2.530285574560
    6      3.616657464310      4.968995980676      2.727139127066
    6      3.765883092635      0.679557940987      2.720868615162
    6      4.919786915225      2.886906348735      2.570933071740
    6      3.675748017248     -3.466478560408      2.420599541657
    6      6.175105666117      0.721293108260      2.531358725797
    6      1.159820194173     -0.794122432383      2.608911185203
    6      2.482590842431      1.355369083498      2.596421188526
    6      3.650968238087      3.538298712285      2.636416814847
    6      2.391470212271     -2.791552726879      2.428164842037
    6      4.040900496875     -0.619606061792      3.253855584659
    6      4.958375024297      1.459545491729      2.580149136380
    6      3.703914849987     -4.981067118892      2.476706536294
    6      4.938283533890     -2.874653645616      2.328208732140
    6      6.057384341596     -0.689282269488      2.737370933950
    1    1
