   3   1   1 E -6.0873805437440E+02 DE 2.3E-11( 17)
  0.370158621205E+01 -0.641133538787E+01  0.000000000000E+00
  0.370158621205E+01  0.641133538787E+01  0.000000000000E+00
  0.000000000000E+00  0.000000000000E+00  0.868503800000E+01
    1
  0.100000000000E+01  0.000000000000E+00  0.000000000000E+00
  0.000000000000E+00  0.100000000000E+01  0.000000000000E+00
  0.000000000000E+00  0.000000000000E+00  0.100000000000E+01
  0.000000000000E+00  0.000000000000E+00  0.000000000000E+00
   16
    6      1.239008296987      0.647895021239      2.544713371897
    6      2.439671899016      2.813615576217      2.556047210791
    6      3.630311899956      4.954101986501      2.739409556787
    6      3.754646772844      0.686029835878      2.741742025348
    6      4.927728688480      2.883874850973      2.539697331480
    6      3.684426757647     -3.459192296350      2.376988737286
    6      6.165021244662      0.713200455385      2.541815374923
    6      1.160395459907     -0.776794527301      2.613186263177
    6      2.471279064143      1.363527774386      2.612277727981
    6      3.659617497042      3.526277312512      2.670546849259
    6      2.411112850068     -2.805727907207      2.335106640365
    6      3.958026864633     -0.600064761162      3.259579323101
    6      4.959367839613      1.454095120914      2.553190059913
    6      3.701319239724     -4.975394380270      2.490578156223
    6      4.953515297143     -2.870779714435      2.361635098991
    6      6.109929720921     -0.705181952673      2.751668672477
    1    1
