   3   1   1 E -6.0893763099241E+02 DE 4.0E-10( 11)
  0.370158621205E+01 -0.641133538787E+01  0.000000000000E+00
  0.370158621205E+01  0.641133538787E+01  0.000000000000E+00
  0.000000000000E+00  0.000000000000E+00  0.868503800000E+01
    1
  0.100000000000E+01  0.000000000000E+00  0.000000000000E+00
  0.000000000000E+00  0.100000000000E+01  0.000000000000E+00
  0.000000000000E+00  0.000000000000E+00  0.100000000000E+01
  0.000000000000E+00  0.000000000000E+00  0.000000000000E+00
   16
    6      1.221860764306      0.637720561565      2.597099789096
    6      2.344252265475      2.861773939035      2.601110808410
    6      3.616567564377      4.981681959684      2.605825989756
    6      3.751018981142      0.667694684395      2.621478271294
    6      4.810755497742      2.894662747279      2.608739109071
    6      3.546484747818     -3.379835904193      2.606093824822
    6      6.171282909319      0.803431978039      2.605803495535
    6      1.153990612380     -0.812318579729      2.585482231675
    6      2.466601990193      1.342116353003      2.600033126331
    6      3.544479470794      3.558240154841      2.601083085108
    6      2.258937923000     -2.730902009962      2.604021203148
    6      4.859360190603     -1.232373177930      2.603204163613
    6      4.897423355622      1.453551782138      2.621415938942
    6      3.670024776849     -4.903256983143      2.606249851526
    6      4.787913173786     -2.666192492168      2.594403892998
    6      6.124425169383     -0.626512618248      2.626137618674
    1    1
