   3   1   1 E -6.4705607334939E+02 DE 1.7E-11( 18)
  0.370158621205E+01 -0.641133538787E+01  0.000000000000E+00
  0.370158621205E+01  0.641133538787E+01  0.000000000000E+00
  0.000000000000E+00  0.000000000000E+00  0.868503800000E+01
    1
  0.100000000000E+01  0.000000000000E+00  0.000000000000E+00
  0.000000000000E+00  0.100000000000E+01  0.000000000000E+00
  0.000000000000E+00  0.000000000000E+00  0.100000000000E+01
  0.000000000000E+00  0.000000000000E+00  0.000000000000E+00
   17
    6      1.237844345317      0.714782318107      2.605511474097
    6      2.467724102462      2.844895865616      2.605511275032
    6      3.698621506101      4.988343278126      2.605511430636
    6      2.467724623553     -1.400262561097      2.605511967319
    6      3.697600738108      0.714784473892      2.605511491531
    6      4.914777505872      2.837192552379      2.605510561823
    6      3.722256314387     -3.574141787865      2.605511286411
    6      4.938414481675     -1.422991338635      2.605511337217
    6      6.169310596203      0.708653938577      2.605511561966
    6      1.236702850135     -0.729224461963      2.605511473304
    6      2.467722614212      1.424856224990      2.605511470717
    6      3.717917498095      3.567907362488      2.605511254134
    6      3.698747139975     -0.729223266892      2.605511698633
    6      4.948850179351      1.435586513194      2.605511317614
    6      3.688184385658     -4.975747609990      2.605511425177
    6      4.919117666761     -2.843427457325      2.605511442552
    6      6.169311127658     -0.712501648996      2.605511331836
    1    1
