   3   1   1 E -6.4705750844285E+02 DE 6.5E-12( 11)
  0.370158621205E+01 -0.641133538787E+01  0.000000000000E+00
  0.370158621205E+01  0.641133538787E+01  0.000000000000E+00
  0.000000000000E+00  0.000000000000E+00  0.868503800000E+01
    1
  0.100000000000E+01  0.000000000000E+00  0.000000000000E+00
  0.000000000000E+00  0.100000000000E+01  0.000000000000E+00
  0.000000000000E+00  0.000000000000E+00  0.100000000000E+01
  0.000000000000E+00  0.000000000000E+00  0.000000000000E+00
   17
    6      1.237558100520      0.714649423883      2.605511935863
    6      2.467723353356      2.845229349737      2.605512274509
    6      3.693056849913      4.991498772594      2.605512849340
    6      2.467726122629     -1.371780733171      2.605514508087
    6      3.697886931970      0.714650557761      2.605514061065
    6      4.890254679557      2.823050520132      2.605497410701
    6      3.746776928410     -3.588280806051      2.605506764872
    6      4.943980357674     -1.419835266108      2.605512494641
    6      6.169310645344      0.702197540480      2.605513554815
    6      1.233975459655     -0.732960778246      2.605512522164
    6      2.467722694379      1.424847628952      2.605511640980
    6      3.719829071904      3.572076684651      2.605510655567
    6      3.701476049394     -0.732959366677      2.605516054295
    6      4.953454510995      1.435118491714      2.605510447890
    6      3.683578844774     -4.976213679994      2.605511138564
    6      4.917204919367     -2.839256974627      2.605513635519
    6      6.169312155680     -0.712548970421      2.605511851127
    1    1
