   3   1   1 E -6.4705758436392E+02 DE-3.2E-09( 17)
  0.370158621205E+01 -0.641133538787E+01  0.000000000000E+00
  0.370158621205E+01  0.641133538787E+01  0.000000000000E+00
  0.000000000000E+00  0.000000000000E+00  0.868503800000E+01
    1
  0.100000000000E+01  0.000000000000E+00  0.000000000000E+00
  0.000000000000E+00  0.100000000000E+01  0.000000000000E+00
  0.000000000000E+00  0.000000000000E+00  0.100000000000E+01
  0.000000000000E+00  0.000000000000E+00  0.000000000000E+00
   17
    6      1.237693139110      0.714733719402      2.605515235093
    6      2.467723563728      2.845083422016      2.605495589914
    6      3.693017815136      4.991515145443      2.605502019793
    6      2.467725702773     -1.371564274842      2.605552378575
    6      3.697753070562      0.714734382711      2.605498901213
    6      4.890100756884      2.822954639881      2.605531293995
    6      3.746931036433     -3.588377305300      2.605538430936
    6      4.944018681671     -1.419819284445      2.605503872297
    6      6.169310617965      0.702130913403      2.605501451369
    6      1.233839322267     -0.732809719300      2.605519395011
    6      2.467723188951      1.424852476231      2.605511139542
    6      3.719645865450      3.572123213614      2.605497159465
    6      3.701611228033     -0.732808767525      2.605504886081
    6      4.953400319464      1.434922714574      2.605504564125
    6      3.683633450867     -4.976410387537      2.605516510990
    6      4.917388270097     -2.839210973976      2.605496706843
    6      6.169311646132     -0.712567519743      2.605504264758
    1    1
