   3   1   1 E -6.4705749840616E+02 DE 2.2E-09( 12)
  0.370158621205E+01 -0.641133538787E+01  0.000000000000E+00
  0.370158621205E+01  0.641133538787E+01  0.000000000000E+00
  0.000000000000E+00  0.000000000000E+00  0.868503800000E+01
    1
  0.100000000000E+01  0.000000000000E+00  0.000000000000E+00
  0.000000000000E+00  0.100000000000E+01  0.000000000000E+00
  0.000000000000E+00  0.000000000000E+00  0.100000000000E+01
  0.000000000000E+00  0.000000000000E+00  0.000000000000E+00
   17
    6      1.237461222055      0.714574027717      2.605512088713
    6      2.467722727384      2.845339959469      2.605510744350
    6      3.691793548755      4.992197101553      2.605510850264
    6      2.467728119061     -1.371730557074      2.605514869941
    6      3.697980234332      0.714576401803      2.605511150927
    6      4.890147703866      2.823070152257      2.605510115058
    6      3.746885154253     -3.588259629796      2.605511818328
    6      4.945244748729     -1.419135970600      2.605511524103
    6      6.169310322723      0.700762134376      2.605510702994
    6      1.234072895473     -0.732727294648      2.605512523818
    6      2.467720766367      1.424828080085      2.605511686268
    6      3.719644592222      3.571866482116      2.605509779682
    6      3.701380848692     -0.732724843718      2.605511662526
    6      4.953159890960      1.435107793101      2.605510548238
    6      3.683872706219     -4.976222673210      2.605511972706
    6      4.917389646856     -2.839466009928      2.605510342156
    6      6.169312547575     -0.712572758896      2.605511419928
    1    1
