   3   1   1 E -5.7060193519079E+02 DE-1.0E-09( 15)
  0.370158621205E+01 -0.641133538787E+01  0.000000000000E+00
  0.370158621205E+01  0.641133538787E+01  0.000000000000E+00
  0.000000000000E+00  0.000000000000E+00  0.868503800000E+01
    1
  0.100000000000E+01  0.000000000000E+00  0.000000000000E+00
  0.000000000000E+00  0.100000000000E+01  0.000000000000E+00
  0.000000000000E+00  0.000000000000E+00  0.100000000000E+01
  0.000000000000E+00  0.000000000000E+00  0.000000000000E+00
   15
    6      2.410227731282      2.828046974378      2.456221048336
    6      3.701774734727      4.865811805481      2.504090430767
    6      2.468531008227     -1.545298718167      2.697546115652
    6      3.625714816711      0.748527413681      2.631748939790
    6      3.759753269080     -3.582880795996      2.755775850239
    6      4.935202635014     -1.385865779028      2.602773646205
    6      6.244295290538      0.749531681607      2.585975735242
    6      2.333146429411      1.449513033675      2.558264637177
    6      3.583720016698      3.570881063340      2.374563614192
    6      2.587388815402     -2.839861116361      2.842546030008
    6      3.637387592343     -0.706131769844      2.655049142545
    6      4.934700551077      1.453988495180      2.609004888702
    6      3.835496279793     -4.960198722492      2.655635644448
    6      4.934945896747     -2.789559056690      2.599922940667
    6      6.233094325739     -0.705986903371      2.553552336028
    1    1
