   3   1   1 E -5.7060172498025E+02 DE-9.2E-10( 13)
  0.370158621205E+01 -0.641133538787E+01  0.000000000000E+00
  0.370158621205E+01  0.641133538787E+01  0.000000000000E+00
  0.000000000000E+00  0.000000000000E+00  0.868503800000E+01
    1
  0.100000000000E+01  0.000000000000E+00  0.000000000000E+00
  0.000000000000E+00  0.100000000000E+01  0.000000000000E+00
  0.000000000000E+00  0.000000000000E+00  0.100000000000E+01
  0.000000000000E+00  0.000000000000E+00  0.000000000000E+00
   15
    6      2.409770046323      2.827022965436      2.455717662671
    6      3.702407570056      4.867147379094      2.518270954832
    6      2.468299506454     -1.544825452353      2.693150754673
    6      3.625642144856      0.748499432557      2.633458620362
    6      3.760080159870     -3.583517227655      2.757433052888
    6      4.935474071871     -1.385483801391      2.598612286876
    6      6.244141949546      0.750123894002      2.574108775467
    6      2.333154168439      1.448661226040      2.550279597567
    6      3.581481014055      3.570603362250      2.377082682998
    6      2.589518801377     -2.839872500889      2.836985439127
    6      3.637212498898     -0.706136862877      2.646115667618
    6      4.934358369952      1.452884593376      2.612575800503
    6      3.835196735355     -4.959944868206      2.672599132946
    6      4.935159628955     -2.789157575121      2.591157059751
    6      6.233482726782     -0.705486958870      2.565123511719
    1    1
