   3   1   1 E -5.7060210676660E+02 DE-6.1E-12(  9)
  0.370158621205E+01 -0.641133538787E+01  0.000000000000E+00
  0.370158621205E+01  0.641133538787E+01  0.000000000000E+00
  0.000000000000E+00  0.000000000000E+00  0.868503800000E+01
    1
  0.100000000000E+01  0.000000000000E+00  0.000000000000E+00
  0.000000000000E+00  0.100000000000E+01  0.000000000000E+00
  0.000000000000E+00  0.000000000000E+00  0.100000000000E+01
  0.000000000000E+00  0.000000000000E+00  0.000000000000E+00
   15
    6      2.410691240917      2.831389772876      2.446003565960
    6      3.696620613506      4.863974442843      2.491951557904
    6      2.472689581453     -1.547343173092      2.717102952318
    6      3.628687212992      0.749351050329      2.638033959890
    6      3.758581449860     -3.579892326316      2.765654523875
    6      4.935447559844     -1.388511534831      2.605661170737
    6      6.242242287878      0.749361418298      2.573167758696
    6      2.345525645354      1.454363542873      2.557938260732
    6      3.588813522325      3.568777746510      2.356310372242
    6      2.580515956193     -2.842517231102      2.854412739327
    6      3.640267599874     -0.707376062414      2.662917733444
    6      4.935443576081      1.458192585765      2.605393837153
    6      3.823790855734     -4.956917934671      2.654274348140
    6      4.935417380437     -2.794985788755      2.606188039070
    6      6.230644910340     -0.707348902919      2.547660180512
    1    1
