   3   1   1 E -5.7060052070107E+02 DE-8.5E-11( 14)
  0.370158621205E+01 -0.641133538787E+01  0.000000000000E+00
  0.370158621205E+01  0.641133538787E+01  0.000000000000E+00
  0.000000000000E+00  0.000000000000E+00  0.868503800000E+01
    1
  0.100000000000E+01  0.000000000000E+00  0.000000000000E+00
  0.000000000000E+00  0.100000000000E+01  0.000000000000E+00
  0.000000000000E+00  0.000000000000E+00  0.100000000000E+01
  0.000000000000E+00  0.000000000000E+00  0.000000000000E+00
   15
    6      2.416876180491      2.836059682342      2.538845781186
    6      3.708972101488      4.870599152831      2.571014136311
    6      2.461151990765     -1.541225765211      2.654243360775
    6      3.630814076191      0.748880950477      2.619569939035
    6      3.752629502601     -3.575775645678      2.678439347624
    6      4.935384883140     -1.389889625227      2.601454838539
    6      6.239396643968      0.749251034603      2.578797165083
    6      2.357381569503      1.456385559996      2.571762327558
    6      3.592626877628      3.572289501213      2.510360382061
    6      2.577964251385     -2.839164932545      2.735718399250
    6      3.640233244119     -0.711799303415      2.625133876242
    6      4.934771627854      1.438776689604      2.597970911227
    6      3.811338796978     -4.954982928053      2.620956377693
    6      4.935472968512     -2.797037007785      2.598377413268
    6      6.230364678167     -0.711849757757      2.580026744149
    1    1
