   3   1   1 E -5.7060210559704E+02 DE-1.0E-09(  7)
  0.370158621205E+01 -0.641133538787E+01  0.000000000000E+00
  0.370158621205E+01  0.641133538787E+01  0.000000000000E+00
  0.000000000000E+00  0.000000000000E+00  0.868503800000E+01
    1
  0.100000000000E+01  0.000000000000E+00  0.000000000000E+00
  0.000000000000E+00  0.100000000000E+01  0.000000000000E+00
  0.000000000000E+00  0.000000000000E+00  0.100000000000E+01
  0.000000000000E+00  0.000000000000E+00  0.000000000000E+00
   15
    6      2.410595175533      2.831542057710      2.445723262322
    6      3.696788869696      4.863900183499      2.494549907807
    6      2.472524267281     -1.547489370627      2.717357432857
    6      3.628424561490      0.749417376579      2.637389165580
    6      3.758595147521     -3.579658860786      2.764026066400
    6      4.935473156024     -1.388406950398      2.606359950532
    6      6.242551438260      0.749376104733      2.575212300810
    6      2.345097339939      1.454495598660      2.556700222471
    6      3.589000497325      3.568459730405      2.356728205138
    6      2.580276877679     -2.842754517773      2.851279062011
    6      3.640183927330     -0.707382887145      2.662974152942
    6      4.935489066187      1.458072341863      2.605490275189
    6      3.824194834401     -4.956767668817      2.653978722629
    6      4.935437806755     -2.794899755885      2.605029264154
    6      6.230746427367     -0.707385776625      2.549873009158
    1    1
