   3   1   1 E -5.7060210682726E+02 DE-1.1E-09(  7)
  0.370158621205E+01 -0.641133538787E+01  0.000000000000E+00
  0.370158621205E+01  0.641133538787E+01  0.000000000000E+00
  0.000000000000E+00  0.000000000000E+00  0.868503800000E+01
    1
  0.100000000000E+01  0.000000000000E+00  0.000000000000E+00
  0.000000000000E+00  0.100000000000E+01  0.000000000000E+00
  0.000000000000E+00  0.000000000000E+00  0.100000000000E+01
  0.000000000000E+00  0.000000000000E+00  0.000000000000E+00
   15
    6      2.410746087413      2.831471736612      2.445184234733
    6      3.696778039783      4.863870832743      2.493033969026
    6      2.472521121233     -1.547341614250      2.718661087381
    6      3.628514941662      0.749400755787      2.637282276656
    6      3.758594788174     -3.579922784981      2.764737507169
    6      4.935418490812     -1.388408990678      2.606391322680
    6      6.242387145086      0.749322271084      2.573357196034
    6      2.345158181202      1.454415560271      2.556905412489
    6      3.588885797403      3.568749265691      2.355844644644
    6      2.580459486078     -2.842556163771      2.855208639146
    6      3.640142797060     -0.707322397715      2.663450224910
    6      4.935446371535      1.458094343089      2.605783128980
    6      3.824156186564     -4.957038008251      2.653108323939
    6      4.935451633809     -2.794831461837      2.605103345598
    6      6.230718324976     -0.707385738399      2.548619686614
    1    1
