   3   1   1 E -5.7059737750311E+02 DE-3.5E-09( 17)
  0.370158621205E+01 -0.641133538787E+01  0.000000000000E+00
  0.370158621205E+01  0.641133538787E+01  0.000000000000E+00
  0.000000000000E+00  0.000000000000E+00  0.868503800000E+01
    1
  0.100000000000E+01  0.000000000000E+00  0.000000000000E+00
  0.000000000000E+00  0.100000000000E+01  0.000000000000E+00
  0.000000000000E+00  0.000000000000E+00  0.100000000000E+01
  0.000000000000E+00  0.000000000000E+00  0.000000000000E+00
   15
    6      2.425237507753      2.850303749729      2.574102689882
    6      3.719041166264      4.883291259648      2.609968024463
    6      2.451799245780     -1.527867277762      2.641488087727
    6      3.637890556340      0.744674149305      2.610496660865
    6      3.743745562055     -3.560705869445      2.641597052285
    6      4.935456650982     -1.400398459346      2.604609973812
    6      6.232191279768      0.745521977927      2.560983103089
    6      2.381610367756      1.462355474406      2.584584097124
    6      3.617804552257      3.564573694891      2.552102719262
    6      2.552934978026     -2.846508443037      2.696838130361
    6      3.647127762128     -0.719273167225      2.633646853051
    6      4.934439225357      1.427115010087      2.595902838536
    6      3.786899375110     -4.947614490680      2.599327979520
    6      4.935305110065     -2.805854971107      2.597653921710
    6      6.223896053148     -0.719095031999      2.579368868314
    1    1
