   3   1   1 E -5.7060209353658E+02 DE-8.6E-12( 15)
  0.370158621205E+01 -0.641133538787E+01  0.000000000000E+00
  0.370158621205E+01  0.641133538787E+01  0.000000000000E+00
  0.000000000000E+00  0.000000000000E+00  0.868503800000E+01
    1
  0.100000000000E+01  0.000000000000E+00  0.000000000000E+00
  0.000000000000E+00  0.100000000000E+01  0.000000000000E+00
  0.000000000000E+00  0.000000000000E+00  0.100000000000E+01
  0.000000000000E+00  0.000000000000E+00  0.000000000000E+00
   15
    6      2.410660248098      2.831423176326      2.447795289263
    6      3.698681656646      4.864117103039      2.495994419127
    6      2.471325400304     -1.547468876691      2.716789765741
    6      3.627114457561      0.749020175791      2.636534688716
    6      3.758699610449     -3.579776200406      2.763814849217
    6      4.935495375842     -1.387737011413      2.604500278841
    6      6.243460114401      0.749761370248      2.571188658479
    6      2.341118376328      1.453516296516      2.559260408260
    6      3.589355145828      3.568346494041      2.358529477576
    6      2.580531637757     -2.842936688971      2.857394549846
    6      3.639486168714     -0.707240913413      2.658588810239
    6      4.934862220329      1.457185939770      2.607230624764
    6      3.827746305842     -4.956763699444      2.651734932875
    6      4.935372996858     -2.793838981254      2.606864538171
    6      6.231469677832     -0.707090578745      2.546449708886
    1    1
