   3   1   1 E -5.7060206167245E+02 DE-5.7E-10( 12)
  0.370158621205E+01 -0.641133538787E+01  0.000000000000E+00
  0.370158621205E+01  0.641133538787E+01  0.000000000000E+00
  0.000000000000E+00  0.000000000000E+00  0.868503800000E+01
    1
  0.100000000000E+01  0.000000000000E+00  0.000000000000E+00
  0.000000000000E+00  0.100000000000E+01  0.000000000000E+00
  0.000000000000E+00  0.000000000000E+00  0.100000000000E+01
  0.000000000000E+00  0.000000000000E+00  0.000000000000E+00
   15
    6      2.411106941811      2.832954035790      2.457481645461
    6      3.700125505334      4.864341145595      2.503642245207
    6      2.469139228360     -1.547003441509      2.716614401307
    6      3.627161300196      0.750007240872      2.631622361467
    6      3.758495832606     -3.578840001990      2.758893981404
    6      4.935408564897     -1.388203251397      2.603834521085
    6      6.243575659383      0.749146956337      2.567949358290
    6      2.341094191099      1.456286136883      2.558674426731
    6      3.589565150746      3.567684733381      2.376046316497
    6      2.579859432556     -2.843176347278      2.847492985049
    6      3.639664396393     -0.707595590472      2.657044231687
    6      4.935675637728      1.454559392401      2.596156021123
    6      3.828192815205     -4.956863132856      2.650894223006
    6      4.935350952167     -2.794782906255      2.607121985811
    6      6.230963784308     -0.707997364109      2.549202295874
    1    1
