   3   1   1 E -5.7060208902265E+02 DE 4.9E-09( 11)
  0.370158621205E+01 -0.641133538787E+01  0.000000000000E+00
  0.370158621205E+01  0.641133538787E+01  0.000000000000E+00
  0.000000000000E+00  0.000000000000E+00  0.868503800000E+01
    1
  0.100000000000E+01  0.000000000000E+00  0.000000000000E+00
  0.000000000000E+00  0.100000000000E+01  0.000000000000E+00
  0.000000000000E+00  0.000000000000E+00  0.100000000000E+01
  0.000000000000E+00  0.000000000000E+00  0.000000000000E+00
   15
    6      2.410852088440      2.832125320469      2.450758590565
    6      3.699649751543      4.864361104194      2.500225965289
    6      2.470188479094     -1.547287967300      2.717216460217
    6      3.627012388913      0.749356613372      2.635763039169
    6      3.758554482913     -3.579126235496      2.762219301131
    6      4.935504050975     -1.387967115828      2.605946318383
    6      6.243565422104      0.749615402084      2.570737676471
    6      2.340808617952      1.454722159219      2.556797538217
    6      3.589591585465      3.567821414891      2.365117855534
    6      2.580188213227     -2.843074382974      2.849312643113
    6      3.639564745444     -0.707528995437      2.662848990951
    6      4.935126032589      1.455784607024      2.598007777168
    6      3.828125285272     -4.956540167195      2.651972887525
    6      4.935355004175     -2.794301856133      2.605637128903
    6      6.231293244684     -0.707442295498      2.550108827365
    1    1
