   3   1   1 E -5.7060202858206E+02 DE-6.7E-10( 19)
  0.370158621205E+01 -0.641133538787E+01  0.000000000000E+00
  0.370158621205E+01  0.641133538787E+01  0.000000000000E+00
  0.000000000000E+00  0.000000000000E+00  0.868503800000E+01
    1
  0.100000000000E+01  0.000000000000E+00  0.000000000000E+00
  0.000000000000E+00  0.100000000000E+01  0.000000000000E+00
  0.000000000000E+00  0.000000000000E+00  0.100000000000E+01
  0.000000000000E+00  0.000000000000E+00  0.000000000000E+00
   15
    6      2.410708163403      2.831400852082      2.445964834896
    6      3.696621809534      4.863999751758      2.492255355755
    6      2.472681006133     -1.547358932480      2.717544273596
    6      3.628716881995      0.749346229281      2.637739130675
    6      3.758550491616     -3.579874953007      2.765820013122
    6      4.935470330095     -1.388525156803      2.605341846438
    6      6.242217451706      0.749361200156      2.573390889210
    6      2.345616203128      1.454371568434      2.557657286314
    6      3.588810601447      3.568789288531      2.356202814712
    6      2.580472208277     -2.842490622189      2.854632566943
    6      3.640290319314     -0.707397079440      2.662872408874
    6      4.935448203400      1.458166798696      2.605383619081
    6      3.823695396003     -4.956911403346      2.654211355915
    6      4.935438749127     -2.794998291135      2.605952173743
    6      6.230641577610     -0.707361645145      2.547702430726
    1    1
