   3   1   1 E -5.7060116426258E+02 DE 6.2E-11( 16)
  0.370158621205E+01 -0.641133538787E+01  0.000000000000E+00
  0.370158621205E+01  0.641133538787E+01  0.000000000000E+00
  0.000000000000E+00  0.000000000000E+00  0.868503800000E+01
    1
  0.100000000000E+01  0.000000000000E+00  0.000000000000E+00
  0.000000000000E+00  0.100000000000E+01  0.000000000000E+00
  0.000000000000E+00  0.000000000000E+00  0.100000000000E+01
  0.000000000000E+00  0.000000000000E+00  0.000000000000E+00
   15
    6      2.410411629083      2.826910322782      2.494350163571
    6      3.702696799974      4.868203316387      2.577027655301
    6      2.467877842400     -1.544252018289      2.685731449414
    6      3.627071733902      0.749334304182      2.640496956714
    6      3.759084193896     -3.583619733485      2.726751868313
    6      4.935753626521     -1.385240392101      2.598959212808
    6      6.242958233105      0.750520639124      2.541236931686
    6      2.338845183198      1.449657718061      2.568443929234
    6      3.579761096626      3.571657058732      2.437216337140
    6      2.590428387828     -2.838250163500      2.786839996958
    6      3.637877972172     -0.706572347887      2.646363085346
    6      4.934590621688      1.449291955925      2.599415589808
    6      3.829542284272     -4.959895423003      2.612410126942
    6      4.935436250521     -2.791247372963      2.599258069274
    6      6.233043537604     -0.705980258574      2.568169627488
    1    1
