   3   1   1 E -5.7060210387147E+02 DE 3.7E-09( 11)
  0.370158621205E+01 -0.641133538787E+01  0.000000000000E+00
  0.370158621205E+01  0.641133538787E+01  0.000000000000E+00
  0.000000000000E+00  0.000000000000E+00  0.868503800000E+01
    1
  0.100000000000E+01  0.000000000000E+00  0.000000000000E+00
  0.000000000000E+00  0.100000000000E+01  0.000000000000E+00
  0.000000000000E+00  0.000000000000E+00  0.100000000000E+01
  0.000000000000E+00  0.000000000000E+00  0.000000000000E+00
   15
    6      2.410569965484      2.831639857766      2.445561884623
    6      3.696918946000      4.863900418981      2.495334188962
    6      2.472430854905     -1.547487150562      2.717296184873
    6      3.628351930037      0.749461152880      2.638100847269
    6      3.758607291973     -3.579554143723      2.763394054024
    6      4.935498315215     -1.388420829246      2.606533077448
    6      6.242616173790      0.749389332713      2.576142964273
    6      2.344937109570      1.454655277928      2.556013087492
    6      3.589070850650      3.568240236686      2.356668980909
    6      2.580143461490     -2.842827691087      2.850583873029
    6      3.640200230384     -0.707401860154      2.662490593019
    6      4.935502124420      1.457991400100      2.606048227120
    6      3.824307463346     -4.956707200817      2.653900360861
    6      4.935470299133     -2.794940681785      2.604711585705
    6      6.230754376394     -0.707420514288      2.549891090392
    1    1
