   3   1   1 E -5.7060210643319E+02 DE-7.2E-09(  8)
  0.370158621205E+01 -0.641133538787E+01  0.000000000000E+00
  0.370158621205E+01  0.641133538787E+01  0.000000000000E+00
  0.000000000000E+00  0.000000000000E+00  0.868503800000E+01
    1
  0.100000000000E+01  0.000000000000E+00  0.000000000000E+00
  0.000000000000E+00  0.100000000000E+01  0.000000000000E+00
  0.000000000000E+00  0.000000000000E+00  0.100000000000E+01
  0.000000000000E+00  0.000000000000E+00  0.000000000000E+00
   15
    6      2.410654584670      2.831551575483      2.445699996109
    6      3.696802057336      4.863888528308      2.494151012564
    6      2.472491135820     -1.547431229134      2.717308986243
    6      3.628443094846      0.749409417012      2.637586508253
    6      3.758577265452     -3.579726988165      2.764846351172
    6      4.935454065641     -1.388410693883      2.605447161590
    6      6.242515966878      0.749343444330      2.574824429900
    6      2.345119981737      1.454481903858      2.556852735301
    6      3.589012215273      3.568561675231      2.356758318104
    6      2.580305198360     -2.842724040228      2.852463063733
    6      3.640158620476     -0.707364364392      2.662681718243
    6      4.935476152950      1.458059807326      2.605721954788
    6      3.824185499653     -4.956850219965      2.654222206735
    6      4.935434807319     -2.794864431705      2.605097781287
    6      6.230748746377     -0.707406778682      2.549008775978
    1    1
