   3   1   1 E -5.7060203407979E+02 DE-7.8E-10( 15)
  0.370158621205E+01 -0.641133538787E+01  0.000000000000E+00
  0.370158621205E+01  0.641133538787E+01  0.000000000000E+00
  0.000000000000E+00  0.000000000000E+00  0.868503800000E+01
    1
  0.100000000000E+01  0.000000000000E+00  0.000000000000E+00
  0.000000000000E+00  0.100000000000E+01  0.000000000000E+00
  0.000000000000E+00  0.000000000000E+00  0.100000000000E+01
  0.000000000000E+00  0.000000000000E+00  0.000000000000E+00
   15
    6      2.411123083321      2.832743192099      2.458923634371
    6      3.700292627134      4.864313063361      2.505849588855
    6      2.468847749580     -1.546923132831      2.718782060566
    6      3.627087726347      0.750083307725      2.629666989355
    6      3.758564555690     -3.579132810367      2.757493931168
    6      4.935379476367     -1.388044118524      2.603183588939
    6      6.243648229117      0.749038157473      2.567076515024
    6      2.340533351810      1.456155600596      2.559261533924
    6      3.589036718026      3.568026568134      2.378255102392
    6      2.580379471762     -2.842796358691      2.847966743661
    6      3.639495547884     -0.707501735539      2.657228809339
    6      4.935780836827      1.454239273164      2.590887929877
    6      3.828816323703     -4.957226897311      2.653953853889
    6      4.935319223451     -2.794468860842      2.607155026734
    6      6.231074471770     -0.707987643054      2.546985691905
    1    1
