   3   1   1 E -5.7059938777315E+02 DE 5.0E-09( 16)
  0.370158621205E+01 -0.641133538787E+01  0.000000000000E+00
  0.370158621205E+01  0.641133538787E+01  0.000000000000E+00
  0.000000000000E+00  0.000000000000E+00  0.868503800000E+01
    1
  0.100000000000E+01  0.000000000000E+00  0.000000000000E+00
  0.000000000000E+00  0.100000000000E+01  0.000000000000E+00
  0.000000000000E+00  0.000000000000E+00  0.100000000000E+01
  0.000000000000E+00  0.000000000000E+00  0.000000000000E+00
   15
    6      2.421430400508      2.842300418525      2.561351713090
    6      3.713765360569      4.873114019726      2.579227138698
    6      2.456836587624     -1.538262938037      2.663226469684
    6      3.633244785705      0.747046286617      2.624697938406
    6      3.747702458433     -3.569096325718      2.657282483586
    6      4.935408858698     -1.393752825650      2.603251463229
    6      6.236831978775      0.747718058181      2.568664021824
    6      2.367890656068      1.459205391048      2.582561680502
    6      3.603685807282      3.571679266801      2.536968757193
    6      2.567287889264     -2.839484386783      2.706155946154
    6      3.642305402738     -0.715677426319      2.620111001724
    6      4.934529152091      1.432774094576      2.586415365563
    6      3.800592546023     -4.951460089586      2.600998355297
    6      4.935333170432     -2.799923066720      2.602502581763
    6      6.228534338582     -0.715662871266      2.589256083289
    1    1
