   3   1   1 E -5.7060210350533E+02 DE-9.9E-10( 11)
  0.370158621205E+01 -0.641133538787E+01  0.000000000000E+00
  0.370158621205E+01  0.641133538787E+01  0.000000000000E+00
  0.000000000000E+00  0.000000000000E+00  0.868503800000E+01
    1
  0.100000000000E+01  0.000000000000E+00  0.000000000000E+00
  0.000000000000E+00  0.100000000000E+01  0.000000000000E+00
  0.000000000000E+00  0.000000000000E+00  0.100000000000E+01
  0.000000000000E+00  0.000000000000E+00  0.000000000000E+00
   15
    6      2.410680082609      2.831831084775      2.445908099249
    6      3.697637796409      4.863732036136      2.493012435557
    6      2.471880054827     -1.547428205216      2.717929236263
    6      3.627837661900      0.749466994909      2.639655896889
    6      3.758643160331     -3.579605713793      2.763515668841
    6      4.935469191806     -1.388177444214      2.605975124964
    6      6.242966387838      0.749392600479      2.572950586367
    6      2.343599783547      1.454673961361      2.555720852469
    6      3.589255270550      3.568182875805      2.357353135157
    6      2.580130298921     -2.842866534444      2.856334317564
    6      3.639892963490     -0.707322369479      2.664004723543
    6      4.935354328317      1.457536020698      2.606330904249
    6      3.825505267787     -4.956879851734      2.651874029349
    6      4.935536558224     -2.794521359722      2.604200605104
    6      6.230990586232     -0.707496490168      2.547905384433
    1    1
