   3   1   1 E -5.7060210125690E+02 DE 6.0E-10( 11)
  0.370158621205E+01 -0.641133538787E+01  0.000000000000E+00
  0.370158621205E+01  0.641133538787E+01  0.000000000000E+00
  0.000000000000E+00  0.000000000000E+00  0.868503800000E+01
    1
  0.100000000000E+01  0.000000000000E+00  0.000000000000E+00
  0.000000000000E+00  0.100000000000E+01  0.000000000000E+00
  0.000000000000E+00  0.000000000000E+00  0.100000000000E+01
  0.000000000000E+00  0.000000000000E+00  0.000000000000E+00
   15
    6      2.410681524935      2.831549437464      2.447357940594
    6      3.698240404416      4.863924053836      2.494842955140
    6      2.471605335072     -1.547431768393      2.716123148725
    6      3.627324233749      0.749187547016      2.636354283067
    6      3.758715817744     -3.579819342212      2.764790574493
    6      4.935474616593     -1.387852205712      2.604585992893
    6      6.243283626163      0.749607072734      2.572600551239
    6      2.341893463481      1.453878995743      2.558848182647
    6      3.589366350083      3.568285642723      2.358212790931
    6      2.580400902761     -2.842952397802      2.854977607720
    6      3.639593145274     -0.707191941240      2.659843146269
    6      4.935002060267      1.457482480214      2.607104583080
    6      3.827029568331     -4.956929625718      2.652809223072
    6      4.935460855637     -2.794001490557      2.606640870139
    6      6.231307488284     -0.707218852703      2.547579149992
    1    1
