   3   1   1 E -5.7058880100865E+02 DE-7.3E-10( 20)
  0.370158621205E+01 -0.641133538787E+01  0.000000000000E+00
  0.370158621205E+01  0.641133538787E+01  0.000000000000E+00
  0.000000000000E+00  0.000000000000E+00  0.868503800000E+01
    1
  0.100000000000E+01  0.000000000000E+00  0.000000000000E+00
  0.000000000000E+00  0.100000000000E+01  0.000000000000E+00
  0.000000000000E+00  0.000000000000E+00  0.100000000000E+01
  0.000000000000E+00  0.000000000000E+00  0.000000000000E+00
   15
    6      2.434124038181      2.856510305242      2.596696363794
    6      3.720922657521      4.912333239095      2.565960682121
    6      2.448398579137     -1.498958787972      2.708418800491
    6      3.652683080376      0.738176915801      2.599843500774
    6      3.735155031973     -3.554891406819      2.618944459212
    6      4.935433741374     -1.410710207959      2.601631697438
    6      6.218227789865      0.738138589610      2.563236462853
    6      2.406533338579      1.460069543171      2.599024823498
    6      3.642870181816      3.553959346357      2.593617423086
    6      2.526460355133     -2.857330392341      2.696324244111
    6      3.659850672043     -0.719959034919      2.636398700092
    6      4.935464762750      1.423636854448      2.563681675764
    6      3.762793452879     -4.951324232897      2.566831168955
    6      4.935416746225     -2.819137848100      2.600352810922
    6      6.211044964937     -0.719995277325      2.571708186890
    1    1
