   3   1   1 E -5.7060198195200E+02 DE 1.4E-09( 13)
  0.370158621205E+01 -0.641133538787E+01  0.000000000000E+00
  0.370158621205E+01  0.641133538787E+01  0.000000000000E+00
  0.000000000000E+00  0.000000000000E+00  0.868503800000E+01
    1
  0.100000000000E+01  0.000000000000E+00  0.000000000000E+00
  0.000000000000E+00  0.100000000000E+01  0.000000000000E+00
  0.000000000000E+00  0.000000000000E+00  0.100000000000E+01
  0.000000000000E+00  0.000000000000E+00  0.000000000000E+00
   15
    6      2.410704931682      2.830040407961      2.456044075799
    6      3.701325006805      4.864946114763      2.493993449440
    6      2.468612809496     -1.546302099579      2.719282007626
    6      3.626178148470      0.749109863883      2.635806507004
    6      3.759157696995     -3.581242691177      2.754200380580
    6      4.935307917258     -1.386704675022      2.601189705655
    6      6.244055073659      0.749311850809      2.575366752168
    6      2.336107592515      1.452239045306      2.557533473432
    6      3.585960525682      3.570033185459      2.373801412534
    6      2.584474768630     -2.840707652278      2.839997478189
    6      3.638188535809     -0.706816145662      2.665064480036
    6      4.935077765219      1.453879818439      2.611957537201
    6      3.832759669690     -4.958909265489      2.657965485874
    6      4.935106372357     -2.791461250720      2.601217449225
    6      6.232362578522     -0.706898901300      2.539250805240
    1    1
