   3   1   1 E -5.7067681847263E+02 DE-2.0E-10( 12)
  0.370158621205E+01 -0.641133538787E+01  0.000000000000E+00
  0.370158621205E+01  0.641133538787E+01  0.000000000000E+00
  0.000000000000E+00  0.000000000000E+00  0.868503800000E+01
    1
  0.100000000000E+01  0.000000000000E+00  0.000000000000E+00
  0.000000000000E+00  0.100000000000E+01  0.000000000000E+00
  0.000000000000E+00  0.000000000000E+00  0.100000000000E+01
  0.000000000000E+00  0.000000000000E+00  0.000000000000E+00
   15
    6      2.412429994072      2.990918647144      2.605519340468
    6      4.103045884459      4.864007181247      2.605395267510
    6      2.066340718247     -1.547044012570      2.605604879016
    6      3.434077262236      0.685274364404      2.605623630314
    6      4.935380670827      2.639278089959      2.604673046209
    6      3.756727590860     -3.420182121959      2.605376890100
    6      6.436922746781      0.685415682895      2.605658923373
    6      2.234573831673      1.575163685062      2.605571750469
    6      3.768186722620      3.469632791477      2.605320281247
    6      2.400951362844     -2.941478237670      2.605204689681
    6      3.099005282882     -0.678625147245      2.605934266392
    6      4.935448609164      1.234506030653      2.605823685617
    6      3.934746376916     -4.835849238538      2.605751556712
    6      4.935393039963     -2.617784423160      2.605646977021
    6      6.772149299246     -0.678492094396      2.605565815871
    1    1
