   3   1   1 E -5.7067682042036E+02 DE 1.5E-10( 11)
  0.370158621205E+01 -0.641133538787E+01  0.000000000000E+00
  0.370158621205E+01  0.641133538787E+01  0.000000000000E+00
  0.000000000000E+00  0.000000000000E+00  0.868503800000E+01
    1
  0.100000000000E+01  0.000000000000E+00  0.000000000000E+00
  0.000000000000E+00  0.100000000000E+01  0.000000000000E+00
  0.000000000000E+00  0.000000000000E+00  0.100000000000E+01
  0.000000000000E+00  0.000000000000E+00  0.000000000000E+00
   15
    6      2.412331936680      2.991082131637      2.605489095320
    6      4.103440889545      4.863786892560      2.605447130262
    6      2.065952106599     -1.547244255559      2.605615240588
    6      3.433446856879      0.685246377156      2.605623290566
    6      4.935381206574      2.639080311687      2.604752467956
    6      3.756822633199     -3.420006585291      2.605391851487
    6      6.437552819073      0.685393195797      2.605644323857
    6      2.233706866258      1.575321248282      2.605511145117
    6      3.768184616857      3.469486027676      2.605337601003
    6      2.400952851090     -2.941609623970      2.605253169835
    6      3.098542718202     -0.678617484828      2.605958797900
    6      4.935449581801      1.234393130712      2.605789718941
    6      3.935610823508     -4.835676213039      2.605701536101
    6      4.935393764339     -2.617411566275      2.605595056983
    6      6.772609722184     -0.678482389240      2.605560574084
    1    1
