   3   1   1 E -5.7065315029109E+02 DE 1.4E-10( 18)
  0.370158621205E+01 -0.641133538787E+01  0.000000000000E+00
  0.370158621205E+01  0.641133538787E+01  0.000000000000E+00
  0.000000000000E+00  0.000000000000E+00  0.868503800000E+01
    1
  0.100000000000E+01  0.000000000000E+00  0.000000000000E+00
  0.000000000000E+00  0.100000000000E+01  0.000000000000E+00
  0.000000000000E+00  0.000000000000E+00  0.100000000000E+01
  0.000000000000E+00  0.000000000000E+00  0.000000000000E+00
   15
    6      2.430803643630      2.922195483739      2.573386787987
    6      3.874654823642      4.922052005485      2.587726707728
    6      2.294743971386     -1.489721774339      2.466093433340
    6      3.566935449483      0.699447793480      2.607677742133
    6      4.935526656005      2.741490645809      2.589605394186
    6      3.738251660892     -3.488759931994      2.619898545996
    6      6.304089782674      0.699938544356      2.638585974011
    6      2.371712317225      1.519340496088      2.564824543098
    6      3.749282671227      3.524389807622      2.574648195403
    6      2.420100800428     -2.887034350754      2.582975618607
    6      3.347896656571     -0.717160746125      2.708969262710
    6      4.935477368637      1.329964867154      2.601148880089
    6      3.797326848389     -4.891078783346      2.752033652250
    6      4.935233219930     -2.743199789643      2.576768296819
    6      6.523343522670     -0.717123070230      2.638327965644
    1    1
