   3   1   1 E -5.7067641418972E+02 DE 3.1E-10( 13)
  0.370158621205E+01 -0.641133538787E+01  0.000000000000E+00
  0.370158621205E+01  0.641133538787E+01  0.000000000000E+00
  0.000000000000E+00  0.000000000000E+00  0.868503800000E+01
    1
  0.100000000000E+01  0.000000000000E+00  0.000000000000E+00
  0.000000000000E+00  0.100000000000E+01  0.000000000000E+00
  0.000000000000E+00  0.000000000000E+00  0.100000000000E+01
  0.000000000000E+00  0.000000000000E+00  0.000000000000E+00
   15
    6      2.413404945686      2.990078437384      2.605701173858
    6      4.102652570079      4.865648688259      2.605062111943
    6      2.066685478585     -1.545963945032      2.605429564676
    6      3.439399707140      0.685531593112      2.605743103023
    6      4.935448883474      2.640075794989      2.605746288867
    6      3.755936368516     -3.421426910471      2.605669588441
    6      6.431465096914      0.685469848502      2.604790201370
    6      2.243469757345      1.574416182624      2.606105642345
    6      3.768685320735      3.470707756696      2.605040094459
    6      2.400659540290     -2.940859732114      2.605117329052
    6      3.099778788079     -0.677977566834      2.605576024669
    6      4.935395293110      1.234390351083      2.605064129089
    6      3.925803908859     -4.837105648352      2.606754290240
    6      4.935411216464     -2.620302270675      2.606653046469
    6      6.771182517513     -0.677941381867      2.604218411500
    1    1
