   3   1   1 E -5.7066436448682E+02 DE 9.3E-10( 14)
  0.370158621205E+01 -0.641133538787E+01  0.000000000000E+00
  0.370158621205E+01  0.641133538787E+01  0.000000000000E+00
  0.000000000000E+00  0.000000000000E+00  0.868503800000E+01
    1
  0.100000000000E+01  0.000000000000E+00  0.000000000000E+00
  0.000000000000E+00  0.100000000000E+01  0.000000000000E+00
  0.000000000000E+00  0.000000000000E+00  0.100000000000E+01
  0.000000000000E+00  0.000000000000E+00  0.000000000000E+00
   15
    6      2.408118679458      2.962929938278      2.637502047516
    6      3.966898549017      4.878832313461      2.621982389005
    6      2.204017935111     -1.531621026922      2.666653238513
    6      3.495783954520      0.695079278346      2.588547339272
    6      4.935664469371      2.666999035663      2.635046994429
    6      3.760622779290     -3.447122167215      2.588455922396
    6      6.375121186278      0.697335195995      2.542296849938
    6      2.314810910811      1.565151766584      2.627513472101
    6      3.770866172392      3.489190687668      2.635039673949
    6      2.398853311554     -2.921245931105      2.652406574745
    6      3.158956592293     -0.696644687533      2.553328983400
    6      4.935432384151      1.267459931586      2.584692534127
    6      3.853556392193     -4.843263392924      2.533356172129
    6      4.934998844528     -2.663935677155      2.638817924307
    6      6.711677231821     -0.694404067424      2.577030884176
    1    1
