   3   1   1 E -5.7067642320280E+02 DE 4.9E-10( 13)
  0.370158621205E+01 -0.641133538787E+01  0.000000000000E+00
  0.370158621205E+01  0.641133538787E+01  0.000000000000E+00
  0.000000000000E+00  0.000000000000E+00  0.868503800000E+01
    1
  0.100000000000E+01  0.000000000000E+00  0.000000000000E+00
  0.000000000000E+00  0.100000000000E+01  0.000000000000E+00
  0.000000000000E+00  0.000000000000E+00  0.100000000000E+01
  0.000000000000E+00  0.000000000000E+00  0.000000000000E+00
   15
    6      2.412879036863      2.990262125208      2.605484077695
    6      4.102666236595      4.864844826041      2.606657827323
    6      2.066708582176     -1.546165915823      2.605677031042
    6      3.436870504742      0.685335136801      2.605037418252
    6      4.935362505129      2.639815727230      2.606272103606
    6      3.756241901931     -3.420766064772      2.604492011049
    6      6.434185033380      0.685491234346      2.605286204556
    6      2.239533943124      1.574473749427      2.605738667857
    6      3.768224975962      3.470197450631      2.605465823754
    6      2.400867435404     -2.940879841982      2.604366818512
    6      3.099883717984     -0.678427403870      2.605296129926
    6      4.935446977384      1.234556755218      2.605257414389
    6      3.929782808048     -4.836443666266      2.605304038806
    6      4.935389509391     -2.619314490848      2.605374999351
    6      6.771336224677     -0.678238424036      2.606960433882
    1    1
