   3   1   1 E -5.7067642842835E+02 DE 8.2E-11( 12)
  0.370158621205E+01 -0.641133538787E+01  0.000000000000E+00
  0.370158621205E+01  0.641133538787E+01  0.000000000000E+00
  0.000000000000E+00  0.000000000000E+00  0.868503800000E+01
    1
  0.100000000000E+01  0.000000000000E+00  0.000000000000E+00
  0.000000000000E+00  0.100000000000E+01  0.000000000000E+00
  0.000000000000E+00  0.000000000000E+00  0.100000000000E+01
  0.000000000000E+00  0.000000000000E+00  0.000000000000E+00
   15
    6      2.412361464479      2.990820735011      2.605473617538
    6      4.102781975953      4.863876204910      2.605527935415
    6      2.066638503835     -1.546970375420      2.605649770660
    6      3.434083324317      0.685260891118      2.605750841178
    6      4.935352686669      2.639301845836      2.604282533354
    6      3.756716679128     -3.420116353043      2.605208789847
    6      6.436981204656      0.685483216506      2.605718576254
    6      2.234502119568      1.575047446345      2.605560924006
    6      3.768122769024      3.469535967813      2.605263802459
    6      2.400930929684     -2.941407540545      2.605007570586
    6      3.099208268101     -0.678646539102      2.606233485307
    6      4.935463113586      1.234557087908      2.605930697809
    6      3.934819458061     -4.835756315723      2.605783873771
    6      4.935380310692     -2.617779718219      2.605558093998
    6      6.772036585034     -0.678465356091      2.605720487818
    1    1
