   3   1   1 E -5.7067637713231E+02 DE-2.2E-08(  8)
  0.370158621205E+01 -0.641133538787E+01  0.000000000000E+00
  0.370158621205E+01  0.641133538787E+01  0.000000000000E+00
  0.000000000000E+00  0.000000000000E+00  0.868503800000E+01
    1
  0.100000000000E+01  0.000000000000E+00  0.000000000000E+00
  0.000000000000E+00  0.100000000000E+01  0.000000000000E+00
  0.000000000000E+00  0.000000000000E+00  0.100000000000E+01
  0.000000000000E+00  0.000000000000E+00  0.000000000000E+00
   15
    6      2.413877282996      2.989817798694      2.604894689679
    6      4.104253060867      4.866475080717      2.596988789208
    6      2.065108782502     -1.544832933798      2.603947522488
    6      3.442799490755      0.685182139439      2.605351886666
    6      4.935429596691      2.640152087029      2.604437712147
    6      3.755373731559     -3.421469093349      2.614353702671
    6      6.428194109776      0.685276586471      2.606590389355
    6      2.248024836185      1.573881542322      2.606190489933
    6      3.769173775084      3.470860370647      2.602072568015
    6      2.400071106495     -2.940415814688      2.611767078886
    6      3.098770352780     -0.677689747727      2.606284545741
    6      4.935426425006      1.233475767793      2.606435287771
    6      3.921237817648     -4.837385704636      2.609590966033
    6      4.935361052823     -2.620986239231      2.606852112139
    6      6.772277971621     -0.677600642377      2.596913259269
    1    1
