   3   1   1 E -5.7067555299031E+02 DE 1.3E-08( 13)
  0.370158621205E+01 -0.641133538787E+01  0.000000000000E+00
  0.370158621205E+01  0.641133538787E+01  0.000000000000E+00
  0.000000000000E+00  0.000000000000E+00  0.868503800000E+01
    1
  0.100000000000E+01  0.000000000000E+00  0.000000000000E+00
  0.000000000000E+00  0.100000000000E+01  0.000000000000E+00
  0.000000000000E+00  0.000000000000E+00  0.100000000000E+01
  0.000000000000E+00  0.000000000000E+00  0.000000000000E+00
   15
    6      2.415206381418      2.983722566614      2.600426198972
    6      4.076393243187      4.867862602790      2.605039690445
    6      2.091876577244     -1.542397423936      2.609780545514
    6      3.461133444559      0.689940838095      2.594095265644
    6      4.935484749817      2.644743070659      2.604709155310
    6      3.754278819445     -3.427247303523      2.598190898427
    6      6.409780337552      0.689014086303      2.628520945111
    6      2.268973571710      1.568591651353      2.595730698105
    6      3.769279202808      3.471131723934      2.599245026651
    6      2.399653150890     -2.939885744365      2.602543957294
    6      3.096773920123     -0.670430970384      2.603719166539
    6      4.935821595380      1.235483533963      2.611566810230
    6      3.900979848915     -4.843145273982      2.610359753510
    6      4.936141991722     -2.630135572841      2.602816192708
    6      6.773602558019     -0.672506587377      2.615926695541
    1    1
