   3   1   1 E -5.7067682986110E+02 DE-1.0E-09( 17)
  0.370158621205E+01 -0.641133538787E+01  0.000000000000E+00
  0.370158621205E+01  0.641133538787E+01  0.000000000000E+00
  0.000000000000E+00  0.000000000000E+00  0.868503800000E+01
    1
  0.100000000000E+01  0.000000000000E+00  0.000000000000E+00
  0.000000000000E+00  0.100000000000E+01  0.000000000000E+00
  0.000000000000E+00  0.000000000000E+00  0.100000000000E+01
  0.000000000000E+00  0.000000000000E+00  0.000000000000E+00
   15
    6      2.412153713450      2.991894881553      2.605530953483
    6      4.105951945196      4.863110140691      2.605461044138
    6      2.063376034381     -1.548153438162      2.605509550197
    6      3.431006807429      0.685110994726      2.605541297010
    6      4.935435333181      2.638249196223      2.605504489207
    6      3.757129589129     -3.419398090171      2.605510982549
    6      6.439906303956      0.685138336461      2.605508801672
    6      2.230459528001      1.576141408259      2.605538134723
    6      3.768321070236      3.469053440538      2.605496066178
    6      2.400957605586     -2.942227727271      2.605523074207
    6      3.095889385866     -0.678456775472      2.605519056803
    6      4.935445002128      1.233806451163      2.605513094580
    6      3.938849161121     -4.835141840738      2.605515537847
    6      4.935435870628     -2.615970361541      2.605530505448
    6      6.775062042501     -0.678415418955      2.605468411958
    1    1
