   3   1   1 E -5.7062764884590E+02 DE-1.7E-09( 18)
  0.370158621205E+01 -0.641133538787E+01  0.000000000000E+00
  0.370158621205E+01  0.641133538787E+01  0.000000000000E+00
  0.000000000000E+00  0.000000000000E+00  0.868503800000E+01
    1
  0.100000000000E+01  0.000000000000E+00  0.000000000000E+00
  0.000000000000E+00  0.100000000000E+01  0.000000000000E+00
  0.000000000000E+00  0.000000000000E+00  0.100000000000E+01
  0.000000000000E+00  0.000000000000E+00  0.000000000000E+00
   15
    6      2.455984506232      2.874203762243      2.609258758561
    6      3.767953613347      4.964627048292      2.587911356655
    6      2.401328800946     -1.446700295920      2.663488939490
    6      3.650389323822      0.707741629643      2.619312154274
    6      4.935438919209      2.818740578218      2.611397019930
    6      3.713345786073     -3.537028580964      2.596855420530
    6      6.220515363776      0.707781949210      2.571048446525
    6      2.433759914422      1.460785165087      2.611631203430
    6      3.720866738158      3.553819430734      2.607813370826
    6      2.448416532951     -2.857501088295      2.624716317643
    6      3.571824907460     -0.722505332545      2.648197080333
    6      4.935445475302      1.396839362036      2.599423648769
    6      3.735545956892     -4.950464325689      2.559786022846
    6      4.935493245650     -2.823126301845      2.608878367595
    6      6.299070308550     -0.722471802901      2.562952892595
    1    1
