   3   1   1 E -5.7067681696018E+02 DE 1.0E-09( 11)
  0.370158621205E+01 -0.641133538787E+01  0.000000000000E+00
  0.370158621205E+01  0.641133538787E+01  0.000000000000E+00
  0.000000000000E+00  0.000000000000E+00  0.868503800000E+01
    1
  0.100000000000E+01  0.000000000000E+00  0.000000000000E+00
  0.000000000000E+00  0.100000000000E+01  0.000000000000E+00
  0.000000000000E+00  0.000000000000E+00  0.100000000000E+01
  0.000000000000E+00  0.000000000000E+00  0.000000000000E+00
   15
    6      2.412439082054      2.990816321222      2.605512868762
    6      4.102683397469      4.864057817140      2.605401779313
    6      2.066710619293     -1.546963671619      2.605601480313
    6      3.434329204828      0.685294285036      2.605651330067
    6      4.935375123902      2.639383839377      2.604550078655
    6      3.756703106664     -3.420256562552      2.605382166500
    6      6.436681854541      0.685450149732      2.605653062688
    6      2.234876720090      1.575061149369      2.605590602675
    6      3.768147904048      3.469670221800      2.605288525298
    6      2.400975383757     -2.941415654243      2.605167618376
    6      3.099314866968     -0.678614520259      2.606021572230
    6      4.935450468421      1.234588258455      2.605840557539
    6      3.934444601872     -4.835911200173      2.605790173035
    6      4.935389700553     -2.617944901718      2.605641263486
    6      6.771857358328     -0.678474334264      2.605577921064
    1    1
