   3   1   1 E -5.7067682573159E+02 DE 4.3E-11( 14)
  0.370158621205E+01 -0.641133538787E+01  0.000000000000E+00
  0.370158621205E+01  0.641133538787E+01  0.000000000000E+00
  0.000000000000E+00  0.000000000000E+00  0.868503800000E+01
    1
  0.100000000000E+01  0.000000000000E+00  0.000000000000E+00
  0.000000000000E+00  0.100000000000E+01  0.000000000000E+00
  0.000000000000E+00  0.000000000000E+00  0.100000000000E+01
  0.000000000000E+00  0.000000000000E+00  0.000000000000E+00
   15
    6      2.412215543757      2.991986197495      2.605449330065
    6      4.106031027779      4.863313033226      2.605619951947
    6      2.063254895173     -1.548206267956      2.605522489527
    6      3.431124967797      0.685122968737      2.605410247221
    6      4.935459500749      2.638242735489      2.605597973590
    6      3.757137309354     -3.419468115795      2.605528451431
    6      6.439729814131      0.685066571148      2.605486387504
    6      2.230729407682      1.576217653868      2.605398911845
    6      3.768356428694      3.469178587685      2.605627553730
    6      2.400997864364     -2.942296636766      2.605574807022
    6      3.095856653241     -0.678436224845      2.605433244258
    6      4.935429385460      1.233713211948      2.605510669952
    6      3.938586653599     -4.835254600174      2.605529158116
    6      4.935441426434     -2.615988193604      2.605467398730
    6      6.775028514576     -0.678449723153      2.605514425062
    1    1
