   3   1   1 E -5.7066852841025E+02 DE 5.6E-09( 15)
  0.370158621205E+01 -0.641133538787E+01  0.000000000000E+00
  0.370158621205E+01  0.641133538787E+01  0.000000000000E+00
  0.000000000000E+00  0.000000000000E+00  0.868503800000E+01
    1
  0.100000000000E+01  0.000000000000E+00  0.000000000000E+00
  0.000000000000E+00  0.100000000000E+01  0.000000000000E+00
  0.000000000000E+00  0.000000000000E+00  0.100000000000E+01
  0.000000000000E+00  0.000000000000E+00  0.000000000000E+00
   15
    6      2.407304676140      2.959056457075      2.606010587529
    6      3.968887607256      4.869471273636      2.640256544409
    6      2.202476824567     -1.540921844424      2.680327709245
    6      3.490897487954      0.701698214825      2.569437444796
    6      4.935734329563      2.667693652171      2.613012435998
    6      3.761642671719     -3.451331796461      2.618856497433
    6      6.379706581239      0.703828556239      2.604668410781
    6      2.308250045709      1.561402780161      2.584761885518
    6      3.767455988076      3.482234398929      2.615617479986
    6      2.402567343771     -2.928397622179      2.622257755134
    6      3.157834613537     -0.678733819012      2.547177754159
    6      4.935375535342      1.270362163109      2.595370216944
    6      3.860109358275     -4.847324139509      2.603197819423
    6      4.935035253156     -2.668270726495      2.609043442228
    6      6.712101076485     -0.676026350760      2.572675016416
    1    1
