   3   1   1 E -5.7067608540384E+02 DE 8.6E-11( 14)
  0.370158621205E+01 -0.641133538787E+01  0.000000000000E+00
  0.370158621205E+01  0.641133538787E+01  0.000000000000E+00
  0.000000000000E+00  0.000000000000E+00  0.868503800000E+01
    1
  0.100000000000E+01  0.000000000000E+00  0.000000000000E+00
  0.000000000000E+00  0.100000000000E+01  0.000000000000E+00
  0.000000000000E+00  0.000000000000E+00  0.100000000000E+01
  0.000000000000E+00  0.000000000000E+00  0.000000000000E+00
   15
    6      2.416378180695      2.989935507132      2.592153949708
    6      4.107546099160      4.872745305179      2.604394061816
    6      2.060562713037     -1.539678867614      2.615378575100
    6      3.453192451422      0.683273021607      2.607654304390
    6      4.935471057311      2.641232752247      2.596646214443
    6      3.752839382878     -3.421245362397      2.608926374013
    6      6.418191700041      0.683231925042      2.619065160428
    6      2.259179696182      1.571359653982      2.598091740594
    6      3.769144051971      3.472868880380      2.585961298057
    6      2.399951661870     -2.938842424068      2.601888010174
    6      3.093132948170     -0.677824151104      2.617724712431
    6      4.935702672340      1.229630613304      2.605460177385
    6      3.910812361753     -4.839752155551      2.615963952416
    6      4.935489605968     -2.623661813025      2.594101711685
    6      6.777784809990     -0.678531687808      2.619260757360
    1    1
