   3   1   1 E -5.7067186086835E+02 DE 4.3E-10( 13)
  0.370158621205E+01 -0.641133538787E+01  0.000000000000E+00
  0.370158621205E+01  0.641133538787E+01  0.000000000000E+00
  0.000000000000E+00  0.000000000000E+00  0.868503800000E+01
    1
  0.100000000000E+01  0.000000000000E+00  0.000000000000E+00
  0.000000000000E+00  0.100000000000E+01  0.000000000000E+00
  0.000000000000E+00  0.000000000000E+00  0.100000000000E+01
  0.000000000000E+00  0.000000000000E+00  0.000000000000E+00
   15
    6      2.411603861504      2.957799918621      2.630298132181
    6      3.982892264520      4.864248064553      2.633414654038
    6      2.188572253155     -1.549065379798      2.587573454809
    6      3.482774699781      0.705558661516      2.603553165033
    6      4.935757069788      2.670490315008      2.618131613128
    6      3.758401853114     -3.455143191019      2.599741842239
    6      6.386536089298      0.704959478510      2.554392760302
    6      2.294808832013      1.551195033053      2.620389107796
    6      3.759775843392      3.474758010970      2.638398525058
    6      2.410964743027     -2.938058112229      2.624084600555
    6      3.157362587480     -0.649926356689      2.598743530119
    6      4.935154774733      1.266401066845      2.585951343523
    6      3.873940972148     -4.860891050851      2.574317153107
    6      4.935607178065     -2.667995064305      2.628809365779
    6      6.711226370771     -0.649590196882      2.584871752333
    1    1
