   3   1   1 E -5.7067642719115E+02 DE 3.4E-10( 13)
  0.370158621205E+01 -0.641133538787E+01  0.000000000000E+00
  0.370158621205E+01  0.641133538787E+01  0.000000000000E+00
  0.000000000000E+00  0.000000000000E+00  0.868503800000E+01
    1
  0.100000000000E+01  0.000000000000E+00  0.000000000000E+00
  0.000000000000E+00  0.100000000000E+01  0.000000000000E+00
  0.000000000000E+00  0.000000000000E+00  0.100000000000E+01
  0.000000000000E+00  0.000000000000E+00  0.000000000000E+00
   15
    6      2.412677453345      2.991083966813      2.605385201993
    6      4.102372509225      4.864716685647      2.606946349952
    6      2.066894856321     -1.547333653639      2.606373660499
    6      3.434409961847      0.685539343679      2.604940168141
    6      4.935517458963      2.639532031928      2.605554705854
    6      3.756857123484     -3.420826306251      2.604512476289
    6      6.436253095756      0.685318556364      2.605056429747
    6      2.235811164418      1.575429008095      2.605243522965
    6      3.768271009830      3.470252959299      2.605679747799
    6      2.401277185560     -2.941693743759      2.604766891117
    6      3.099533394194     -0.678576215602      2.605652969736
    6      4.935361346596      1.234752946963      2.605948100271
    6      3.933480196340     -4.836595129098      2.604447853568
    6      4.935449936667     -2.618290350301      2.604951266050
    6      6.771212700243     -0.678568902833      2.607211656017
    1    1
