   3   1   1 E -5.7067640541523E+02 DE-8.5E-10( 12)
  0.370158621205E+01 -0.641133538787E+01  0.000000000000E+00
  0.370158621205E+01  0.641133538787E+01  0.000000000000E+00
  0.000000000000E+00  0.000000000000E+00  0.868503800000E+01
    1
  0.100000000000E+01  0.000000000000E+00  0.000000000000E+00
  0.000000000000E+00  0.100000000000E+01  0.000000000000E+00
  0.000000000000E+00  0.000000000000E+00  0.100000000000E+01
  0.000000000000E+00  0.000000000000E+00  0.000000000000E+00
   15
    6      2.413619131162      2.990116591407      2.606014000575
    6      4.103301646684      4.866031305392      2.604181081692
    6      2.066011874981     -1.545767234659      2.604949338108
    6      3.440498705870      0.685482048916      2.607414321678
    6      4.935481267402      2.640040033475      2.603408817282
    6      3.755790611139     -3.421530323665      2.605953727045
    6      6.430319589672      0.685364659123      2.606326989590
    6      2.245109916231      1.574398591668      2.606356141990
    6      3.768953576281      3.470862272992      2.605083101795
    6      2.400465772842     -2.940847100581      2.605065632071
    6      3.099219277559     -0.677811006005      2.606168093352
    6      4.935384694434      1.234025572249      2.603250074176
    6      3.924151542354     -4.837306611628      2.607652474038
    6      4.935412055305     -2.620495055588      2.607339258161
    6      6.771659730872     -0.677822545796      2.603507948448
    1    1
