   3   1   1 E -5.7067110753452E+02 DE 3.7E-11( 16)
  0.370158621205E+01 -0.641133538787E+01  0.000000000000E+00
  0.370158621205E+01  0.641133538787E+01  0.000000000000E+00
  0.000000000000E+00  0.000000000000E+00  0.868503800000E+01
    1
  0.100000000000E+01  0.000000000000E+00  0.000000000000E+00
  0.000000000000E+00  0.100000000000E+01  0.000000000000E+00
  0.000000000000E+00  0.000000000000E+00  0.100000000000E+01
  0.000000000000E+00  0.000000000000E+00  0.000000000000E+00
   15
    6      2.410763892949      2.955655091127      2.638934129543
    6      3.977795421989      4.862486518109      2.636929244418
    6      2.193879541217     -1.550594899169      2.588319452982
    6      3.483790750190      0.707506144246      2.603787638713
    6      4.935789758376      2.671567067142      2.617968361722
    6      3.759207448926     -3.457104861371      2.604531821234
    6      6.385525628057      0.707287603224      2.535094335435
    6      2.296117707691      1.550669566841      2.629216548617
    6      3.759360183336      3.474079150150      2.648355309501
    6      2.411453543560     -2.938548411218      2.626837098000
    6      3.160768278889     -0.648156231178      2.596068707699
    6      4.935144121991      1.269253883859      2.575911638706
    6      3.872507530893     -4.861110692105      2.567268792171
    6      4.935555872323     -2.671077933882      2.636788223830
    6      6.707719712402     -0.647170798472      2.576659697427
    1    1
