   3   1   1 E -5.7067064212715E+02 DE 1.1E-10( 16)
  0.370158621205E+01 -0.641133538787E+01  0.000000000000E+00
  0.370158621205E+01  0.641133538787E+01  0.000000000000E+00
  0.000000000000E+00  0.000000000000E+00  0.868503800000E+01
    1
  0.100000000000E+01  0.000000000000E+00  0.000000000000E+00
  0.000000000000E+00  0.100000000000E+01  0.000000000000E+00
  0.000000000000E+00  0.000000000000E+00  0.100000000000E+01
  0.000000000000E+00  0.000000000000E+00  0.000000000000E+00
   15
    6      2.408526842314      2.954587200181      2.615584089523
    6      3.970735364315      4.862268160447      2.571410390232
    6      2.201017233113     -1.549312324997      2.661138884479
    6      3.486844900868      0.707880157048      2.592090425118
    6      4.935792720978      2.670947345129      2.606785095793
    6      3.760990613722     -3.456967209456      2.613447366120
    6      6.383034988422      0.709001128103      2.573183189459
    6      2.301101764210      1.554079891184      2.599032349564
    6      3.761798711149      3.475645876186      2.624676479129
    6      2.408722147868     -2.935902803012      2.617711183302
    6      3.162240967124     -0.656560367244      2.610995038768
    6      4.935235498287      1.272722914065      2.581094860337
    6      3.867358719064     -4.856151879007      2.570649489544
    6      4.935294262970     -2.673276421181      2.614570268080
    6      6.706684658384     -0.654220470141      2.630301890554
    1    1
