   3   1   1 E -5.7067616261126E+02 DE 2.4E-10( 15)
  0.370158621205E+01 -0.641133538787E+01  0.000000000000E+00
  0.370158621205E+01  0.641133538787E+01  0.000000000000E+00
  0.000000000000E+00  0.000000000000E+00  0.868503800000E+01
    1
  0.100000000000E+01  0.000000000000E+00  0.000000000000E+00
  0.000000000000E+00  0.100000000000E+01  0.000000000000E+00
  0.000000000000E+00  0.000000000000E+00  0.100000000000E+01
  0.000000000000E+00  0.000000000000E+00  0.000000000000E+00
   15
    6      2.415022343774      2.986409997307      2.612769307182
    6      4.098162689473      4.871784610313      2.606245090289
    6      2.070817989203     -1.539302916192      2.594893798101
    6      3.453895390707      0.684034050830      2.588953251318
    6      4.935305488484      2.645543188769      2.597654288271
    6      3.753751760520     -3.423997007730      2.611695038070
    6      6.417784121756      0.684923908626      2.611860551784
    6      2.258370169760      1.569453949399      2.617316540678
    6      3.766067001210      3.473450373963      2.608166501608
    6      2.402772856565     -2.937041574979      2.604326169741
    6      3.109452007154     -0.679176553147      2.587709179323
    6      4.935611580695      1.236049217984      2.595570303866
    6      3.911221022266     -4.840514970914      2.610923896226
    6      4.935108070671     -2.628317866963      2.613494963854
    6      6.762036900549     -0.678557209963      2.621092119690
    1    1
