   3   1   1 E -5.7067323920748E+02 DE 2.5E-09( 13)
  0.370158621205E+01 -0.641133538787E+01  0.000000000000E+00
  0.370158621205E+01  0.641133538787E+01  0.000000000000E+00
  0.000000000000E+00  0.000000000000E+00  0.868503800000E+01
    1
  0.100000000000E+01  0.000000000000E+00  0.000000000000E+00
  0.000000000000E+00  0.100000000000E+01  0.000000000000E+00
  0.000000000000E+00  0.000000000000E+00  0.100000000000E+01
  0.000000000000E+00  0.000000000000E+00  0.000000000000E+00
   15
    6      2.412752879681      2.965344839729      2.626480154371
    6      4.004951709920      4.866220540992      2.623156348442
    6      2.165699872393     -1.545684342384      2.599009870584
    6      3.477911805261      0.700263864366      2.603514229649
    6      4.935611894973      2.663534296610      2.604998933364
    6      3.757032670836     -3.446815194832      2.615654368993
    6      6.391869032442      0.699435621009      2.566983985537
    6      2.288878687375      1.555759028506      2.617708847217
    6      3.762483907593      3.474469568060      2.629487548403
    6      2.407559418557     -2.937499205132      2.601084363910
    6      3.140735802722     -0.657167963295      2.618243965998
    6      4.935366836279      1.257001953263      2.584173756513
    6      3.880227571457     -4.856086041154      2.585792068349
    6      4.935837824513     -2.656175783327      2.627323143966
    6      6.728459478787     -0.657859985107      2.579059414704
    1    1
