   3   1   1 E -5.7067584804334E+02 DE-6.7E-11( 17)
  0.370158621205E+01 -0.641133538787E+01  0.000000000000E+00
  0.370158621205E+01  0.641133538787E+01  0.000000000000E+00
  0.000000000000E+00  0.000000000000E+00  0.868503800000E+01
    1
  0.100000000000E+01  0.000000000000E+00  0.000000000000E+00
  0.000000000000E+00  0.100000000000E+01  0.000000000000E+00
  0.000000000000E+00  0.000000000000E+00  0.100000000000E+01
  0.000000000000E+00  0.000000000000E+00  0.000000000000E+00
   15
    6      2.416434710408      2.988800408260      2.603357125653
    6      4.099674829938      4.871095121148      2.587574606442
    6      2.068183202989     -1.541145900150      2.578661991069
    6      3.455562165803      0.685747280416      2.614535361995
    6      4.935560664515      2.641280360718      2.608768638773
    6      3.753123094551     -3.422724980013      2.605479311787
    6      6.415468884238      0.684987332409      2.635523157012
    6      2.262682655834      1.571231137456      2.604187485155
    6      3.770339556990      3.472094220914      2.598252863087
    6      2.398876613845     -2.939912061787      2.583815451791
    6      3.089407366751     -0.674794033463      2.591751398831
    6      4.935753993020      1.230135987576      2.629165904765
    6      3.907413013178     -4.840717493160      2.620395249345
    6      4.935864316936     -2.624857711599      2.605787128761
    6      6.781034323792     -0.676478471422      2.615415325534
    1    1
