   3   1   1 E -5.7067682334009E+02 DE-8.5E-10( 12)
  0.370158621205E+01 -0.641133538787E+01  0.000000000000E+00
  0.370158621205E+01  0.641133538787E+01  0.000000000000E+00
  0.000000000000E+00  0.000000000000E+00  0.868503800000E+01
    1
  0.100000000000E+01  0.000000000000E+00  0.000000000000E+00
  0.000000000000E+00  0.100000000000E+01  0.000000000000E+00
  0.000000000000E+00  0.000000000000E+00  0.100000000000E+01
  0.000000000000E+00  0.000000000000E+00  0.000000000000E+00
   15
    6      2.412154550667      2.991470075364      2.605633973022
    6      4.104198171292      4.863428374606      2.605147225661
    6      2.065174729997     -1.547709955935      2.605301797810
    6      3.432201686439      0.685213982639      2.605653280096
    6      4.935401118562      2.638685580786      2.604894521361
    6      3.757050618657     -3.419712510516      2.605559290595
    6      6.438755102812      0.685308042782      2.605730097081
    6      2.231997885034      1.575707467723      2.605757986658
    6      3.768180965927      3.469255881926      2.605273212295
    6      2.401011607980     -2.941933314877      2.605222143014
    6      3.097598710530     -0.678568321657      2.605631719104
    6      4.935443718095      1.234149639903      2.605812355852
    6      3.937320499929     -4.835410911990      2.605855977535
    6      4.935407098116     -2.616667128722      2.605759082271
    6      6.773482928751     -0.678475704728      2.605438337644
    1    1
