   3   1   1 E -5.7067621143864E+02 DE-1.1E-10( 15)
  0.370158621205E+01 -0.641133538787E+01  0.000000000000E+00
  0.370158621205E+01  0.641133538787E+01  0.000000000000E+00
  0.000000000000E+00  0.000000000000E+00  0.868503800000E+01
    1
  0.100000000000E+01  0.000000000000E+00  0.000000000000E+00
  0.000000000000E+00  0.100000000000E+01  0.000000000000E+00
  0.000000000000E+00  0.000000000000E+00  0.100000000000E+01
  0.000000000000E+00  0.000000000000E+00  0.000000000000E+00
   15
    6      2.413389102836      2.985792697151      2.608409291383
    6      4.092566038169      4.866830695781      2.593725636227
    6      2.077250305135     -1.543018566104      2.610932868028
    6      3.450319201502      0.686249356903      2.617456436169
    6      4.935254432600      2.644619492558      2.609623466522
    6      3.755486248785     -3.424715519719      2.602039804961
    6      6.421054496559      0.687118837469      2.594485214071
    6      2.255148047056      1.571073899251      2.606708451740
    6      3.766886674730      3.471340727708      2.609659461356
    6      2.402036979867     -2.938568333236      2.612667592655
    6      3.111433761121     -0.677593678436      2.611430507898
    6      4.935466370818      1.238468785568      2.611655300403
    6      3.913968681899     -4.839297490875      2.600098024972
    6      4.935109206186     -2.626955415555      2.607791315919
    6      6.760009845526     -0.676604291159      2.585987627697
    1    1
