   3   1   1 E -5.7067481436422E+02 DE 1.5E-09( 15)
  0.370158621205E+01 -0.641133538787E+01  0.000000000000E+00
  0.370158621205E+01  0.641133538787E+01  0.000000000000E+00
  0.000000000000E+00  0.000000000000E+00  0.868503800000E+01
    1
  0.100000000000E+01  0.000000000000E+00  0.000000000000E+00
  0.000000000000E+00  0.100000000000E+01  0.000000000000E+00
  0.000000000000E+00  0.000000000000E+00  0.100000000000E+01
  0.000000000000E+00  0.000000000000E+00  0.000000000000E+00
   15
    6      2.414002201444      2.977119064843      2.599293658483
    6      4.048800053980      4.865517110323      2.626101361417
    6      2.120490005101     -1.543865745586      2.596583890494
    6      3.467008043444      0.694022870911      2.602266306544
    6      4.935407740853      2.650766048161      2.599125896391
    6      3.755420394730     -3.433628289494      2.616430709983
    6      6.403633842139      0.693273134094      2.611381999187
    6      2.276346617122      1.564366938182      2.591726097620
    6      3.767464374078      3.471327289908      2.600860894429
    6      2.401500049695     -2.939109164572      2.604775339128
    6      3.109975858638     -0.665426112312      2.587221901377
    6      4.935729773708      1.242744374184      2.604387637127
    6      3.893295565777     -4.846920455485      2.612242900632
    6      4.936174724293     -2.638416125313      2.601114680091
    6      6.760130147787     -0.667029740541      2.629157727097
    1    1
