   3   1   1 E -5.7067633143682E+02 DE 5.5E-10( 14)
  0.370158621205E+01 -0.641133538787E+01  0.000000000000E+00
  0.370158621205E+01  0.641133538787E+01  0.000000000000E+00
  0.000000000000E+00  0.000000000000E+00  0.868503800000E+01
    1
  0.100000000000E+01  0.000000000000E+00  0.000000000000E+00
  0.000000000000E+00  0.100000000000E+01  0.000000000000E+00
  0.000000000000E+00  0.000000000000E+00  0.100000000000E+01
  0.000000000000E+00  0.000000000000E+00  0.000000000000E+00
   15
    6      2.413922365819      2.989888234988      2.604957938321
    6      4.104400060647      4.866293011149      2.594238710898
    6      2.065013472688     -1.545049488885      2.603434640763
    6      3.443704026465      0.685369115309      2.606558454779
    6      4.935432882126      2.639953525884      2.602325713248
    6      3.755393444496     -3.421544216351      2.617471723809
    6      6.427225646575      0.685418541354      2.607597379166
    6      2.249306715713      1.574106541404      2.605281043678
    6      3.769773528024      3.470661239033      2.603072598495
    6      2.399548151305     -2.940627327557      2.616145225062
    6      3.098054987987     -0.677449720389      2.606777054623
    6      4.935408388673      1.233341317762      2.606736457830
    6      3.919903083326     -4.837389747859      2.608768624573
    6      4.935351918719     -2.620850502657      2.606150496842
    6      6.772940720227     -0.677379325880      2.593154937912
    1    1
