   3   1   1 E -5.7066118078145E+02 DE 1.0E-09( 18)
  0.370158621205E+01 -0.641133538787E+01  0.000000000000E+00
  0.370158621205E+01  0.641133538787E+01  0.000000000000E+00
  0.000000000000E+00  0.000000000000E+00  0.868503800000E+01
    1
  0.100000000000E+01  0.000000000000E+00  0.000000000000E+00
  0.000000000000E+00  0.100000000000E+01  0.000000000000E+00
  0.000000000000E+00  0.000000000000E+00  0.100000000000E+01
  0.000000000000E+00  0.000000000000E+00  0.000000000000E+00
   15
    6      2.409826075287      2.961960367184      2.650366370253
    6      3.961085209924      4.884941059742      2.569355304547
    6      2.209443983447     -1.526305783015      2.670409858187
    6      3.501396511002      0.693103073292      2.569076838390
    6      4.935625737223      2.671442629806      2.645612312676
    6      3.758867706047     -3.448244814230      2.614668627646
    6      6.369586651557      0.695015277576      2.518962291692
    6      2.320286894063      1.563820041520      2.641758985173
    6      3.770739658849      3.493943764964      2.639924154285
    6      2.398907860364     -2.916834443960      2.679225727029
    6      3.170180233431     -0.703759176977      2.519568350163
    6      4.935443709124      1.270106502476      2.562433604823
    6      3.848167385546     -4.844741141306      2.617022305324
    6      4.934946908362     -2.667509785211      2.655003930738
    6      6.700874868564     -0.702196374559      2.529282339074
    1    1
