   3   1   1 E -5.7067642821274E+02 DE-1.2E-11( 13)
  0.370158621205E+01 -0.641133538787E+01  0.000000000000E+00
  0.370158621205E+01  0.641133538787E+01  0.000000000000E+00
  0.000000000000E+00  0.000000000000E+00  0.868503800000E+01
    1
  0.100000000000E+01  0.000000000000E+00  0.000000000000E+00
  0.000000000000E+00  0.100000000000E+01  0.000000000000E+00
  0.000000000000E+00  0.000000000000E+00  0.100000000000E+01
  0.000000000000E+00  0.000000000000E+00  0.000000000000E+00
   15
    6      2.412317115556      2.990869301580      2.605388119436
    6      4.102297069374      4.863866385398      2.605071888166
    6      2.067126661668     -1.547165395005      2.605854601819
    6      3.433659898871      0.685364747718      2.605397883781
    6      4.935388437940      2.639392157758      2.606827317859
    6      3.756853513897     -3.420260955994      2.605813528819
    6      6.437310173887      0.685526400666      2.605379778312
    6      2.234055155607      1.575164701548      2.605113062811
    6      3.768040233117      3.469618052093      2.605602462751
    6      2.401117308174     -2.941498618936      2.606410788017
    6      3.099620996661     -0.678741519162      2.605406257286
    6      4.935435802857      1.234822065215      2.605186184737
    6      3.935248602159     -4.835885477700      2.605109571797
    6      4.935391264097     -2.617794361704      2.605240420574
    6      6.771517158925     -0.678536286169      2.604869133834
    1    1
