   3   1   1 E -5.7067630996503E+02 DE 2.0E-09( 13)
  0.370158621205E+01 -0.641133538787E+01  0.000000000000E+00
  0.370158621205E+01  0.641133538787E+01  0.000000000000E+00
  0.000000000000E+00  0.000000000000E+00  0.868503800000E+01
    1
  0.100000000000E+01  0.000000000000E+00  0.000000000000E+00
  0.000000000000E+00  0.100000000000E+01  0.000000000000E+00
  0.000000000000E+00  0.000000000000E+00  0.100000000000E+01
  0.000000000000E+00  0.000000000000E+00  0.000000000000E+00
   15
    6      2.413613848297      2.987447449698      2.607717916278
    6      4.096696795649      4.866240527236      2.600226685213
    6      2.072999049888     -1.544447615767      2.609214874785
    6      3.447759843762      0.686353394872      2.613012757858
    6      4.935372521911      2.642653375861      2.611720173287
    6      3.755590335151     -3.423767585066      2.601876149277
    6      6.423273425100      0.686721925677      2.596266490892
    6      2.253138420335      1.572629156104      2.605675055500
    6      3.768489522096      3.470942589482      2.608998259811
    6      2.400760480055     -2.939768245165      2.609461508793
    6      3.105902775219     -0.677169649148      2.609164633019
    6      4.935403169964      1.236712714578      2.609100437205
    6      3.915955139247     -4.838658158273      2.601013099889
    6      4.935223134101     -2.624509244511      2.607260030807
    6      6.765200932014     -0.676639438272      2.591962927387
    1    1
