   2   1   1 E -6.8543005109117E+02 DE 5.1E-06( 11)
  0.370158621205E+01 -0.641133538787E+01  0.000000000000E+00
  0.370158621205E+01  0.641133538787E+01  0.000000000000E+00
  0.000000000000E+00  0.000000000000E+00  0.500000000000E+03
    1
  0.100000000000E+01  0.000000000000E+00  0.000000000000E+00
  0.000000000000E+00  0.100000000000E+01  0.000000000000E+00
  0.000000000000E+00  0.000000000000E+00  0.100000000000E+01
  0.000000000000E+00  0.000000000000E+00  0.000000000000E+00
   18
    6      1.233862070683      0.712370598652      2.605511400000
    6      2.467724141366      2.849482394607      2.605511400000
    6      3.701586212049      4.986594190562      2.605511400000
    6      2.467724141366     -1.424741197304      2.605511400000
    6      3.701586212049      0.712370598652      2.605511400000
    6      4.935448282733      2.849482394607      2.605511400000
    6      3.701586212049     -3.561852993259      2.605511400000
    6      4.935448282733     -1.424741197304      2.605511400000
    6      6.169310353416      0.712370598652      2.605511400000
    6      1.233862070683     -0.712370598652      2.605511400000
    6      2.467724141366      1.424741197304      2.605511400000
    6      3.701586212049      3.561852993259      2.605511400000
    6      2.467724141366     -2.849482394607      2.605511400000
    6      3.701586212049     -0.712370598652      2.605511400000
    6      4.935448282733      1.424741197304      2.605511400000
    6      3.701586212049     -4.986594190562      2.605511400000
    6      4.935448282733     -2.849482394607      2.605511400000
    6      6.169310353416     -0.712370598652      2.605511400000
    1    1
