   3   1   1 E -6.0880372750090E+02 DE-2.7E-10( 12)
  0.370158621205E+01 -0.641133538787E+01  0.000000000000E+00
  0.370158621205E+01  0.641133538787E+01  0.000000000000E+00
  0.000000000000E+00  0.000000000000E+00  0.868503800000E+01
    1
  0.100000000000E+01  0.000000000000E+00  0.000000000000E+00
  0.000000000000E+00  0.100000000000E+01  0.000000000000E+00
  0.000000000000E+00  0.000000000000E+00  0.100000000000E+01
  0.000000000000E+00  0.000000000000E+00  0.000000000000E+00
   16
    6      2.454849079016      2.854063492704      2.604859949530
    6      3.718096863039      4.993527921311      2.604906331260
    6      2.451230696395     -1.417835109222      2.604034246278
    6      3.571322733283      0.655051410728      2.608361898885
    6      4.935432624476      2.890022832516      2.603767790046
    6      3.714450588891     -3.557308975465      2.605591113270
    6      4.935448619190     -1.422509806984      2.605652983920
    6      6.299606435425      0.655100308134      2.607687114003
    6      1.233880724199     -0.752912675592      2.603960969415
    6      2.597970307416      1.482066195506      2.604919932442
    6      3.718083282413      3.554944442046      2.604670985769
    6      2.451215192950     -2.856418832107      2.603967457591
    6      3.714456560118     -0.716951655161      2.605813473108
    6      3.571299320292     -4.929326121011      2.608756982855
    6      4.935449035172     -2.851710273772      2.605013267458
    6      6.156449401198     -0.716914949588      2.606217904171
    1    1
