   3   1   1 E -6.0880389715696E+02 DE-2.2E-11( 12)
  0.370158621205E+01 -0.641133538787E+01  0.000000000000E+00
  0.370158621205E+01  0.641133538787E+01  0.000000000000E+00
  0.000000000000E+00  0.000000000000E+00  0.868503800000E+01
    1
  0.100000000000E+01  0.000000000000E+00  0.000000000000E+00
  0.000000000000E+00  0.100000000000E+01  0.000000000000E+00
  0.000000000000E+00  0.000000000000E+00  0.100000000000E+01
  0.000000000000E+00  0.000000000000E+00  0.000000000000E+00
   16
    6      2.454856052552      2.853983217695      2.605633359266
    6      3.718274088988      4.993484928827      2.605357779075
    6      2.451047213246     -1.417849471885      2.605249158279
    6      3.571333336964      0.655214843178      2.604756851379
    6      4.935440285266      2.889472320477      2.605288000082
    6      3.714441914028     -3.557341695635      2.605673476980
    6      4.935451662171     -1.422455968667      2.605796164267
    6      6.299581412581      0.655193237577      2.606371047878
    6      1.233870632058     -0.752361087210      2.604831148505
    6      2.597972753365      1.481896580516      2.605507121355
    6      3.718264722751      3.554960557523      2.605553366045
    6      2.451036762804     -2.856373678049      2.605327532730
    6      3.714452953652     -0.716871447729      2.605535037927
    6      3.571317561814     -4.929416701703      2.605831060105
    6      4.935445114122     -2.851765769982      2.605741005455
    6      6.156454997110     -0.716881660887      2.605730290672
    1    1
