   3   1   1 E -6.0880372866874E+02 DE-1.7E-11( 12)
  0.370158621205E+01 -0.641133538787E+01  0.000000000000E+00
  0.370158621205E+01  0.641133538787E+01  0.000000000000E+00
  0.000000000000E+00  0.000000000000E+00  0.868503800000E+01
    1
  0.100000000000E+01  0.000000000000E+00  0.000000000000E+00
  0.000000000000E+00  0.100000000000E+01  0.000000000000E+00
  0.000000000000E+00  0.000000000000E+00  0.100000000000E+01
  0.000000000000E+00  0.000000000000E+00  0.000000000000E+00
   16
    6      2.454865974790      2.854010426267      2.605530360045
    6      3.718266942285      4.993470745907      2.605726426099
    6      2.451054919499     -1.417858423855      2.605643159607
    6      3.571376251284      0.655173212583      2.603992633576
    6      4.935441881452      2.889484264315      2.605884212559
    6      3.714430744530     -3.557306434339      2.605754405885
    6      4.935452546023     -1.422460515585      2.605304985615
    6      6.299535353656      0.655138936267      2.606065969416
    6      1.233869838652     -0.752372429441      2.605743749270
    6      2.597925739173      1.481938708012      2.605452836605
    6      3.718258121632      3.554969312791      2.605494390281
    6      2.451044561527     -2.856359645348      2.606038821934
    6      3.714442236400     -0.716898982140      2.604800268739
    6      3.571365060800     -4.929363019111      2.605314854101
    6      4.935444554888     -2.851760735777      2.605598256663
    6      6.156466736881     -0.716917216501      2.605837069605
    1    1
