   3   1   1 E -6.0880371576715E+02 DE-3.6E-11( 14)
  0.370158621205E+01 -0.641133538787E+01  0.000000000000E+00
  0.370158621205E+01  0.641133538787E+01  0.000000000000E+00
  0.000000000000E+00  0.000000000000E+00  0.868503800000E+01
    1
  0.100000000000E+01  0.000000000000E+00  0.000000000000E+00
  0.000000000000E+00  0.100000000000E+01  0.000000000000E+00
  0.000000000000E+00  0.000000000000E+00  0.100000000000E+01
  0.000000000000E+00  0.000000000000E+00  0.000000000000E+00
   16
    6      2.454647110426      2.853633399130      2.605893243621
    6      3.717450505718      4.993884498091      2.605402742929
    6      2.451859850581     -1.417420800843      2.605388960020
    6      3.570541625990      0.655530075498      2.604186492027
    6      4.935441478860      2.892304294375      2.606277779122
    6      3.714638915862     -3.557656779971      2.606145333208
    6      4.935453880888     -1.422629491629      2.605298738196
    6      6.300385037476      0.655462655163      2.604377914937
    6      1.233860511878     -0.755207062956      2.605042396386
    6      2.598804702201      1.481577194979      2.605914262247
    6      3.717442387122      3.554532649811      2.605881483104
    6      2.451849528441     -2.856777549388      2.605954141782
    6      3.714663487179     -0.716515861288      2.604996191348
    6      3.570510775049     -4.929678515755      2.606540159167
    6      4.935437014380     -2.851590499286      2.605857712519
    6      6.156254651420     -0.716560001887      2.605024849387
    1    1
