   3   1   1 E -6.0880389726529E+02 DE-8.7E-10(  9)
  0.370158621205E+01 -0.641133538787E+01  0.000000000000E+00
  0.370158621205E+01  0.641133538787E+01  0.000000000000E+00
  0.000000000000E+00  0.000000000000E+00  0.868503800000E+01
    1
  0.100000000000E+01  0.000000000000E+00  0.000000000000E+00
  0.000000000000E+00  0.100000000000E+01  0.000000000000E+00
  0.000000000000E+00  0.000000000000E+00  0.100000000000E+01
  0.000000000000E+00  0.000000000000E+00  0.000000000000E+00
   16
    6      2.454868807336      2.854069697944      2.605678621243
    6      3.718313725681      4.993458135274      2.605554574931
    6      2.451007132955     -1.417885405198      2.605574928932
    6      3.571100388567      0.655081137468      2.606044218165
    6      4.935438195679      2.889365343557      2.605471953896
    6      3.714431099025     -3.557272666775      2.605338766930
    6      4.935449976115     -1.422476696955      2.605772834120
    6      6.299821654374      0.655087580013      2.604789714625
    6      1.233872124869     -0.752254347811      2.605325388061
    6      2.598209482456      1.482032063431      2.605646688625
    6      3.718303083181      3.554996529815      2.605691632771
    6      2.450996628409     -2.856346797597      2.605462365788
    6      3.714440942638     -0.716957671077      2.605798965994
    6      3.571075760984     -4.929311345994      2.604895333695
    6      4.935446637616     -2.851746478556      2.605658930444
    6      6.156465823587     -0.716950873495      2.605477481780
    1    1
