   3   1   1 E -6.0880389784629E+02 DE-1.3E-08(  7)
  0.370158621205E+01 -0.641133538787E+01  0.000000000000E+00
  0.370158621205E+01  0.641133538787E+01  0.000000000000E+00
  0.000000000000E+00  0.000000000000E+00  0.868503800000E+01
    1
  0.100000000000E+01  0.000000000000E+00  0.000000000000E+00
  0.000000000000E+00  0.100000000000E+01  0.000000000000E+00
  0.000000000000E+00  0.000000000000E+00  0.100000000000E+01
  0.000000000000E+00  0.000000000000E+00  0.000000000000E+00
   16
    6      2.454868494670      2.854049968306      2.605646006744
    6      3.718312012273      4.993457444279      2.605483653102
    6      2.451006791115     -1.417872373140      2.605530593523
    6      3.571119101451      0.655110426978      2.605891268397
    6      4.935441966843      2.889371318946      2.605568117471
    6      3.714430013417     -3.557270251643      2.605321504448
    6      4.935451694815     -1.422475135399      2.605647359087
    6      6.299795231231      0.655082919121      2.605057829739
    6      1.233868137834     -0.752259949289      2.605496229570
    6      2.598191968380      1.482001432306      2.605666916618
    6      3.718303409901      3.554983970448      2.605634542541
    6      2.450998143156     -2.856345784877      2.605419181927
    6      3.714441634960     -0.716938025623      2.605736477808
    6      3.571101558198     -4.929306528554      2.605116517346
    6      4.935444741748     -2.851748088995      2.605596687147
    6      6.156466563481     -0.716953138819      2.605369514531
    1    1
