   3   1   1 E -6.0880371765390E+02 DE 2.8E-11( 13)
  0.370158621205E+01 -0.641133538787E+01  0.000000000000E+00
  0.370158621205E+01  0.641133538787E+01  0.000000000000E+00
  0.000000000000E+00  0.000000000000E+00  0.868503800000E+01
    1
  0.100000000000E+01  0.000000000000E+00  0.000000000000E+00
  0.000000000000E+00  0.100000000000E+01  0.000000000000E+00
  0.000000000000E+00  0.000000000000E+00  0.100000000000E+01
  0.000000000000E+00  0.000000000000E+00  0.000000000000E+00
   16
    6      2.454686201183      2.853712048222      2.604767610716
    6      3.717548025856      4.993811587351      2.605863627711
    6      2.451765070501     -1.417502403724      2.605975020342
    6      3.570596723625      0.655439724584      2.607728337310
    6      4.935439885643      2.891940707363      2.603930554496
    6      3.714601291499     -3.557591118232      2.604163642705
    6      4.935452970691     -1.422601567729      2.605982740527
    6      6.300331126602      0.655390319931      2.607715993688
    6      1.233863555232     -0.754841442877      2.606740053305
    6      2.598742691796      1.481669201173      2.604769249697
    6      3.717538991157      3.554613814454      2.604789302099
    6      2.451753698916     -2.856704452549      2.604707745492
    6      3.714623326213     -0.716595145062      2.606597511124
    6      3.570566258823     -4.929607838572      2.603087427602
    6      4.935438597793     -2.851618316840      2.604819583191
    6      6.156293047941     -0.716626913449      2.606543999994
    1    1
