   3   1   1 E -6.0880297200884E+02 DE-2.4E-09( 15)
  0.370158621205E+01 -0.641133538787E+01  0.000000000000E+00
  0.370158621205E+01  0.641133538787E+01  0.000000000000E+00
  0.000000000000E+00  0.000000000000E+00  0.868503800000E+01
    1
  0.100000000000E+01  0.000000000000E+00  0.000000000000E+00
  0.000000000000E+00  0.100000000000E+01  0.000000000000E+00
  0.000000000000E+00  0.000000000000E+00  0.100000000000E+01
  0.000000000000E+00  0.000000000000E+00  0.000000000000E+00
   16
    6      2.451440875426      2.845081304335      2.605512992297
    6      3.715333955223      4.998324113446      2.605510144912
    6      2.453934798175     -1.413036733290      2.605513393547
    6      3.589050585065      0.673105560882      2.605504992426
    6      4.935461507693      2.891962028835      2.605517140586
    6      3.718024024470     -3.566185717343      2.605514778646
    6      4.935452144857     -1.422876165678      2.605509657887
    6      6.281769053458      0.673167963146      2.605503768478
    6      1.233831108352     -0.754813095942      2.605510979306
    6      2.580118127015      1.463861253198      2.605513152242
    6      3.715374161840      3.550215724181      2.605513298658
    6      2.453966765337     -2.861154981911      2.605516312928
    6      3.717992326340     -0.708026292433      2.605510619319
    6      3.589112670616     -4.947347582802      2.605511410830
    6      4.935499894586     -2.851383262383      2.605512763272
    6      6.152879465018     -0.708005912198      2.605506994665
    1    1
