   3   1   1 E -6.0879290123992E+02 DE-4.5E-10( 14)
  0.370158621205E+01 -0.641133538787E+01  0.000000000000E+00
  0.370158621205E+01  0.641133538787E+01  0.000000000000E+00
  0.000000000000E+00  0.000000000000E+00  0.868503800000E+01
    1
  0.100000000000E+01  0.000000000000E+00  0.000000000000E+00
  0.000000000000E+00  0.100000000000E+01  0.000000000000E+00
  0.000000000000E+00  0.000000000000E+00  0.100000000000E+01
  0.000000000000E+00  0.000000000000E+00  0.000000000000E+00
   16
    6      2.461917010423      2.825673845865      2.605511171580
    6      3.712987876133      4.997364274246      2.605511893900
    6      2.456350858282     -1.414022676118      2.605510876711
    6      3.633752859755      0.716512721794      2.605511641367
    6      4.935488658248      2.875331244044      2.605510322793
    6      3.707550481397     -3.585735616965      2.605511013380
    6      4.935445523021     -1.414782271168      2.605511543020
    6      6.236971178092      0.716517477360      2.605512834194
    6      1.233883100223     -0.738194647306      2.605511289787
    6      2.535189513253      1.420624340204      2.605511302761
    6      3.713030284025      3.551162272650      2.605511257469
    6      2.456383309279     -2.860238944886      2.605510564762
    6      3.707478545183     -0.688536674693      2.605510993183
    6      3.633940376560     -4.990772958916      2.605512255236
    6      4.935488060214     -2.859494522191      2.605511152087
    6      6.163383829385     -0.688519659875      2.605512287768
    1    1
