   3   1   1 E -6.0880362529778E+02 DE 6.9E-09( 12)
  0.370158621205E+01 -0.641133538787E+01  0.000000000000E+00
  0.370158621205E+01  0.641133538787E+01  0.000000000000E+00
  0.000000000000E+00  0.000000000000E+00  0.868503800000E+01
    1
  0.100000000000E+01  0.000000000000E+00  0.000000000000E+00
  0.000000000000E+00  0.100000000000E+01  0.000000000000E+00
  0.000000000000E+00  0.000000000000E+00  0.100000000000E+01
  0.000000000000E+00  0.000000000000E+00  0.000000000000E+00
   16
    6      2.453912864473      2.852585906298      2.605483129908
    6      3.717449255263      4.995451425623      2.605520492418
    6      2.451863151366     -1.415918650527      2.605508280552
    6      3.576418791228      0.656969819744      2.605615551032
    6      4.935446821342      2.893677231264      2.605444813506
    6      3.715433871300     -3.558757625676      2.605464559819
    6      4.935455885519     -1.423466969166      2.605529461661
    6      6.294462795051      0.657014794339      2.605600121782
    6      1.233882526089     -0.756582483403      2.605536989795
    6      2.592803003263      1.480138912628      2.605482070885
    6      3.717439919577      3.553034387402      2.605483019665
    6      2.451865543689     -2.858333481967      2.605465862604
    6      3.715422756540     -0.715490238905      2.605544152638
    6      3.576434956164     -4.931222491423      2.605464064266
    6      4.935468662843     -2.850764163575      2.605486417022
    6      6.155480659766     -0.715448168614      2.605553412448
    1    1
