   3   1   1 E -6.0880389731953E+02 DE-1.3E-11( 12)
  0.370158621205E+01 -0.641133538787E+01  0.000000000000E+00
  0.370158621205E+01  0.641133538787E+01  0.000000000000E+00
  0.000000000000E+00  0.000000000000E+00  0.868503800000E+01
    1
  0.100000000000E+01  0.000000000000E+00  0.000000000000E+00
  0.000000000000E+00  0.100000000000E+01  0.000000000000E+00
  0.000000000000E+00  0.000000000000E+00  0.100000000000E+01
  0.000000000000E+00  0.000000000000E+00  0.000000000000E+00
   16
    6      2.454864565511      2.854043296546      2.605450487022
    6      3.718291238862      4.993473354818      2.605624571164
    6      2.451031916788     -1.417877618634      2.605697561887
    6      3.571248565532      0.655123304199      2.604918684527
    6      4.935436097237      2.889420348693      2.605841751571
    6      3.714435914310     -3.557308657641      2.605649957158
    6      4.935449483494     -1.422467331191      2.605258262934
    6      6.299674647832      0.655142925780      2.605520816268
    6      1.233875130007     -0.752309202888      2.605988742398
    6      2.598056271224      1.481990160682      2.605375028934
    6      3.718279676812      3.554988328925      2.605473691157
    6      2.451019863560     -2.856362333551      2.605840147555
    6      3.714444238146     -0.716931500077      2.605230269469
    6      3.571224732397     -4.929366967924      2.605386959333
    6      4.935447539065     -2.851754881510      2.605470650283
    6      6.156461582696     -0.716915022184      2.605454818342
    1    1
