   3   1   1 E -5.7045588074522E+02 DE-1.2E-10( 15)
  0.370158621205E+01 -0.641133538787E+01  0.000000000000E+00
  0.370158621205E+01  0.641133538787E+01  0.000000000000E+00
  0.000000000000E+00  0.000000000000E+00  0.868503800000E+01
    1
  0.100000000000E+01  0.000000000000E+00  0.000000000000E+00
  0.000000000000E+00  0.100000000000E+01  0.000000000000E+00
  0.000000000000E+00  0.000000000000E+00  0.100000000000E+01
  0.000000000000E+00  0.000000000000E+00  0.000000000000E+00
   15
    6      3.577962719248      4.693853707173      2.549709555900
    6      2.302145419328     -1.183789025412      2.391770569817
    6      3.899704055069      0.921078957778      2.560005699710
    6      5.274310268014      2.875407524417      2.890309098943
    6      4.678153126983     -1.362954239842      2.049867647562
    6      6.315684182718      0.486131103345      3.076346770805
    6      0.945341132013     -0.756942562476      2.423742141262
    6      3.095171176903      1.992220166641      2.778374735829
    6      3.872971455371      3.324209603444      2.699839473627
    6      2.649560513063     -2.608909414901      2.665881623722
    6      3.588202447453     -0.472766926348      2.554308646348
    6      5.288142459802      1.426821719989      2.606535450960
    6      3.767413354651     -5.922270792502      1.902261324144
    6      3.935903902440     -2.468203014403      3.421203720528
    6      6.034713179734     -0.943886806902      2.512514540840
    1    1
