   3   1   1 E -5.7058688445965E+02 DE-4.5E-13( 25)
  0.370158621205E+01 -0.641133538787E+01  0.000000000000E+00
  0.370158621205E+01  0.641133538787E+01  0.000000000000E+00
  0.000000000000E+00  0.000000000000E+00  0.868503800000E+01
    1
  0.100000000000E+01  0.000000000000E+00  0.000000000000E+00
  0.000000000000E+00  0.100000000000E+01  0.000000000000E+00
  0.000000000000E+00  0.000000000000E+00  0.100000000000E+01
  0.000000000000E+00  0.000000000000E+00  0.000000000000E+00
   15
    6      3.575610842417      4.655003291613      2.522258186906
    6      2.325012928580     -1.156758498991      2.650576245233
    6      3.837588848532      0.983624052524      2.589682902929
    6      5.282426490046      2.832675575974      2.586631523005
    6      4.683222131124     -1.355562420462      2.830322372669
    6      6.294957109700      0.446359265871      2.222571274655
    6      0.950478850421     -0.788375502925      2.393584318843
    6      2.966990953119      2.268791966736      2.712845057262
    6      3.886548636268      3.251641490086      2.649044629011
    6      2.617867078682     -2.565794424647      2.908278349914
    6      3.590930433867     -0.435431939911      2.346985386526
    6      5.288228029750      1.390625086042      2.818104712890
    6      3.921086636752     -5.994625264784      2.826718788940
    6      3.992457760581     -2.574298022724      2.509470882897
    6      6.011972662952     -0.957874654402      2.515596368319
    1    1
