   3   1   1 E -5.7034501090203E+02 DE 5.6E-10( 26)
  0.370158621205E+01 -0.641133538787E+01  0.000000000000E+00
  0.370158621205E+01  0.641133538787E+01  0.000000000000E+00
  0.000000000000E+00  0.000000000000E+00  0.868503800000E+01
    1
  0.100000000000E+01  0.000000000000E+00  0.000000000000E+00
  0.000000000000E+00  0.100000000000E+01  0.000000000000E+00
  0.000000000000E+00  0.000000000000E+00  0.100000000000E+01
  0.000000000000E+00  0.000000000000E+00  0.000000000000E+00
   15
    6      3.572082688755      4.712701222532      2.545868457870
    6      2.288816130127     -1.165435126359      2.366282030447
    6      3.907623734077      0.915016922700      2.560586761789
    6      5.282111067150      2.881362464031      2.937670860861
    6      4.667310824111     -1.357392989307      1.970889302295
    6      6.293721220810      0.478250159582      3.179168063402
    6      0.930753885755     -0.722124628566      2.463770081014
    6      3.104477866265      1.962617923404      2.769555392298
    6      3.873249549610      3.347981985716      2.703554801388
    6      2.652889662601     -2.612375395214      2.637192406875
    6      3.577471455646     -0.468040285986      2.610614500874
    6      5.300477414649      1.427372916332      2.552676362534
    6      3.801485083466     -5.968684698981      1.790101720215
    6      3.938358489825     -2.476368959072      3.501324106922
    6      6.034550319941     -0.954881510813      2.493416151216
    1    1
