   3   1   1 E -5.7074310045329E+02 DE 1.7E-09( 30)
  0.370158621205E+01 -0.641133538787E+01  0.000000000000E+00
  0.370158621205E+01  0.641133538787E+01  0.000000000000E+00
  0.000000000000E+00  0.000000000000E+00  0.868503800000E+01
    1
  0.100000000000E+01  0.000000000000E+00  0.000000000000E+00
  0.000000000000E+00  0.100000000000E+01  0.000000000000E+00
  0.000000000000E+00  0.000000000000E+00  0.100000000000E+01
  0.000000000000E+00  0.000000000000E+00  0.000000000000E+00
   15
    6      3.537576856556      4.686862712290      2.614253052330
    6      2.293316478999     -1.139219802767      2.549332585300
    6      3.845766421298      0.965475041200      2.624060317464
    6      5.270746552258      2.857626520206      2.628849251810
    6      4.639562456565     -1.422379755668      2.652990768565
    6      6.320307705273      0.451584120462      2.536276359155
    6      0.941494164089     -0.717770537976      2.548209130871
    6      3.030866515617      2.133069905748      2.603189080002
    6      3.842589724793      3.305078127383      2.600957625440
    6      2.615603842517     -2.595119952714      2.656611223227
    6      3.540572728480     -0.417455718966      2.570538331546
    6      5.276441859301      1.417808615541      2.619849393347
    6      4.049081015456     -5.840660394773      2.396208920934
    6      4.026075675918     -2.684170698190      2.865193042796
    6      5.995377395671     -1.000728181775      2.616151917210
    1    1
