   3   1   1 E -5.7034392484891E+02 DE 6.9E-10( 27)
  0.370158621205E+01 -0.641133538787E+01  0.000000000000E+00
  0.370158621205E+01  0.641133538787E+01  0.000000000000E+00
  0.000000000000E+00  0.000000000000E+00  0.868503800000E+01
    1
  0.100000000000E+01  0.000000000000E+00  0.000000000000E+00
  0.000000000000E+00  0.100000000000E+01  0.000000000000E+00
  0.000000000000E+00  0.000000000000E+00  0.100000000000E+01
  0.000000000000E+00  0.000000000000E+00  0.000000000000E+00
   15
    6      3.571007522366      4.713206021506      2.545359997957
    6      2.286519825734     -1.163131994589      2.365702042095
    6      3.908778572074      0.915116006634      2.561115793305
    6      5.281279621796      2.881373032159      2.941677599576
    6      4.667054712238     -1.357961381202      1.969556068920
    6      6.294022826224      0.476561345480      3.178267328698
    6      0.927756547665     -0.718277486058      2.463369648373
    6      3.106681009587      1.965377885936      2.767953221820
    6      3.871688221745      3.346959024954      2.704010571368
    6      2.651417421845     -2.610788441706      2.640584441645
    6      3.577060680115     -0.468132961267      2.609371412421
    6      5.301658440732      1.427526291862      2.553889458382
    6      3.808247141644     -5.974248504165      1.781872564813
    6      3.938683129603     -2.477302527746      3.507653341307
    6      6.033523719422     -0.956276311798      2.492287509322
    1    1
