   3   1   1 E -5.7054852061766E+02 DE-1.7E-11( 15)
  0.370158621205E+01 -0.641133538787E+01  0.000000000000E+00
  0.370158621205E+01  0.641133538787E+01  0.000000000000E+00
  0.000000000000E+00  0.000000000000E+00  0.868503800000E+01
    1
  0.100000000000E+01  0.000000000000E+00  0.000000000000E+00
  0.000000000000E+00  0.100000000000E+01  0.000000000000E+00
  0.000000000000E+00  0.000000000000E+00  0.100000000000E+01
  0.000000000000E+00  0.000000000000E+00  0.000000000000E+00
   15
    6      3.577749993764      4.681181384107      2.553776998209
    6      2.293970820146     -1.179664114880      2.406014276663
    6      3.895280626581      0.929993297070      2.565137668046
    6      5.271630673345      2.872463127023      2.857318589476
    6      4.674490188682     -1.378110187246      2.148963812182
    6      6.337966698463      0.479349548958      2.963683079260
    6      0.935546888493     -0.756359061784      2.408605000613
    6      3.091928788125      2.026048994956      2.779388469475
    6      3.869661688263      3.304823974831      2.697819357162
    6      2.635991196056     -2.593865774860      2.692874478650
    6      3.590642008219     -0.467577887886      2.503341238803
    6      5.281729797833      1.427470645586      2.645953794952
    6      3.786591645090     -5.934352773399      1.979568161233
    6      3.952564255454     -2.464423050758      3.348286397391
    6      6.029634124276     -0.946978121717      2.531939677884
    1    1
