   3   1   1 E -5.7058153793168E+02 DE-1.9E-08( 20)
  0.370158621205E+01 -0.641133538787E+01  0.000000000000E+00
  0.370158621205E+01  0.641133538787E+01  0.000000000000E+00
  0.000000000000E+00  0.000000000000E+00  0.868503800000E+01
    1
  0.100000000000E+01  0.000000000000E+00  0.000000000000E+00
  0.000000000000E+00  0.100000000000E+01  0.000000000000E+00
  0.000000000000E+00  0.000000000000E+00  0.100000000000E+01
  0.000000000000E+00  0.000000000000E+00  0.000000000000E+00
   15
    6      3.575238539501      4.655660468476      2.541713667343
    6      2.321622006310     -1.151320757376      2.652694834956
    6      3.835393705290      0.988089448783      2.595588606361
    6      5.283088201716      2.833372736283      2.564438262696
    6      4.679505353259     -1.353916006212      2.835707184596
    6      6.302443373595      0.445663100533      2.198253726041
    6      0.943569741400     -0.777676629641      2.409926806976
    6      2.964133308836      2.266342083730      2.738032730007
    6      3.888249582501      3.256211344842      2.650214704714
    6      2.617528963036     -2.566161889702      2.879549520225
    6      3.588101815979     -0.429057734874      2.346721875643
    6      5.283993544006      1.391174820725      2.797532898038
    6      3.932266217055     -6.028138224507      2.867303149816
    6      3.998840579219     -2.575767532930      2.476509130562
    6      6.011404461086     -0.954475228131      2.528483902026
    1    1
