   3   1   1 E -5.7058134106820E+02 DE 1.6E-09( 22)
  0.370158621205E+01 -0.641133538787E+01  0.000000000000E+00
  0.370158621205E+01  0.641133538787E+01  0.000000000000E+00
  0.000000000000E+00  0.000000000000E+00  0.868503800000E+01
    1
  0.100000000000E+01  0.000000000000E+00  0.000000000000E+00
  0.000000000000E+00  0.100000000000E+01  0.000000000000E+00
  0.000000000000E+00  0.000000000000E+00  0.100000000000E+01
  0.000000000000E+00  0.000000000000E+00  0.000000000000E+00
   15
    6      3.574931178818      4.655497562612      2.542651562390
    6      2.321091528433     -1.150538267058      2.653513683029
    6      3.835607164727      0.988408463617      2.596189632891
    6      5.283202465596      2.833607533852      2.563351917466
    6      4.679063333027     -1.353802059488      2.835596637544
    6      6.302975148107      0.445599073088      2.198951699207
    6      0.942642708638     -0.776410993705      2.410191296375
    6      2.964470932376      2.266597467362      2.737790621568
    6      3.888208872170      3.256398118326      2.649880364560
    6      2.617178093247     -2.565575369571      2.878840348709
    6      3.587799931519     -0.428545589577      2.346922747995
    6      5.284247223793      1.391290688859      2.796913337318
    6      3.934399193304     -6.032568909295      2.868162895408
    6      3.998529881625     -2.575474784140      2.474590246028
    6      6.011031737411     -0.954482934883      2.529124009512
    1    1
