   3   1   1 E -5.7032718252586E+02 DE 2.6E-10( 28)
  0.370158621205E+01 -0.641133538787E+01  0.000000000000E+00
  0.370158621205E+01  0.641133538787E+01  0.000000000000E+00
  0.000000000000E+00  0.000000000000E+00  0.868503800000E+01
    1
  0.100000000000E+01  0.000000000000E+00  0.000000000000E+00
  0.000000000000E+00  0.100000000000E+01  0.000000000000E+00
  0.000000000000E+00  0.000000000000E+00  0.100000000000E+01
  0.000000000000E+00  0.000000000000E+00  0.000000000000E+00
   15
    6      3.581618516647      4.692458044553      2.532254753610
    6      2.317865634322     -1.202040320331      2.373790440761
    6      3.908186554064      0.907400110232      2.551273877957
    6      5.272306345932      2.876429276408      2.958959914636
    6      4.678648755764     -1.353429739581      1.957093741602
    6      6.278010380925      0.501532624789      3.202070330971
    6      0.977683190689     -0.789708574540      2.398155878124
    6      3.103085000545      1.958516269047      2.757208880043
    6      3.861078211375      3.337616766183      2.704955340131
    6      2.654640037411     -2.636140240241      2.661435865907
    6      3.586289526342     -0.479210362042      2.613982448741
    6      5.292323981481      1.426088021603      2.567643981112
    6      3.727190211925     -5.824151459416      1.798166536147
    6      3.938628404085     -2.466965255265      3.510868263486
    6      6.047824641281     -0.948395161397      2.494810746772
    1    1
