   3   1   1 E -5.7074399163526E+02 DE-1.4E-09( 14)
  0.370158621205E+01 -0.641133538787E+01  0.000000000000E+00
  0.370158621205E+01  0.641133538787E+01  0.000000000000E+00
  0.000000000000E+00  0.000000000000E+00  0.868503800000E+01
    1
  0.100000000000E+01  0.000000000000E+00  0.000000000000E+00
  0.000000000000E+00  0.100000000000E+01  0.000000000000E+00
  0.000000000000E+00  0.000000000000E+00  0.100000000000E+01
  0.000000000000E+00  0.000000000000E+00  0.000000000000E+00
   15
    6      3.537463218074      4.686515159625      2.619225429526
    6      2.292498650014     -1.136865468962      2.574021970068
    6      3.847202190787      0.967396418584      2.604067285483
    6      5.275805297652      2.858478120854      2.604543400501
    6      4.641648343893     -1.422222167592      2.642346982813
    6      6.320600715373      0.459578264310      2.573812582783
    6      0.939674714443     -0.713640679493      2.585915547378
    6      3.037246503652      2.133825322580      2.559239696889
    6      3.844663473752      3.305654725812      2.585841346852
    6      2.616277833538     -2.597507212711      2.634955703287
    6      3.537869316720     -0.415211385500      2.581529991805
    6      5.276564602821      1.418330933613      2.605197131665
    6      4.034303457437     -5.847883177859      2.482992878377
    6      4.029771886004     -2.695112956492      2.806101620673
    6      5.993789188631     -1.001335896767      2.622879431897
    1    1
