   3   1   1 E -5.7031263752122E+02 DE 1.2E-09( 27)
  0.370158621205E+01 -0.641133538787E+01  0.000000000000E+00
  0.370158621205E+01  0.641133538787E+01  0.000000000000E+00
  0.000000000000E+00  0.000000000000E+00  0.868503800000E+01
    1
  0.100000000000E+01  0.000000000000E+00  0.000000000000E+00
  0.000000000000E+00  0.100000000000E+01  0.000000000000E+00
  0.000000000000E+00  0.000000000000E+00  0.100000000000E+01
  0.000000000000E+00  0.000000000000E+00  0.000000000000E+00
   15
    6      3.579657514763      4.712845155248      2.522367938765
    6      2.310582110575     -1.188563488991      2.368771381913
    6      3.899412861678      0.898754917894      2.545892540831
    6      5.271250668898      2.877575228069      2.956135779131
    6      4.685415048480     -1.358102208083      1.965982470387
    6      6.278792734211      0.503893587688      3.213549058190
    6      0.970840331576     -0.770527422559      2.398542804937
    6      3.069643259113      1.903374338334      2.734454696456
    6      3.882858387658      3.365048174691      2.687435458813
    6      2.630954707481     -2.624616790311      2.678405744101
    6      3.591441961153     -0.483047647568      2.614438656764
    6      5.291491410633      1.427886786085      2.573570513113
    6      3.748996345436     -5.850331091766      1.786780614518
    6      3.973581732353     -2.470151704951      3.537151728205
    6      6.040460318783     -0.944037833779      2.499191613876
    1    1
