   3   1   1 E -5.7058211305315E+02 DE-8.6E-11( 24)
  0.370158621205E+01 -0.641133538787E+01  0.000000000000E+00
  0.370158621205E+01  0.641133538787E+01  0.000000000000E+00
  0.000000000000E+00  0.000000000000E+00  0.868503800000E+01
    1
  0.100000000000E+01  0.000000000000E+00  0.000000000000E+00
  0.000000000000E+00  0.100000000000E+01  0.000000000000E+00
  0.000000000000E+00  0.000000000000E+00  0.100000000000E+01
  0.000000000000E+00  0.000000000000E+00  0.000000000000E+00
   15
    6      3.576140540638      4.656089097556      2.538856181233
    6      2.323270030893     -1.153548382124      2.650915041993
    6      3.834892975008      0.987214462511      2.594108305897
    6      5.282719375769      2.832789052924      2.568102511999
    6      4.680771939620     -1.354233957382      2.835747266938
    6      6.300685144354      0.445872313790      2.197051484733
    6      0.946406665522     -0.781361089933      2.408745610380
    6      2.963041272297      2.265412201591      2.737668859309
    6      3.888275240172      3.255681435142      2.651188700132
    6      2.618538623863     -2.567758426806      2.882776906627
    6      3.589046449677     -0.430507320851      2.346234132680
    6      5.283378624293      1.390922978640      2.799811464538
    6      3.926634133932     -6.015399670650      2.862792956926
    6      3.999216304778     -2.576593013056      2.482387217916
    6      6.012362071973     -0.954579681352      2.526284358698
    1    1
