   3   1   1 E -5.7057696307330E+02 DE 1.2E-10( 24)
  0.370158621205E+01 -0.641133538787E+01  0.000000000000E+00
  0.370158621205E+01  0.641133538787E+01  0.000000000000E+00
  0.000000000000E+00  0.000000000000E+00  0.868503800000E+01
    1
  0.100000000000E+01  0.000000000000E+00  0.000000000000E+00
  0.000000000000E+00  0.100000000000E+01  0.000000000000E+00
  0.000000000000E+00  0.000000000000E+00  0.100000000000E+01
  0.000000000000E+00  0.000000000000E+00  0.000000000000E+00
   15
    6      3.582429572414      4.734775623044      2.521375970489
    6      2.331564258526     -1.134636658641      2.687281600254
    6      3.816601998411      0.951113156893      2.608019425186
    6      5.297763007206      2.858473408951      2.605660981102
    6      4.685702506714     -1.359151406709      2.844312304493
    6      6.281818588645      0.453326837640      2.250486696982
    6      0.958797274928     -0.749549995645      2.396852397302
    6      2.893165766609      2.017041663869      2.633254274664
    6      3.938212771148      3.399318446290      2.641234162701
    6      2.599268050076     -2.542200303861      2.904466052073
    6      3.607565789044     -0.433187033975      2.382874586124
    6      5.273579972849      1.401437034673      2.792364897353
    6      3.973664054785     -6.079371805635      2.799113447967
    6      3.993814677315     -2.578702408253      2.497587562996
    6      5.991431104119     -0.938686558641      2.517786640312
    1    1
