   3   1   1 E -5.7057833500781E+02 DE 1.4E-10( 25)
  0.370158621205E+01 -0.641133538787E+01  0.000000000000E+00
  0.370158621205E+01  0.641133538787E+01  0.000000000000E+00
  0.000000000000E+00  0.000000000000E+00  0.868503800000E+01
    1
  0.100000000000E+01  0.000000000000E+00  0.000000000000E+00
  0.000000000000E+00  0.100000000000E+01  0.000000000000E+00
  0.000000000000E+00  0.000000000000E+00  0.100000000000E+01
  0.000000000000E+00  0.000000000000E+00  0.000000000000E+00
   15
    6      3.584729958475      4.732023727139      2.503202602775
    6      2.334652328362     -1.147883796470      2.654096100873
    6      3.817149017423      0.942877691825      2.589688350759
    6      5.282017136871      2.849867222153      2.615320572526
    6      4.700669328407     -1.362437093242      2.856930653496
    6      6.286970056830      0.467871930990      2.221097007718
    6      0.969533607025     -0.770274954039      2.398293016554
    6      2.887175467104      2.001452578123      2.647405250252
    6      3.937338868918      3.395917438965      2.650951524307
    6      2.583939060476     -2.554444003348      2.853568268811
    6      3.614651650506     -0.447445050292      2.373703151256
    6      5.269485259707      1.398809045187      2.798601035128
    6      3.931151308612     -5.990062163539      2.856223874747
    6      4.023478050743     -2.582979890119      2.552939570645
    6      6.002438293332     -0.933292683332      2.510650020153
    1    1
