   3   1   1 E -5.7033557093865E+02 DE 4.9E-09( 28)
  0.370158621205E+01 -0.641133538787E+01  0.000000000000E+00
  0.370158621205E+01  0.641133538787E+01  0.000000000000E+00
  0.000000000000E+00  0.000000000000E+00  0.868503800000E+01
    1
  0.100000000000E+01  0.000000000000E+00  0.000000000000E+00
  0.000000000000E+00  0.100000000000E+01  0.000000000000E+00
  0.000000000000E+00  0.000000000000E+00  0.100000000000E+01
  0.000000000000E+00  0.000000000000E+00  0.000000000000E+00
   15
    6      3.567271162363      4.700265616807      2.534304197825
    6      2.286630570997     -1.167335268807      2.360213898608
    6      3.921028802888      0.914115921147      2.555654784877
    6      5.276990579166      2.882101815260      2.963337416407
    6      4.666656136221     -1.358810287270      1.965335587991
    6      6.292723904730      0.479442988507      3.198959578780
    6      0.929600028401     -0.726497191302      2.441889064411
    6      3.131173869995      1.990895120997      2.740272401398
    6      3.854566704884      3.328794137381      2.699140099113
    6      2.652257551185     -2.611231933390      2.652568298024
    6      3.576548433851     -0.471932441747      2.610371633845
    6      5.309522832473      1.430112025817      2.567256783713
    6      3.808727432522     -5.955677467105      1.755866026880
    6      3.917416435978     -2.471990241715      3.541709813129
    6      6.034264947136     -0.962252794580      2.495791414999
    1    1
