   3   1   1 E -5.7033131354367E+02 DE-5.8E-11( 28)
  0.370158621205E+01 -0.641133538787E+01  0.000000000000E+00
  0.370158621205E+01  0.641133538787E+01  0.000000000000E+00
  0.000000000000E+00  0.000000000000E+00  0.868503800000E+01
    1
  0.100000000000E+01  0.000000000000E+00  0.000000000000E+00
  0.000000000000E+00  0.100000000000E+01  0.000000000000E+00
  0.000000000000E+00  0.000000000000E+00  0.100000000000E+01
  0.000000000000E+00  0.000000000000E+00  0.000000000000E+00
   15
    6      3.583076608967      4.699943602216      2.537560906994
    6      2.318417051712     -1.198346909021      2.376734733279
    6      3.901256420079      0.908858542921      2.552599053790
    6      5.279990574177      2.878277496881      2.947290176448
    6      4.676337390974     -1.353224784830      1.962989685384
    6      6.278741268425      0.499699258393      3.190879017488
    6      0.975785966308     -0.783778405024      2.410927222891
    6      3.089044160474      1.939881260419      2.763402159276
    6      3.874313248636      3.348835447423      2.706070899512
    6      2.660271388052     -2.633728764740      2.648653677301
    6      3.586340180762     -0.475487427996      2.619407278827
    6      5.289976230346      1.426414947388      2.562287222496
    6      3.731002521629     -5.841720121826      1.812508231035
    6      3.935116548315     -2.469319452661      3.495663938436
    6      6.045709833933     -0.946304689543      2.495696796843
    1    1
