   3   1   1 E -5.7056356033590E+02 DE-1.0E-09( 22)
  0.370158621205E+01 -0.641133538787E+01  0.000000000000E+00
  0.370158621205E+01  0.641133538787E+01  0.000000000000E+00
  0.000000000000E+00  0.000000000000E+00  0.868503800000E+01
    1
  0.100000000000E+01  0.000000000000E+00  0.000000000000E+00
  0.000000000000E+00  0.100000000000E+01  0.000000000000E+00
  0.000000000000E+00  0.000000000000E+00  0.100000000000E+01
  0.000000000000E+00  0.000000000000E+00  0.000000000000E+00
   15
    6      3.592889575213      4.765223064737      2.502277351039
    6      2.341201858700     -1.142914632645      2.657643332012
    6      3.808812047579      0.929951064406      2.595061070649
    6      5.294340488636      2.863539661248      2.624202502652
    6      4.697929299002     -1.363353783348      2.839634340978
    6      6.276697001732      0.463814064355      2.251911810670
    6      0.973356653375     -0.751563215576      2.388146554298
    6      2.852870801757      1.904114017278      2.645263305560
    6      3.957327206256      3.451634401536      2.644570889358
    6      2.598485510934     -2.548551891062      2.878527320102
    6      3.619500084308     -0.446192569329      2.387576825387
    6      5.260730731187      1.401914929447      2.788402147569
    6      3.946012450246     -6.016143435941      2.827029399714
    6      4.006679585014     -2.585434724981      2.536645981620
    6      5.998546098849     -0.926036950125      2.515778168391
    1    1
