   3   1   1 E -5.7066802662871E+02 DE 1.5E-09( 15)
  0.370158621205E+01 -0.641133538787E+01  0.000000000000E+00
  0.370158621205E+01  0.641133538787E+01  0.000000000000E+00
  0.000000000000E+00  0.000000000000E+00  0.868503800000E+01
    1
  0.100000000000E+01  0.000000000000E+00  0.000000000000E+00
  0.000000000000E+00  0.100000000000E+01  0.000000000000E+00
  0.000000000000E+00  0.000000000000E+00  0.100000000000E+01
  0.000000000000E+00  0.000000000000E+00  0.000000000000E+00
   15
    6      3.568248197938      4.678430225074      2.572443482333
    6      2.285559152435     -1.168223537623      2.445151562355
    6      3.880319121414      0.944178715672      2.598048062762
    6      5.271164903572      2.867371059853      2.790291164613
    6      4.652547713561     -1.420268516484      2.378966499211
    6      6.320920717802      0.468463586258      2.832852947655
    6      0.933220837278     -0.746343925363      2.394713904046
    6      3.051579926526      2.078932423661      2.713467960773
    6      3.859050395530      3.291842944892      2.677252749354
    6      2.614501556642     -2.579186639818      2.708413437650
    6      3.572311807310     -0.446981082549      2.472975812346
    6      5.270704582437      1.419265346422      2.692214594687
    6      3.919410985303     -5.918930004950      2.046342174393
    6      4.014289402830     -2.507243850198      3.161256788707
    6      6.011550092211     -0.961306744847      2.598279859113
    1    1
