   3   1   1 E -5.7033652065858E+02 DE-1.5E-09( 27)
  0.370158621205E+01 -0.641133538787E+01  0.000000000000E+00
  0.370158621205E+01  0.641133538787E+01  0.000000000000E+00
  0.000000000000E+00  0.000000000000E+00  0.868503800000E+01
    1
  0.100000000000E+01  0.000000000000E+00  0.000000000000E+00
  0.000000000000E+00  0.100000000000E+01  0.000000000000E+00
  0.000000000000E+00  0.000000000000E+00  0.100000000000E+01
  0.000000000000E+00  0.000000000000E+00  0.000000000000E+00
   15
    6      3.560120721549      4.656168799628      2.523421852872
    6      2.295599352870     -1.190842107557      2.373701743345
    6      3.928761957415      0.922009049006      2.539347277266
    6      5.272054272761      2.876183688715      2.958820603884
    6      4.656045751556     -1.360407972105      2.006260459228
    6      6.289155642713      0.488248921925      3.212958688797
    6      0.951008693518     -0.751784672904      2.408450466985
    6      3.203592017451      2.023338744207      2.708952585380
    6      3.828096638473      3.287483231677      2.712430854036
    6      2.672018703857     -2.633547286174      2.706267096758
    6      3.566477029701     -0.495299685015      2.627176816445
    6      5.322738470710      1.436376990578      2.564468531985
    6      3.776485711054     -5.817799671433      1.741203456605
    6      3.868070381716     -2.469049581231      3.504949725717
    6      6.035154047446     -0.971078449317      2.494260840698
    1    1
