   3   1   1 E -5.7074406808643E+02 DE-5.3E-10( 13)
  0.370158621205E+01 -0.641133538787E+01  0.000000000000E+00
  0.370158621205E+01  0.641133538787E+01  0.000000000000E+00
  0.000000000000E+00  0.000000000000E+00  0.868503800000E+01
    1
  0.100000000000E+01  0.000000000000E+00  0.000000000000E+00
  0.000000000000E+00  0.100000000000E+01  0.000000000000E+00
  0.000000000000E+00  0.000000000000E+00  0.100000000000E+01
  0.000000000000E+00  0.000000000000E+00  0.000000000000E+00
   15
    6      3.536508546093      4.686916153174      2.613395474926
    6      2.291923594313     -1.134348257899      2.581715012772
    6      3.847899584514      0.967282203072      2.598346940961
    6      5.275538292174      2.857055769920      2.610670110395
    6      4.641001155677     -1.426759716371      2.635624004838
    6      6.320930240851      0.460869358536      2.581477465092
    6      0.939798196008     -0.711844792367      2.592050474893
    6      3.040837422532      2.133057177495      2.545859027427
    6      3.844291456272      3.305353248628      2.584803199810
    6      2.616641254786     -2.595522093396      2.634775296577
    6      3.538103923895     -0.414570092238      2.582760358083
    6      5.277232950121      1.418163539795      2.610597138920
    6      4.034900975717     -5.843843944219      2.514829077329
    6      4.026641656055     -2.699187087430      2.780428030505
    6      5.993130143782     -1.002621466699      2.615339387471
    1    1
