   3   1   1 E -5.7064611345127E+02 DE 3.8E-11( 19)
  0.370158621205E+01 -0.641133538787E+01  0.000000000000E+00
  0.370158621205E+01  0.641133538787E+01  0.000000000000E+00
  0.000000000000E+00  0.000000000000E+00  0.868503800000E+01
    1
  0.100000000000E+01  0.000000000000E+00  0.000000000000E+00
  0.000000000000E+00  0.100000000000E+01  0.000000000000E+00
  0.000000000000E+00  0.000000000000E+00  0.100000000000E+01
  0.000000000000E+00  0.000000000000E+00  0.000000000000E+00
   15
    6      3.570792246929      4.676077216340      2.566963509445
    6      2.285549103842     -1.170032843026      2.430024232001
    6      3.885608999546      0.941324598357      2.587338737390
    6      5.273435482378      2.868950652451      2.810572358459
    6      4.656945982354     -1.413963730770      2.324473731388
    6      6.327506592284      0.468754228771      2.858040736724
    6      0.931172120475     -0.750050685737      2.394813465147
    6      3.064596888610      2.065926953299      2.741323366446
    6      3.862867583900      3.293153837639      2.687646015512
    6      2.618799117390     -2.578827086900      2.710048956294
    6      3.576658182172     -0.451313860357      2.470461331995
    6      5.275407806592      1.421655004925      2.683753987541
    6      3.877028463676     -5.929885978487      2.033738643183
    6      4.002314480613     -2.482368754218      3.205437938064
    6      6.016696342029     -0.959399552286      2.578033990410
    1    1
