   3   1   1 E -5.7033876012674E+02 DE-9.8E-11( 27)
  0.370158621205E+01 -0.641133538787E+01  0.000000000000E+00
  0.370158621205E+01  0.641133538787E+01  0.000000000000E+00
  0.000000000000E+00  0.000000000000E+00  0.868503800000E+01
    1
  0.100000000000E+01  0.000000000000E+00  0.000000000000E+00
  0.000000000000E+00  0.100000000000E+01  0.000000000000E+00
  0.000000000000E+00  0.000000000000E+00  0.100000000000E+01
  0.000000000000E+00  0.000000000000E+00  0.000000000000E+00
   15
    6      3.547757722602      4.667846623492      2.521086232390
    6      2.256696787480     -1.158887819392      2.349217960677
    6      3.925579755842      0.935833749608      2.561933054771
    6      5.265345108895      2.867490694973      2.951288739093
    6      4.657031052155     -1.365262581475      2.014442425435
    6      6.290333862485      0.451702068470      3.157740204333
    6      0.902953000169     -0.708939761601      2.429659930674
    6      3.262419120882      2.108427586304      2.715971293488
    6      3.805439472674      3.258573323646      2.711293934491
    6      2.650071253144     -2.618771438813      2.690451262240
    6      3.554867530055     -0.480674318182      2.620357730035
    6      5.326516130903      1.431578977673      2.561862923014
    6      3.827705622444     -5.916713121495      1.749063914558
    6      3.927616574387     -2.487271816418      3.560729984051
    6      6.025046398673     -0.984932166790      2.487571410748
    1    1
