   3   1   1 E -5.7034353858058E+02 DE-1.4E-10( 18)
  0.370158621205E+01 -0.641133538787E+01  0.000000000000E+00
  0.370158621205E+01  0.641133538787E+01  0.000000000000E+00
  0.000000000000E+00  0.000000000000E+00  0.868503800000E+01
    1
  0.100000000000E+01  0.000000000000E+00  0.000000000000E+00
  0.000000000000E+00  0.100000000000E+01  0.000000000000E+00
  0.000000000000E+00  0.000000000000E+00  0.100000000000E+01
  0.000000000000E+00  0.000000000000E+00  0.000000000000E+00
   15
    6      3.578454417805      4.704595353974      2.543514239908
    6      2.305713017724     -1.184501844526      2.369741702848
    6      3.904079504455      0.912595909203      2.556339577693
    6      5.282511061098      2.880148036202      2.931876304670
    6      4.671209694692     -1.354372380972      1.968428002545
    6      6.287856656836      0.491661512718      3.188779212470
    6      0.955678755008     -0.756593277878      2.442398125854
    6      3.096568531300      1.952063093451      2.771313341607
    6      3.875181421486      3.348174608114      2.703124231063
    6      2.659479215936     -2.624950226205      2.631394188629
    6      3.581582528108     -0.470880758960      2.616766219771
    6      5.294045351764      1.426826600272      2.554128359309
    6      3.756408673162     -5.906081618028      1.823916489078
    6      3.935049614550     -2.470288306687      3.483247922654
    6      6.041560948866     -0.948396700677      2.497703081899
    1    1
