   3   1   1 E -5.7034124345250E+02 DE-4.2E-10( 25)
  0.370158621205E+01 -0.641133538787E+01  0.000000000000E+00
  0.370158621205E+01  0.641133538787E+01  0.000000000000E+00
  0.000000000000E+00  0.000000000000E+00  0.868503800000E+01
    1
  0.100000000000E+01  0.000000000000E+00  0.000000000000E+00
  0.000000000000E+00  0.100000000000E+01  0.000000000000E+00
  0.000000000000E+00  0.000000000000E+00  0.100000000000E+01
  0.000000000000E+00  0.000000000000E+00  0.000000000000E+00
   15
    6      3.579911743954      4.702872794743      2.542612788190
    6      2.309571129540     -1.188844734970      2.372014360802
    6      3.903217247313      0.911826960820      2.555312008112
    6      5.282021313942      2.879560974075      2.934559417960
    6      4.672473722571     -1.353837490947      1.967452383337
    6      6.285285573955      0.493924180485      3.188606894191
    6      0.961716857163     -0.764751566651      2.434143595957
    6      3.094881114346      1.949738713690      2.769933505380
    6      3.874830955849      3.348006855663      2.704092666727
    6      2.660377722017     -2.627940896435      2.634631395907
    6      3.582774557792     -0.472068223683      2.618389350914
    6      5.292713891995      1.426658484072      2.555376527085
    6      3.747934898728     -5.887871001476      1.823272497195
    6      3.934754951914     -2.469676737907      3.484542517480
    6      6.042913711711     -0.947598311480      2.497731090764
    1    1
