   3   1   1 E -5.7058178466396E+02 DE-6.7E-10( 23)
  0.370158621205E+01 -0.641133538787E+01  0.000000000000E+00
  0.370158621205E+01  0.641133538787E+01  0.000000000000E+00
  0.000000000000E+00  0.000000000000E+00  0.868503800000E+01
    1
  0.100000000000E+01  0.000000000000E+00  0.000000000000E+00
  0.000000000000E+00  0.100000000000E+01  0.000000000000E+00
  0.000000000000E+00  0.000000000000E+00  0.100000000000E+01
  0.000000000000E+00  0.000000000000E+00  0.000000000000E+00
   15
    6      3.575644473685      4.655867763784      2.540496040155
    6      2.322343776254     -1.152319436574      2.651796683294
    6      3.835144426492      0.987692160760      2.594888101531
    6      5.282930157023      2.833088834508      2.565950424369
    6      4.680071322780     -1.354061480328      2.835769372427
    6      6.301699617594      0.445746856094      2.197530409692
    6      0.944819105370     -0.779311051594      2.409494926759
    6      2.963629478245      2.265964197794      2.738085472347
    6      3.888292400644      3.255988989936      2.650652983627
    6      2.617980269748     -2.566895015032      2.880752880219
    6      3.588512251927     -0.429710744736      2.346481138498
    6      5.283689803824      1.391045422800      2.798451763361
    6      3.929674702561     -6.022449169348      2.865655326098
    6      3.999097723189     -2.576154235460      2.479082697216
    6      6.011849883455     -0.954493092604      2.527582780407
    1    1
