   3   1   1 E -5.7058061098394E+02 DE-2.2E-11( 22)
  0.370158621205E+01 -0.641133538787E+01  0.000000000000E+00
  0.370158621205E+01  0.641133538787E+01  0.000000000000E+00
  0.000000000000E+00  0.000000000000E+00  0.868503800000E+01
    1
  0.100000000000E+01  0.000000000000E+00  0.000000000000E+00
  0.000000000000E+00  0.100000000000E+01  0.000000000000E+00
  0.000000000000E+00  0.000000000000E+00  0.100000000000E+01
  0.000000000000E+00  0.000000000000E+00  0.000000000000E+00
   15
    6      3.572182229422      4.655314933689      2.547788161362
    6      2.319449070435     -1.142613717995      2.677696391635
    6      3.838070122011      0.992792045545      2.613776536299
    6      5.284641251902      2.836002267388      2.566879103138
    6      4.674364578100     -1.352833417316      2.825289955086
    6      6.297167713136      0.439167319778      2.215297167450
    6      0.939324382366     -0.764380567427      2.401998091568
    6      2.962167597823      2.274035559922      2.705799068517
    6      3.887977611653      3.259379722634      2.654572907431
    6      2.614568557167     -2.557429764488      2.909154026475
    6      3.586756745305     -0.425350929039      2.353234305080
    6      5.290170073874      1.393895451804      2.803945367035
    6      3.975088862039     -6.072886998829      2.799504918630
    6      3.981223103776     -2.575467984904      2.483791777679
    6      6.002227493780     -0.959623920764      2.523943222616
    1    1
