   3   1   1 E -5.7074340060335E+02 DE-1.8E-10( 21)
  0.370158621205E+01 -0.641133538787E+01  0.000000000000E+00
  0.370158621205E+01  0.641133538787E+01  0.000000000000E+00
  0.000000000000E+00  0.000000000000E+00  0.868503800000E+01
    1
  0.100000000000E+01  0.000000000000E+00  0.000000000000E+00
  0.000000000000E+00  0.100000000000E+01  0.000000000000E+00
  0.000000000000E+00  0.000000000000E+00  0.100000000000E+01
  0.000000000000E+00  0.000000000000E+00  0.000000000000E+00
   15
    6      3.539778678796      4.689298121417      2.628347477145
    6      2.293690676067     -1.136809649980      2.572200543546
    6      3.848488971250      0.967363425627      2.604766638059
    6      5.274581398778      2.854646959500      2.591956850035
    6      4.639740561814     -1.431106799878      2.652421875277
    6      6.310200496701      0.464123101891      2.557937651410
    6      0.942392181180     -0.714688816583      2.586110240848
    6      3.037305765032      2.133704120680      2.578209023380
    6      3.846890413347      3.305870061489      2.581847217488
    6      2.620950139880     -2.596803896840      2.632435057688
    6      3.541524324892     -0.414958526063      2.585095057302
    6      5.278217188253      1.416307696727      2.582924960389
    6      4.039048201588     -5.842242703153      2.446321489827
    6      4.019550113927     -2.693752333864      2.850831689400
    6      5.993020281285     -1.000950760967      2.631265228203
    1    1
