   3   1   1 E -5.7033792208079E+02 DE-1.1E-10( 26)
  0.370158621205E+01 -0.641133538787E+01  0.000000000000E+00
  0.370158621205E+01  0.641133538787E+01  0.000000000000E+00
  0.000000000000E+00  0.000000000000E+00  0.868503800000E+01
    1
  0.100000000000E+01  0.000000000000E+00  0.000000000000E+00
  0.000000000000E+00  0.100000000000E+01  0.000000000000E+00
  0.000000000000E+00  0.000000000000E+00  0.100000000000E+01
  0.000000000000E+00  0.000000000000E+00  0.000000000000E+00
   15
    6      3.581389283863      4.701125688481      2.541079125143
    6      2.313532137562     -1.193327162396      2.374568409582
    6      3.902478253098      0.910759939450      2.554160811106
    6      5.281043630095      2.878867819019      2.938997957343
    6      4.674085862200     -1.353395691422      1.966117491458
    6      6.282355678508      0.496275873977      3.188669053276
    6      0.968081811336     -0.773325447501      2.424565212479
    6      3.093045405686      1.947174471350      2.767610232155
    6      3.874085235695      3.347760784996      2.705062620103
    6      2.660700603453     -2.630981980622      2.639881629038
    6      3.584186391041     -0.473593007872      2.619521327386
    6      5.291446481832      1.426464695535      2.557471789436
    6      3.739709772634     -5.867527129745      1.819815486885
    6      3.934906679671     -2.469269885728      3.487944662138
    6      6.044332166116     -0.947008967520      2.497205192470
    1    1
