   3   1   1 E -5.7033981900481E+02 DE-4.5E-10( 25)
  0.370158621205E+01 -0.641133538787E+01  0.000000000000E+00
  0.370158621205E+01  0.641133538787E+01  0.000000000000E+00
  0.000000000000E+00  0.000000000000E+00  0.868503800000E+01
    1
  0.100000000000E+01  0.000000000000E+00  0.000000000000E+00
  0.000000000000E+00  0.100000000000E+01  0.000000000000E+00
  0.000000000000E+00  0.000000000000E+00  0.100000000000E+01
  0.000000000000E+00  0.000000000000E+00  0.000000000000E+00
   15
    6      3.580624146762      4.702090522153      2.542013465914
    6      2.311449800875     -1.190937485180      2.373184000712
    6      3.902815758861      0.911368142815      2.554791241071
    6      5.281686547261      2.879261105170      2.936375250430
    6      4.673164741473     -1.353619120732      1.966887143379
    6      6.283944162301      0.495005285855      3.188530960420
    6      0.964689394727     -0.768731951114      2.429843896426
    6      3.093956790814      1.948465707896      2.768991334669
    6      3.874606553042      3.347957516411      2.704580140816
    6      2.660679525250     -2.629362838392      2.636786722274
    6      3.583411721636     -0.472722844214      2.619025230595
    6      5.292088835733      1.426574619217      2.556218091923
    6      3.744021311844     -5.878590655582      1.822060522302
    6      3.934678568473     -2.469477978764      3.485808718967
    6      6.043561533738     -0.947280025538      2.497574280103
    1    1
