   3   1   1 E -5.7070905406964E+02 DE-1.3E-09( 15)
  0.370158621205E+01 -0.641133538787E+01  0.000000000000E+00
  0.370158621205E+01  0.641133538787E+01  0.000000000000E+00
  0.000000000000E+00  0.000000000000E+00  0.868503800000E+01
    1
  0.100000000000E+01  0.000000000000E+00  0.000000000000E+00
  0.000000000000E+00  0.100000000000E+01  0.000000000000E+00
  0.000000000000E+00  0.000000000000E+00  0.100000000000E+01
  0.000000000000E+00  0.000000000000E+00  0.000000000000E+00
   15
    6      3.557023096332      4.676400455285      2.584645933998
    6      2.286934957625     -1.158207242848      2.456381158292
    6      3.873305843245      0.952711434426      2.614761405393
    6      5.276023386146      2.863985436494      2.754817058209
    6      4.652688853235     -1.411663329073      2.474534406666
    6      6.324765870240      0.461431353826      2.723781305298
    6      0.932398024517     -0.741019648965      2.409793330928
    6      3.032021070741      2.099131420824      2.691883401596
    6      3.852776149770      3.289694183988      2.663742095072
    6      2.608215905918     -2.577248861745      2.720692669545
    6      3.559821380935     -0.426465895107      2.463754166410
    6      5.275763931868      1.414650587064      2.697598052928
    6      3.964277387862     -5.906986657198      2.123578237980
    6      4.016444945997     -2.563107462772      3.093393521803
    6      6.012918588359     -0.973305774197      2.609314255880
    1    1
