   3   1   1 E -5.7058199367564E+02 DE-5.8E-11( 24)
  0.370158621205E+01 -0.641133538787E+01  0.000000000000E+00
  0.370158621205E+01  0.641133538787E+01  0.000000000000E+00
  0.000000000000E+00  0.000000000000E+00  0.868503800000E+01
    1
  0.100000000000E+01  0.000000000000E+00  0.000000000000E+00
  0.000000000000E+00  0.100000000000E+01  0.000000000000E+00
  0.000000000000E+00  0.000000000000E+00  0.100000000000E+01
  0.000000000000E+00  0.000000000000E+00  0.000000000000E+00
   15
    6      3.572980693791      4.656381415734      2.544572620419
    6      2.320156796475     -1.142574630010      2.675995808085
    6      3.839538478966      0.991486063418      2.614377047800
    6      5.284179432184      2.836800526064      2.568282381158
    6      4.675452663622     -1.353479989882      2.821496451958
    6      6.296698118562      0.439916127596      2.220682243437
    6      0.940357238934     -0.761867846377      2.397553894280
    6      2.954005406767      2.267936023606      2.700552145976
    6      3.890291077296      3.261128758441      2.652464241057
    6      2.615497800617     -2.556491545771      2.914636609985
    6      3.588086624365     -0.427382800915      2.351490776998
    6      5.290646400178      1.394671104500      2.810016284568
    6      3.977849160721     -6.071376493402      2.792635016815
    6      3.977341748714     -2.574820169576      2.493887454999
    6      6.002297751600     -0.960326543427      2.524028022465
    1    1
