   3   1   1 E -5.7058675771176E+02 DE-1.7E-10( 24)
  0.370158621205E+01 -0.641133538787E+01  0.000000000000E+00
  0.370158621205E+01  0.641133538787E+01  0.000000000000E+00
  0.000000000000E+00  0.000000000000E+00  0.868503800000E+01
    1
  0.100000000000E+01  0.000000000000E+00  0.000000000000E+00
  0.000000000000E+00  0.100000000000E+01  0.000000000000E+00
  0.000000000000E+00  0.000000000000E+00  0.100000000000E+01
  0.000000000000E+00  0.000000000000E+00  0.000000000000E+00
   15
    6      3.571455445110      4.659180554954      2.536141160165
    6      2.319557408514     -1.142266702367      2.671217982702
    6      3.841031970501      0.991583900328      2.615837946683
    6      5.284818548959      2.837892586025      2.574813863430
    6      4.676717177572     -1.351921879690      2.826452294970
    6      6.294963910882      0.439989104044      2.230391874087
    6      0.939307671996     -0.765613832390      2.391724047002
    6      2.970791697905      2.258972826193      2.677912095553
    6      3.885594170663      3.262072066102      2.649729459535
    6      2.612155080873     -2.556076072637      2.915047186267
    6      3.589366073442     -0.424392886477      2.357399192837
    6      5.292572543158      1.396166681177      2.812136432380
    6      3.975329766218     -6.074312558197      2.797460353343
    6      3.969519671505     -2.571241951192      2.505305731312
    6      6.002198255492     -0.960031835874      2.521101379732
    1    1
