   3   1   1 E -5.7040100820395E+02 DE-1.0E-10( 15)
  0.370158621205E+01 -0.641133538787E+01  0.000000000000E+00
  0.370158621205E+01  0.641133538787E+01  0.000000000000E+00
  0.000000000000E+00  0.000000000000E+00  0.868503800000E+01
    1
  0.100000000000E+01  0.000000000000E+00  0.000000000000E+00
  0.000000000000E+00  0.100000000000E+01  0.000000000000E+00
  0.000000000000E+00  0.000000000000E+00  0.100000000000E+01
  0.000000000000E+00  0.000000000000E+00  0.000000000000E+00
   15
    6      3.577431257888      4.699594602383      2.547761542707
    6      2.304116614837     -1.184134584834      2.382819280479
    6      3.901317730066      0.917892111049      2.558758127393
    6      5.277414145603      2.878265882948      2.910559765059
    6      4.676814587714     -1.361434531222      2.005577237344
    6      6.306773031610      0.491142234610      3.132295934429
    6      0.951027950408     -0.759241438366      2.433363453425
    6      3.095877472223      1.971331730796      2.776038033461
    6      3.874075968871      3.337791882478      2.700419831426
    6      2.654659175097     -2.616345493062      2.647028248803
    6      3.583270697175     -0.470923913744      2.584474982379
    6      5.289793537064      1.426750229904      2.580879795199
    6      3.760365844305     -5.914093158138      1.864603637731
    6      3.933844286135     -2.469636734315      3.453148529549
    6      6.038597093794     -0.946958820487      2.504942600614
    1    1
