   3   1   1 E -5.7058555160171E+02 DE-5.0E-10( 24)
  0.370158621205E+01 -0.641133538787E+01  0.000000000000E+00
  0.370158621205E+01  0.641133538787E+01  0.000000000000E+00
  0.000000000000E+00  0.000000000000E+00  0.868503800000E+01
    1
  0.100000000000E+01  0.000000000000E+00  0.000000000000E+00
  0.000000000000E+00  0.100000000000E+01  0.000000000000E+00
  0.000000000000E+00  0.000000000000E+00  0.100000000000E+01
  0.000000000000E+00  0.000000000000E+00  0.000000000000E+00
   15
    6      3.568650432166      4.655116244117      2.530254512914
    6      2.316878576219     -1.140328227985      2.669059388655
    6      3.843995128493      0.986841538232      2.603705027518
    6      5.286176602734      2.834583362886      2.569196993816
    6      4.676294417175     -1.354415974685      2.841674740901
    6      6.298108194079      0.441324568516      2.240523776448
    6      0.938808338686     -0.765106518804      2.387719549224
    6      2.980011465252      2.274138714686      2.669049113875
    6      3.888309530085      3.257983348020      2.634078992197
    6      2.611841670201     -2.555602686542      2.910875267785
    6      3.588189414605     -0.430386023082      2.359520077010
    6      5.301065469784      1.394510224325      2.810848474449
    6      3.968605115983     -6.065223600083      2.799833885923
    6      3.956776621507     -2.570728149306      2.528708257666
    6      6.001668415823     -0.962706820296      2.527622941619
    1    1
