   3   1   1 E -5.7033570316830E+02 DE 1.1E-13( 29)
  0.370158621205E+01 -0.641133538787E+01  0.000000000000E+00
  0.370158621205E+01  0.641133538787E+01  0.000000000000E+00
  0.000000000000E+00  0.000000000000E+00  0.868503800000E+01
    1
  0.100000000000E+01  0.000000000000E+00  0.000000000000E+00
  0.000000000000E+00  0.100000000000E+01  0.000000000000E+00
  0.000000000000E+00  0.000000000000E+00  0.100000000000E+01
  0.000000000000E+00  0.000000000000E+00  0.000000000000E+00
   15
    6      3.545642891760      4.662669108453      2.526320473709
    6      2.259266518741     -1.155411359762      2.357061486026
    6      3.935519109420      0.935841580180      2.549263372431
    6      5.269528620978      2.873316502446      2.952158090009
    6      4.655208227549     -1.355188313668      1.986120103801
    6      6.301674110486      0.464792441789      3.201772213171
    6      0.897484333718     -0.719555150725      2.459341947474
    6      3.254645394406      2.093664464229      2.710963859058
    6      3.806954485724      3.265712533127      2.695928739642
    6      2.636150463561     -2.607493795313      2.672017203567
    6      3.556829508620     -0.465680828818      2.617627123364
    6      5.333283815864      1.431314191812      2.566244781425
    6      3.816860108081     -5.985166964850      1.761607603866
    6      3.930245607507     -2.461291609038      3.538196440886
    6      6.026086196374     -0.977522799861      2.488047561572
    1    1
