   3   1   1 E -5.7074407053042E+02 DE-1.9E-10( 13)
  0.370158621205E+01 -0.641133538787E+01  0.000000000000E+00
  0.370158621205E+01  0.641133538787E+01  0.000000000000E+00
  0.000000000000E+00  0.000000000000E+00  0.868503800000E+01
    1
  0.100000000000E+01  0.000000000000E+00  0.000000000000E+00
  0.000000000000E+00  0.100000000000E+01  0.000000000000E+00
  0.000000000000E+00  0.000000000000E+00  0.100000000000E+01
  0.000000000000E+00  0.000000000000E+00  0.000000000000E+00
   15
    6      3.536354617147      4.686894314825      2.613978545437
    6      2.291709811809     -1.134011563815      2.582602487919
    6      3.847896008249      0.967354215580      2.600142220390
    6      5.275999247583      2.856868394142      2.610647308223
    6      4.640688603226     -1.426361082172      2.634351926730
    6      6.320373457226      0.460189313437      2.580443365659
    6      0.939615254610     -0.711496074668      2.593066020833
    6      3.041395998763      2.133404979973      2.544537296372
    6      3.844478706416      3.305258541174      2.585476863494
    6      2.617041684703     -2.595179350047      2.635377194179
    6      3.537806527182     -0.414551347856      2.582803724988
    6      5.277490858677      1.417690618184      2.610640295206
    6      4.034843220588     -5.843578582726      2.515572984579
    6      4.027023742443     -2.699120968153      2.778202623440
    6      5.992661654168     -1.003361407877      2.614828142546
    1    1
