   3   1   1 E -5.7074392769546E+02 DE-5.6E-11( 14)
  0.370158621205E+01 -0.641133538787E+01  0.000000000000E+00
  0.370158621205E+01  0.641133538787E+01  0.000000000000E+00
  0.000000000000E+00  0.000000000000E+00  0.868503800000E+01
    1
  0.100000000000E+01  0.000000000000E+00  0.000000000000E+00
  0.000000000000E+00  0.100000000000E+01  0.000000000000E+00
  0.000000000000E+00  0.000000000000E+00  0.100000000000E+01
  0.000000000000E+00  0.000000000000E+00  0.000000000000E+00
   15
    6      3.537218891676      4.686070907452      2.618205815724
    6      2.292028926602     -1.135640778623      2.572594694263
    6      3.848098474644      0.967432744285      2.602461649171
    6      5.277243608435      2.858791463755      2.597933791562
    6      4.640859177496     -1.421935104935      2.646296057342
    6      6.320075161066      0.456052463351      2.573010597058
    6      0.938116313046     -0.712787131340      2.583152597328
    6      3.039252049737      2.133196146697      2.571277432610
    6      3.846016083834      3.305209095824      2.583606577357
    6      2.617519697334     -2.596098990882      2.632751994690
    6      3.538290492127     -0.413794900820      2.581548535897
    6      5.278905201087      1.415664787831      2.602628246919
    6      4.032163536287     -5.844675241763      2.469251665149
    6      4.027289270310     -2.693831724486      2.818766747907
    6      5.992302509109     -1.003653736344      2.629184597022
    1    1
