   3   1   1 E -5.7074373056208E+02 DE-2.4E-10( 28)
  0.370158621205E+01 -0.641133538787E+01  0.000000000000E+00
  0.370158621205E+01  0.641133538787E+01  0.000000000000E+00
  0.000000000000E+00  0.000000000000E+00  0.868503800000E+01
    1
  0.100000000000E+01  0.000000000000E+00  0.000000000000E+00
  0.000000000000E+00  0.100000000000E+01  0.000000000000E+00
  0.000000000000E+00  0.000000000000E+00  0.100000000000E+01
  0.000000000000E+00  0.000000000000E+00  0.000000000000E+00
   15
    6      3.538488294023      4.687702188827      2.624930566218
    6      2.292975575848     -1.135086021985      2.575544358242
    6      3.848030718578      0.968851248012      2.605911012730
    6      5.276698560535      2.856812470376      2.591102504093
    6      4.639126776350     -1.426753735585      2.659073018064
    6      6.318146218763      0.461753491619      2.556555937176
    6      0.939390613594     -0.712188034247      2.584023856269
    6      3.039201084069      2.135464416756      2.577925826251
    6      3.846942268982      3.305963918952      2.582446248791
    6      2.619809928027     -2.595785589193      2.635045718253
    6      3.539350909364     -0.412371491503      2.587784372110
    6      5.279599777511      1.416727843197      2.589724938686
    6      4.034539279798     -5.854448812150      2.441945618593
    6      4.020603869973     -2.693131160737      2.836265088711
    6      5.992475517376     -1.003510732338      2.634391935813
    1    1
