   3   1   1 E -5.7032811548683E+02 DE-2.2E-10( 28)
  0.370158621205E+01 -0.641133538787E+01  0.000000000000E+00
  0.370158621205E+01  0.641133538787E+01  0.000000000000E+00
  0.000000000000E+00  0.000000000000E+00  0.868503800000E+01
    1
  0.100000000000E+01  0.000000000000E+00  0.000000000000E+00
  0.000000000000E+00  0.100000000000E+01  0.000000000000E+00
  0.000000000000E+00  0.000000000000E+00  0.100000000000E+01
  0.000000000000E+00  0.000000000000E+00  0.000000000000E+00
   15
    6      3.557032241131      4.660277870906      2.525677232790
    6      2.299360831230     -1.184341973827      2.346967469564
    6      3.939254937144      0.916779420208      2.529889724017
    6      5.278754436098      2.879863059944      2.947038750033
    6      4.658122943909     -1.363635091111      2.003775963858
    6      6.301221869037      0.506572783406      3.237234851935
    6      0.954044109407     -0.748730973363      2.410396776221
    6      3.164521116390      1.967647736310      2.702150157688
    6      3.847427767647      3.302005227647      2.706507638718
    6      2.677916729937     -2.625522057685      2.703237749248
    6      3.571555019667     -0.498993874533      2.616582519861
    6      5.326868262551      1.443311072627      2.567514888857
    6      3.755171673411     -5.826610172635      1.761905992316
    6      3.857722450823     -2.463343530029      3.522350498950
    6      6.036405004407     -0.965279497864      2.501440785942
    1    1
