   3   1   1 E -5.7058118501642E+02 DE 2.1E-09( 22)
  0.370158621205E+01 -0.641133538787E+01  0.000000000000E+00
  0.370158621205E+01  0.641133538787E+01  0.000000000000E+00
  0.000000000000E+00  0.000000000000E+00  0.868503800000E+01
    1
  0.100000000000E+01  0.000000000000E+00  0.000000000000E+00
  0.000000000000E+00  0.100000000000E+01  0.000000000000E+00
  0.000000000000E+00  0.000000000000E+00  0.100000000000E+01
  0.000000000000E+00  0.000000000000E+00  0.000000000000E+00
   15
    6      3.574700018763      4.655369602065      2.543384346905
    6      2.320711516888     -1.149943163906      2.654249160271
    6      3.835776502687      0.988659907005      2.596681203934
    6      5.283289077594      2.833796792866      2.562565738205
    6      4.678719360511     -1.353714682051      2.835482194795
    6      6.303345713267      0.445543496974      2.199539931131
    6      0.941966217617     -0.775454980666      2.410362712721
    6      2.964692444388      2.266795690959      2.737497943611
    6      3.888177392671      3.256552256972      2.649641261676
    6      2.616916806753     -2.565123442092      2.878432564721
    6      3.587579556089     -0.428151056693      2.347080585671
    6      5.284449961840      1.391389949044      2.796484018803
    6      3.936111837940     -6.035959047680      2.868515326893
    6      3.998219125367     -2.575261619366      2.473172392438
    6      6.010723860414     -0.954499703430      2.529581618225
    1    1
