   3   1   1 E -5.7034639936417E+02 DE-1.3E-08( 24)
  0.370158621205E+01 -0.641133538787E+01  0.000000000000E+00
  0.370158621205E+01  0.641133538787E+01  0.000000000000E+00
  0.000000000000E+00  0.000000000000E+00  0.868503800000E+01
    1
  0.100000000000E+01  0.000000000000E+00  0.000000000000E+00
  0.000000000000E+00  0.100000000000E+01  0.000000000000E+00
  0.000000000000E+00  0.000000000000E+00  0.100000000000E+01
  0.000000000000E+00  0.000000000000E+00  0.000000000000E+00
   15
    6      3.574681656899      4.709409989105      2.545676631402
    6      2.295437670332     -1.173070015996      2.366400835982
    6      3.906170335053      0.914204119788      2.559110267143
    6      5.282482059803      2.880946431868      2.930786245905
    6      4.668630970511     -1.355997062481      1.970786351002
    6      6.292565493456      0.484079674558      3.184960930611
    6      0.940255184111     -0.735486529383      2.459177366501
    6      3.101436413159      1.958803763744      2.772612356354
    6      3.874497076828      3.348246046455      2.702722298791
    6      2.655504959698     -2.617417020766      2.631412789215
    6      3.578821980038     -0.468754191177      2.612169952245
    6      5.297625959320      1.427008864417      2.551579308042
    6      3.781653295718     -5.947147043655      1.810505698613
    6      3.937962143680     -2.473339554481      3.488767805484
    6      6.037654194183     -0.951487471995      2.496002162711
    1    1
