   3   1   1 E -5.7055025644018E+02 DE-4.9E-11( 25)
  0.370158621205E+01 -0.641133538787E+01  0.000000000000E+00
  0.370158621205E+01  0.641133538787E+01  0.000000000000E+00
  0.000000000000E+00  0.000000000000E+00  0.868503800000E+01
    1
  0.100000000000E+01  0.000000000000E+00  0.000000000000E+00
  0.000000000000E+00  0.100000000000E+01  0.000000000000E+00
  0.000000000000E+00  0.000000000000E+00  0.100000000000E+01
  0.000000000000E+00  0.000000000000E+00  0.000000000000E+00
   15
    6      3.592492812803      4.775070369833      2.520210910596
    6      2.340784205009     -1.132510825658      2.669769634905
    6      3.809781711096      0.929133201717      2.597218929387
    6      5.291620128652      2.867240821989      2.607578996559
    6      4.698488456568     -1.363023766374      2.854215420717
    6      6.282180637945      0.469824905918      2.254140461484
    6      0.975020366098     -0.734480767136      2.397572857528
    6      2.828021236126      1.868861549637      2.624382500287
    6      3.968609876919      3.474820590290      2.641115936220
    6      2.590194072444     -2.542805260034      2.859546771690
    6      3.623871074881     -0.443945876162      2.386876436812
    6      5.260011876776      1.406752710605      2.773194513669
    6      3.971147856351     -6.065960455559      2.818488229407
    6      3.998489044590     -2.587574443600      2.551189608575
    6      5.994666036531     -0.921402755468      2.527169792165
    1    1
