   3   1   1 E -5.7074410555260E+02 DE 2.0E-10( 12)
  0.370158621205E+01 -0.641133538787E+01  0.000000000000E+00
  0.370158621205E+01  0.641133538787E+01  0.000000000000E+00
  0.000000000000E+00  0.000000000000E+00  0.868503800000E+01
    1
  0.100000000000E+01  0.000000000000E+00  0.000000000000E+00
  0.000000000000E+00  0.100000000000E+01  0.000000000000E+00
  0.000000000000E+00  0.000000000000E+00  0.100000000000E+01
  0.000000000000E+00  0.000000000000E+00  0.000000000000E+00
   15
    6      3.536432472000      4.686949782379      2.613958741576
    6      2.291744364557     -1.134068295561      2.582469605932
    6      3.847851063949      0.967346137875      2.600081107039
    6      5.275926391268      2.856911421348      2.610688810516
    6      4.640762597110     -1.426428099798      2.634568070569
    6      6.320419293036      0.460284489205      2.580724205001
    6      0.939664724933     -0.711509508131      2.593014964282
    6      3.041396067439      2.133397792985      2.544394431081
    6      3.844526900224      3.305268988509      2.585024889640
    6      2.616995930850     -2.595315018351      2.635181784561
    6      3.537783939360     -0.414570178976      2.582975190186
    6      5.277446665094      1.417693891523      2.610844475244
    6      4.034810686278     -5.843537870131      2.515544046813
    6      4.026848066904     -2.699161716540      2.778190138761
    6      5.992770229789     -1.003261816337      2.615010538795
    1    1
