   3   1   1 E -5.7058634796777E+02 DE 9.3E-11( 23)
  0.370158621205E+01 -0.641133538787E+01  0.000000000000E+00
  0.370158621205E+01  0.641133538787E+01  0.000000000000E+00
  0.000000000000E+00  0.000000000000E+00  0.868503800000E+01
    1
  0.100000000000E+01  0.000000000000E+00  0.000000000000E+00
  0.000000000000E+00  0.100000000000E+01  0.000000000000E+00
  0.000000000000E+00  0.000000000000E+00  0.100000000000E+01
  0.000000000000E+00  0.000000000000E+00  0.000000000000E+00
   15
    6      3.577256340600      4.656692764723      2.526103534706
    6      2.326755609894     -1.158340762535      2.648347183583
    6      3.836235377149      0.985355534601      2.595146981626
    6      5.281282169639      2.832988254258      2.583374075075
    6      4.684401648461     -1.354397909191      2.830886512395
    6      6.294695645373      0.447118823579      2.210064029759
    6      0.952595741504     -0.790095628140      2.398205775108
    6      2.966431749111      2.258960799113      2.720375529533
    6      3.885300117469      3.253237753366      2.654126728481
    6      2.619174946095     -2.569148748940      2.900851401151
    6      3.591799166105     -0.433346740678      2.346291468689
    6      5.284195294683      1.391667400967      2.813215409161
    6      3.916750669239     -5.989007071872      2.836836038588
    6      3.994702689097     -2.575710987019      2.502672887022
    6      6.013802228371     -0.955973482234      2.516173445124
    1    1
