   3   1   1 E -5.7034215318454E+02 DE-5.8E-11( 28)
  0.370158621205E+01 -0.641133538787E+01  0.000000000000E+00
  0.370158621205E+01  0.641133538787E+01  0.000000000000E+00
  0.000000000000E+00  0.000000000000E+00  0.868503800000E+01
    1
  0.100000000000E+01  0.000000000000E+00  0.000000000000E+00
  0.000000000000E+00  0.100000000000E+01  0.000000000000E+00
  0.000000000000E+00  0.000000000000E+00  0.100000000000E+01
  0.000000000000E+00  0.000000000000E+00  0.000000000000E+00
   15
    6      3.569656931077      4.712622498967      2.544034295441
    6      2.284544160383     -1.161298410619      2.364903628889
    6      3.910525893776      0.915560479793      2.561134999006
    6      5.280006989428      2.881427758321      2.947394265371
    6      4.666787114578     -1.358470969348      1.967245542526
    6      6.294261897692      0.475443806611      3.179038423689
    6      0.925137952374     -0.715782210110      2.461362424637
    6      3.110945315331      1.968660707849      2.765003477633
    6      3.868848963397      3.344607008360      2.704376460091
    6      2.649817521133     -2.609199877648      2.644368865025
    6      3.576648881706     -0.468085496081      2.608485715316
    6      5.303135254481      1.427880481033      2.556616217184
    6      3.814513229328     -5.977730676290      1.772720635988
    6      3.937933157731     -2.477803266038      3.514949190937
    6      6.032616130373     -0.957831834799      2.491036858268
    1    1
