   3   1   1 E -5.7032995334964E+02 DE 6.9E-09( 25)
  0.370158621205E+01 -0.641133538787E+01  0.000000000000E+00
  0.370158621205E+01  0.641133538787E+01  0.000000000000E+00
  0.000000000000E+00  0.000000000000E+00  0.868503800000E+01
    1
  0.100000000000E+01  0.000000000000E+00  0.000000000000E+00
  0.000000000000E+00  0.100000000000E+01  0.000000000000E+00
  0.000000000000E+00  0.000000000000E+00  0.100000000000E+01
  0.000000000000E+00  0.000000000000E+00  0.000000000000E+00
   15
    6      3.563610193836      4.700853897647      2.527755381283
    6      2.285436059697     -1.164534180734      2.338785268183
    6      3.920681253859      0.910469252236      2.548368975438
    6      5.282889982114      2.883037660757      2.946197423622
    6      4.665808408564     -1.359711755769      1.991750635783
    6      6.294413988408      0.483387567464      3.209605956944
    6      0.931990102255     -0.724498438156      2.442014142572
    6      3.136490715730      1.965056353347      2.717569363208
    6      3.862408009105      3.334046879415      2.689446854669
    6      2.654991114632     -2.612812703193      2.660464860118
    6      3.575935529987     -0.476258134040      2.618595050997
    6      5.316493182329      1.433341265127      2.566431845032
    6      3.798118624277     -5.939673163557      1.761694179236
    6      3.903374071233     -2.470312184655      3.564333136494
    6      6.032738156764     -0.962392315889      2.499657926420
    1    1
