   3   1   1 E -5.7056942998787E+02 DE 7.7E-10( 23)
  0.370158621205E+01 -0.641133538787E+01  0.000000000000E+00
  0.370158621205E+01  0.641133538787E+01  0.000000000000E+00
  0.000000000000E+00  0.000000000000E+00  0.868503800000E+01
    1
  0.100000000000E+01  0.000000000000E+00  0.000000000000E+00
  0.000000000000E+00  0.100000000000E+01  0.000000000000E+00
  0.000000000000E+00  0.000000000000E+00  0.100000000000E+01
  0.000000000000E+00  0.000000000000E+00  0.000000000000E+00
   15
    6      3.582178918679      4.739023056659      2.522457143941
    6      2.330223761509     -1.132025693793      2.678729039216
    6      3.817649633174      0.948228201065      2.601527324346
    6      5.283354599142      2.853852961664      2.598281087716
    6      4.693853888231     -1.361561860709      2.868122843694
    6      6.287304300977      0.462427442546      2.233615356464
    6      0.963126160428     -0.742317575347      2.397401346764
    6      2.874683040444      1.992690013735      2.627483617353
    6      3.944413060694      3.411769269361      2.646352922830
    6      2.578564594815     -2.543705291930      2.855126315681
    6      3.613754519774     -0.439676044806      2.375501283330
    6      5.272734600732      1.402366504442      2.787661106522
    6      3.983349122394     -6.070943059069      2.823336299380
    6      4.006862251281     -2.587013281218      2.546255528826
    6      5.993326940516     -0.933114642600      2.520819783938
    1    1
