   3   1   1 E -5.7073691267740E+02 DE 4.2E-05( 26)
  0.370158621205E+01 -0.641133538787E+01  0.000000000000E+00
  0.370158621205E+01  0.641133538787E+01  0.000000000000E+00
  0.000000000000E+00  0.000000000000E+00  0.868503800000E+01
    1
  0.100000000000E+01  0.000000000000E+00  0.000000000000E+00
  0.000000000000E+00  0.100000000000E+01  0.000000000000E+00
  0.000000000000E+00  0.000000000000E+00  0.100000000000E+01
  0.000000000000E+00  0.000000000000E+00  0.000000000000E+00
   15
    6      3.541993572481      4.680135078212      2.607711302697
    6      2.288514655144     -1.142075372098      2.488267835107
    6      3.861185167049      0.960642280261      2.620375845257
    6      5.279750713363      2.858063229057      2.692383178502
    6      4.644225383087     -1.416235855044      2.607067934260
    6      6.317644249323      0.453703223417      2.592122525294
    6      0.933275809891     -0.729791243478      2.458524983663
    6      3.031230425160      2.121543367079      2.665298153228
    6      3.845961825349      3.293655615209      2.643328840905
    6      2.611442476304     -2.578584795177      2.701579280743
    6      3.547142479691     -0.414010202359      2.492463988619
    6      5.286363721091      1.411063248988      2.674809683963
    6      4.013224574608     -5.880790427521      2.247623844661
    6      4.018136459600     -2.628510049210      2.974387842195
    6      6.005287880647     -0.988808097333      2.616725760903
    1    1
