   3   1   1 E -5.7051652657662E+02 DE 3.7E-09( 23)
  0.370158621205E+01 -0.641133538787E+01  0.000000000000E+00
  0.370158621205E+01  0.641133538787E+01  0.000000000000E+00
  0.000000000000E+00  0.000000000000E+00  0.868503800000E+01
    1
  0.100000000000E+01  0.000000000000E+00  0.000000000000E+00
  0.000000000000E+00  0.100000000000E+01  0.000000000000E+00
  0.000000000000E+00  0.000000000000E+00  0.100000000000E+01
  0.000000000000E+00  0.000000000000E+00  0.000000000000E+00
   15
    6      3.599217717930      4.822935606661      2.519420219856
    6      2.347850742710     -1.113721811201      2.645369315007
    6      3.798729040969      0.925311827756      2.692665884975
    6      5.305738466915      2.878638605595      2.670629645955
    6      4.680767401241     -1.370442857260      2.799366933494
    6      6.242111761547      0.425309913646      2.340412384297
    6      0.975763735008     -0.674203211383      2.225968442838
    6      2.810585754997      1.826365537749      2.722104058343
    6      3.981955864755      3.518089764328      2.695443631940
    6      2.623136412495     -2.541974780222      2.922866699125
    6      3.621030837801     -0.446163782853      2.420788841266
    6      5.261760693385      1.413973144475      2.820726264855
    6      4.106566704415     -6.060302628013      2.304008435917
    6      3.904783436175     -2.662904775116      2.752762757235
    6      5.965380822449     -0.940910554161      2.550137484898
    1    1
