   3   1   1 E -5.7059809286222E+02 DE-3.2E-10( 24)
  0.370158621205E+01 -0.641133538787E+01  0.000000000000E+00
  0.370158621205E+01  0.641133538787E+01  0.000000000000E+00
  0.000000000000E+00  0.000000000000E+00  0.868503800000E+01
    1
  0.100000000000E+01  0.000000000000E+00  0.000000000000E+00
  0.000000000000E+00  0.100000000000E+01  0.000000000000E+00
  0.000000000000E+00  0.000000000000E+00  0.100000000000E+01
  0.000000000000E+00  0.000000000000E+00  0.000000000000E+00
   15
    6      3.579204275559      4.687801476773      2.501721904471
    6      2.330610609867     -1.153949845071      2.645333385688
    6      3.827729171141      0.966062886801      2.590327640760
    6      5.288678178318      2.838716213245      2.595692858772
    6      4.690087610033     -1.356216144648      2.855583537614
    6      6.288871188406      0.452356264100      2.220789337461
    6      0.959031731083     -0.789307522345      2.389105103897
    6      2.957457697187      2.159156976506      2.672011786047
    6      3.905697133167      3.312688735652      2.637697895742
    6      2.607852720015     -2.562141606986      2.886559254619
    6      3.600520145089     -0.437059274202      2.365952800448
    6      5.284604168541      1.393924013927      2.805532998479
    6      3.918511796130     -5.985808382501      2.859426842065
    6      3.979189010645     -2.576766419925      2.540712147705
    6      6.007333957608     -0.949457371325      2.516223506234
    1    1
