   3   1   1 E -5.7034629325880E+02 DE 2.7E-11( 28)
  0.370158621205E+01 -0.641133538787E+01  0.000000000000E+00
  0.370158621205E+01  0.641133538787E+01  0.000000000000E+00
  0.000000000000E+00  0.000000000000E+00  0.868503800000E+01
    1
  0.100000000000E+01  0.000000000000E+00  0.000000000000E+00
  0.000000000000E+00  0.100000000000E+01  0.000000000000E+00
  0.000000000000E+00  0.000000000000E+00  0.100000000000E+01
  0.000000000000E+00  0.000000000000E+00  0.000000000000E+00
   15
    6      3.573580414640      4.710796504916      2.546113423984
    6      2.292518801698     -1.169780192788      2.366232360082
    6      3.906765885003      0.914633511821      2.559818420889
    6      5.282335730765      2.881087758378      2.932673902229
    6      4.667994452681     -1.356538526491      1.971192271440
    6      6.293258710927      0.481498684751      3.182488106226
    6      0.936017674305     -0.729577713106      2.462126804917
    6      3.102965637634      1.960835899087      2.771892953386
    6      3.873931845595      3.348076097425      2.703120692323
    6      2.654378448700     -2.615305798655      2.633339514770
    6      3.578133415072     -0.468363752661      2.611347595096
    6      5.298777353895      1.427097623970      2.551463476538
    6      3.789853870069     -5.957099254633      1.802713829711
    6      3.938486307689     -2.474569245855      3.493050237569
    6      6.036380844118     -0.952791596157      2.495097410840
    1    1
