   3   1   1 E -5.7074404606243E+02 DE-2.8E-10( 12)
  0.370158621205E+01 -0.641133538787E+01  0.000000000000E+00
  0.370158621205E+01  0.641133538787E+01  0.000000000000E+00
  0.000000000000E+00  0.000000000000E+00  0.868503800000E+01
    1
  0.100000000000E+01  0.000000000000E+00  0.000000000000E+00
  0.000000000000E+00  0.100000000000E+01  0.000000000000E+00
  0.000000000000E+00  0.000000000000E+00  0.100000000000E+01
  0.000000000000E+00  0.000000000000E+00  0.000000000000E+00
   15
    6      3.536326604873      4.685959096680      2.613593231371
    6      2.292395989275     -1.135055910395      2.576348601965
    6      3.846974986347      0.968608805707      2.603260816335
    6      5.277505779135      2.856856472979      2.604121161159
    6      4.639792530826     -1.424304203135      2.638990893919
    6      6.320290248517      0.460334858944      2.582209400896
    6      0.939519694040     -0.713012290525      2.589335108018
    6      3.040857320640      2.134582897120      2.554818967266
    6      3.844861403304      3.305527366848      2.583640380274
    6      2.618337867147     -2.597673498876      2.628885870158
    6      3.535710918014     -0.413432847948      2.583115329657
    6      5.277282462642      1.417417465016      2.608276303408
    6      4.035759149224     -5.844843976365      2.516664400107
    6      4.026687394017     -2.697886637729      2.780724859836
    6      5.993077044788     -1.003077598321      2.618685675631
    1    1
