   3   1   1 E -5.7033330016591E+02 DE 2.2E-12( 32)
  0.370158621205E+01 -0.641133538787E+01  0.000000000000E+00
  0.370158621205E+01  0.641133538787E+01  0.000000000000E+00
  0.000000000000E+00  0.000000000000E+00  0.868503800000E+01
    1
  0.100000000000E+01  0.000000000000E+00  0.000000000000E+00
  0.000000000000E+00  0.100000000000E+01  0.000000000000E+00
  0.000000000000E+00  0.000000000000E+00  0.100000000000E+01
  0.000000000000E+00  0.000000000000E+00  0.000000000000E+00
   15
    6      3.544416012088      4.645135217009      2.527911270215
    6      2.263612104588     -1.158732415683      2.341062863319
    6      3.944759633219      0.941022907884      2.538416106518
    6      5.279880662474      2.876496203587      2.935343968268
    6      4.645945351619     -1.353878357574      2.023703644575
    6      6.305938816675      0.466304685224      3.197902341468
    6      0.900484372478     -0.718084331363      2.465565939034
    6      3.275322171983      2.114162950666      2.702957415462
    6      3.803355106090      3.246985379533      2.696685135863
    6      2.670100838649     -2.612744493394      2.670328150138
    6      3.551331246125     -0.469651179250      2.622607042516
    6      5.343267305025      1.435751480723      2.560085843731
    6      3.801401449549     -5.971007129926      1.779384857788
    6      3.864781189852     -2.458532086804      3.527839807010
    6      6.030783132377     -0.983228830635      2.492876614097
    1    1
