   3   1   1 E -5.7059503008031E+02 DE 3.4E-11( 25)
  0.370158621205E+01 -0.641133538787E+01  0.000000000000E+00
  0.370158621205E+01  0.641133538787E+01  0.000000000000E+00
  0.000000000000E+00  0.000000000000E+00  0.868503800000E+01
    1
  0.100000000000E+01  0.000000000000E+00  0.000000000000E+00
  0.000000000000E+00  0.100000000000E+01  0.000000000000E+00
  0.000000000000E+00  0.000000000000E+00  0.100000000000E+01
  0.000000000000E+00  0.000000000000E+00  0.000000000000E+00
   15
    6      3.563769243700      4.675106908200      2.521112629458
    6      2.312450571007     -1.134064462267      2.678796647458
    6      3.839186683021      0.976619619091      2.600160220439
    6      5.273286660947      2.835097789160      2.586659365226
    6      4.681670228789     -1.361657734080      2.868152985511
    6      6.297310884187      0.448769471584      2.239816896421
    6      0.940263273994     -0.752186347377      2.386708020707
    6      2.960846731121      2.202946728883      2.652411770927
    6      3.899883041386      3.298916815988      2.645249499219
    6      2.576215634908     -2.547345702195      2.870789191486
    6      3.594566863257     -0.438298032462      2.360240184660
    6      5.298272436252      1.396373849506      2.809808546839
    6      3.996583279265     -6.064116312116      2.805934244080
    6      3.998015813551     -2.580614068789      2.539260313157
    6      5.993058047405     -0.955548523126      2.517570484413
    1    1
