   3   1   1 E -5.7057999534332E+02 DE 9.2E-10( 22)
  0.370158621205E+01 -0.641133538787E+01  0.000000000000E+00
  0.370158621205E+01  0.641133538787E+01  0.000000000000E+00
  0.000000000000E+00  0.000000000000E+00  0.868503800000E+01
    1
  0.100000000000E+01  0.000000000000E+00  0.000000000000E+00
  0.000000000000E+00  0.100000000000E+01  0.000000000000E+00
  0.000000000000E+00  0.000000000000E+00  0.100000000000E+01
  0.000000000000E+00  0.000000000000E+00  0.000000000000E+00
   15
    6      3.573335776300      4.655093859041      2.549051373227
    6      2.318793522886     -1.145761510754      2.664805677326
    6      3.836371970920      0.991246664337      2.604508880187
    6      5.283940273925      2.834928537502      2.558551394331
    6      4.676293883074     -1.353028007982      2.835310020806
    6      6.302890431191      0.443614977262      2.203901621489
    6      0.939035562458     -0.768845148103      2.410215422795
    6      2.965401399581      2.268692292496      2.728260177252
    6      3.887723894489      3.258120763420      2.650731735704
    6      2.615070199214     -2.561636611367      2.882901639150
    6      3.586340131713     -0.425435654754      2.350256271158
    6      5.286013145166      1.392289328926      2.794616274919
    6      3.951534366167     -6.059188937773      2.853534678533
    6      3.995081395317     -2.574815522069      2.465547429723
    6      6.007553440389     -0.955275030180      2.530478403399
    1    1
