   3   1   1 E -5.7059508113216E+02 DE-3.8E-09( 21)
  0.370158621205E+01 -0.641133538787E+01  0.000000000000E+00
  0.370158621205E+01  0.641133538787E+01  0.000000000000E+00
  0.000000000000E+00  0.000000000000E+00  0.868503800000E+01
    1
  0.100000000000E+01  0.000000000000E+00  0.000000000000E+00
  0.000000000000E+00  0.100000000000E+01  0.000000000000E+00
  0.000000000000E+00  0.000000000000E+00  0.100000000000E+01
  0.000000000000E+00  0.000000000000E+00  0.000000000000E+00
   15
    6      3.563174872272      4.658135993406      2.516516963099
    6      2.313910032054     -1.144899336123      2.658654303826
    6      3.847378456621      0.975435568620      2.578762551660
    6      5.267763912353      2.827813598300      2.584278678535
    6      4.686574427876     -1.363617597051      2.871621513624
    6      6.304892844896      0.457500629023      2.232439763619
    6      0.945694801088     -0.770807715683      2.389834407094
    6      2.973756910443      2.245236411634      2.671633640596
    6      3.889065511310      3.267130589112      2.636460050328
    6      2.583623243311     -2.557618499762      2.864464737173
    6      3.594047667457     -0.447821664706      2.351344689517
    6      5.301319780475      1.393691632491      2.814048733527
    6      3.952847517009     -6.004814718868      2.829089018547
    6      3.997922815330     -2.578494473403      2.561910891541
    6      6.003406600294     -0.956870416991      2.521611057316
    1    1
