   3   1   1 E -5.7058250454715E+02 DE-1.2E-10( 24)
  0.370158621205E+01 -0.641133538787E+01  0.000000000000E+00
  0.370158621205E+01  0.641133538787E+01  0.000000000000E+00
  0.000000000000E+00  0.000000000000E+00  0.868503800000E+01
    1
  0.100000000000E+01  0.000000000000E+00  0.000000000000E+00
  0.000000000000E+00  0.100000000000E+01  0.000000000000E+00
  0.000000000000E+00  0.000000000000E+00  0.100000000000E+01
  0.000000000000E+00  0.000000000000E+00  0.000000000000E+00
   15
    6      3.576634221051      4.656321039238      2.536762697791
    6      2.324267879932     -1.154996235753      2.650311038894
    6      3.834674464414      0.986677684445      2.594292953313
    6      5.282376502661      2.832413395908      2.570271928091
    6      4.681769015766     -1.354391981282      2.835567716143
    6      6.299245616380      0.446104223343      2.197533565969
    6      0.948519930536     -0.783766166859      2.407582666992
    6      2.962239979485      2.264981699053      2.735545594024
    6      3.888279279943      3.255256665795      2.652352830322
    6      2.618883466566     -2.568570671003      2.885705762075
    6      3.589730773780     -0.431625165324      2.346148799107
    6      5.283212592043      1.390756430294      2.802086601677
    6      3.923280725825     -6.007320990542      2.857911784121
    6      3.999350194033     -2.577066086950      2.486357426138
    6      6.012914750374     -0.954773840363      2.524239635340
    1    1
