   3   1   1 E -5.7059880699896E+02 DE-7.3E-10( 24)
  0.370158621205E+01 -0.641133538787E+01  0.000000000000E+00
  0.370158621205E+01  0.641133538787E+01  0.000000000000E+00
  0.000000000000E+00  0.000000000000E+00  0.868503800000E+01
    1
  0.100000000000E+01  0.000000000000E+00  0.000000000000E+00
  0.000000000000E+00  0.100000000000E+01  0.000000000000E+00
  0.000000000000E+00  0.000000000000E+00  0.100000000000E+01
  0.000000000000E+00  0.000000000000E+00  0.000000000000E+00
   15
    6      3.570994652078      4.683325008454      2.509987402077
    6      2.318163966199     -1.146731914481      2.670084008785
    6      3.826568336891      0.969954707624      2.589473162903
    6      5.270764569564      2.831842565257      2.597021464198
    6      4.687410037101     -1.364043144470      2.881216879825
    6      6.288617811821      0.447858388965      2.214559942363
    6      0.952137656478     -0.765730103599      2.388538354838
    6      2.957094107846      2.192128405379      2.665232727177
    6      3.899860966374      3.303851630105      2.647797988868
    6      2.580322876179     -2.558768635700      2.868636072351
    6      3.596974593177     -0.446074056885      2.367207258690
    6      5.287423580523      1.392164888333      2.805383950579
    6      3.974785509002     -5.997294117429      2.820057021560
    6      4.015446179606     -2.590897559688      2.541657085384
    6      5.998814549953     -0.951586061864      2.515817680403
    1    1
