   3   1   1 E -5.7032694161604E+02 DE 1.4E-09( 28)
  0.370158621205E+01 -0.641133538787E+01  0.000000000000E+00
  0.370158621205E+01  0.641133538787E+01  0.000000000000E+00
  0.000000000000E+00  0.000000000000E+00  0.868503800000E+01
    1
  0.100000000000E+01  0.000000000000E+00  0.000000000000E+00
  0.000000000000E+00  0.100000000000E+01  0.000000000000E+00
  0.000000000000E+00  0.000000000000E+00  0.100000000000E+01
  0.000000000000E+00  0.000000000000E+00  0.000000000000E+00
   15
    6      3.555643015179      4.629018294423      2.522779250819
    6      2.299159668686     -1.198853365338      2.374466758122
    6      3.939695779171      0.933330906744      2.536022069313
    6      5.277416560110      2.873480075220      2.961272393730
    6      4.654671996071     -1.351933582128      1.987841675420
    6      6.292363860444      0.495499173904      3.218551170648
    6      0.952615445534     -0.791025588889      2.403840011093
    6      3.248533658799      2.078881341280      2.704159086344
    6      3.808898845600      3.251811707286      2.703098267443
    6      2.675318708259     -2.635978131809      2.684798560297
    6      3.563122280333     -0.480674002495      2.628922735849
    6      5.329796741009      1.435795726286      2.575905431179
    6      3.725896327420     -5.815351896410      1.790428821797
    6      3.861461596710     -2.449947267298      3.497193574720
    6      6.040784909464     -0.974053390776      2.493391193225
    1    1
