   3   1   1 E -5.7058009631517E+02 DE-5.2E-10( 23)
  0.370158621205E+01 -0.641133538787E+01  0.000000000000E+00
  0.370158621205E+01  0.641133538787E+01  0.000000000000E+00
  0.000000000000E+00  0.000000000000E+00  0.868503800000E+01
    1
  0.100000000000E+01  0.000000000000E+00  0.000000000000E+00
  0.000000000000E+00  0.100000000000E+01  0.000000000000E+00
  0.000000000000E+00  0.000000000000E+00  0.100000000000E+01
  0.000000000000E+00  0.000000000000E+00  0.000000000000E+00
   15
    6      3.573404832164      4.655063531609      2.548551784726
    6      2.318841095537     -1.146084204951      2.663611207662
    6      3.836382024592      0.990982311040      2.603696575427
    6      5.283854956522      2.834861289304      2.558610338913
    6      4.676522984102     -1.353091731223      2.835362473132
    6      6.303175668409      0.443944142291      2.203762541644
    6      0.939128663534     -0.769324514211      2.410348638730
    6      2.965457989403      2.268449044304      2.729395621387
    6      3.887744283573      3.257923503717      2.650453827769
    6      2.615148396992     -2.561891724186      2.881853606896
    6      3.586402937669     -0.425657434369      2.349845815036
    6      5.285880444119      1.392195185533      2.794701776898
    6      3.949920661927     -6.057496029686      2.856282502388
    6      3.995603338866     -2.574743626445      2.465644386894
    6      6.007911115382     -0.955129742728      2.530549902498
    1    1
