   3   1   1 E -5.7034227527159E+02 DE-4.3E-10( 25)
  0.370158621205E+01 -0.641133538787E+01  0.000000000000E+00
  0.370158621205E+01  0.641133538787E+01  0.000000000000E+00
  0.000000000000E+00  0.000000000000E+00  0.868503800000E+01
    1
  0.100000000000E+01  0.000000000000E+00  0.000000000000E+00
  0.000000000000E+00  0.100000000000E+01  0.000000000000E+00
  0.000000000000E+00  0.000000000000E+00  0.100000000000E+01
  0.000000000000E+00  0.000000000000E+00  0.000000000000E+00
   15
    6      3.579320944355      4.703550844059      2.543013662792
    6      2.308004391447     -1.187092698862      2.371057864277
    6      3.903570554379      0.912157797528      2.555734670564
    6      5.282240739666      2.879800302953      2.933318061260
    6      4.671943303351     -1.354042457682      1.967871881308
    6      6.286360274384      0.493020851664      3.188706501923
    6      0.959258683842     -0.761436453412      2.437565600568
    6      3.095593104620      1.950740362213      2.770574219744
    6      3.874984561643      3.348060060534      2.703682419583
    6      2.660046197905     -2.626738694419      2.633135307383
    6      3.582276080267     -0.471569234001      2.617767402539
    6      5.293249478313      1.426723443057      2.554810469761
    6      3.751296478083     -5.895384171556      1.823836343509
    6      3.934860081098     -2.469887830690      3.483825035993
    6      6.042374519436     -0.947902121385      2.497771558795
    1    1
