   3   1   1 E -5.7034633759355E+02 DE 6.1E-09( 28)
  0.370158621205E+01 -0.641133538787E+01  0.000000000000E+00
  0.370158621205E+01  0.641133538787E+01  0.000000000000E+00
  0.000000000000E+00  0.000000000000E+00  0.868503800000E+01
    1
  0.100000000000E+01  0.000000000000E+00  0.000000000000E+00
  0.000000000000E+00  0.100000000000E+01  0.000000000000E+00
  0.000000000000E+00  0.000000000000E+00  0.100000000000E+01
  0.000000000000E+00  0.000000000000E+00  0.000000000000E+00
   15
    6      3.575071790669      4.708879296688      2.545478140539
    6      2.296501828676     -1.174280091019      2.366505712686
    6      3.905984257671      0.914034312499      2.558842862410
    6      5.282475811207      2.880879910078      2.930335270738
    6      4.668887378980     -1.355809169053      1.970541313577
    6      6.292264458279      0.485010803970      3.185825972100
    6      0.941827696987     -0.737694429031      2.457855649632
    6      3.100937727293      1.958124575972      2.772746043259
    6      3.874611232339      3.348248819454      2.702618608361
    6      2.655868476617     -2.618201133481      2.630965903578
    6      3.579086822155     -0.468929263830      2.612465745743
    6      5.297220617759      1.426979302351      2.551699481834
    6      3.778741404849     -5.943278946244      1.813008827163
    6      3.937792551274     -2.472915240864      3.487495331117
    6      6.038107338034     -0.951048747489      2.496286137263
    1    1
