   3   1   1 E -5.7074406901367E+02 DE-5.0E-10( 12)
  0.370158621205E+01 -0.641133538787E+01  0.000000000000E+00
  0.370158621205E+01  0.641133538787E+01  0.000000000000E+00
  0.000000000000E+00  0.000000000000E+00  0.868503800000E+01
    1
  0.100000000000E+01  0.000000000000E+00  0.000000000000E+00
  0.000000000000E+00  0.100000000000E+01  0.000000000000E+00
  0.000000000000E+00  0.000000000000E+00  0.100000000000E+01
  0.000000000000E+00  0.000000000000E+00  0.000000000000E+00
   15
    6      3.536500327446      4.686812799418      2.613221786973
    6      2.291897366309     -1.134017376230      2.582457551939
    6      3.848438812462      0.967113413451      2.599773302966
    6      5.275551882141      2.856932314003      2.611413073233
    6      4.640748061841     -1.426279679195      2.635309446405
    6      6.320318406636      0.460236778759      2.581557162179
    6      0.939708443982     -0.711575179415      2.592334718762
    6      3.041215460645      2.133676120872      2.540969019440
    6      3.844611441330      3.304983290737      2.582768928251
    6      2.616802471700     -2.594839118077      2.636974931443
    6      3.538115622382     -0.414675839411      2.583011406938
    6      5.277989524794      1.417759471137      2.611450550864
    6      4.034143066659     -5.843766549890      2.515724462163
    6      4.026860689704     -2.698883392763      2.779672902063
    6      5.992477814760     -1.003477053396      2.616031756379
    1    1
