   3   1   1 E -5.7062063428128E+02 DE 1.5E-10( 16)
  0.370158621205E+01 -0.641133538787E+01  0.000000000000E+00
  0.370158621205E+01  0.641133538787E+01  0.000000000000E+00
  0.000000000000E+00  0.000000000000E+00  0.868503800000E+01
    1
  0.100000000000E+01  0.000000000000E+00  0.000000000000E+00
  0.000000000000E+00  0.100000000000E+01  0.000000000000E+00
  0.000000000000E+00  0.000000000000E+00  0.100000000000E+01
  0.000000000000E+00  0.000000000000E+00  0.000000000000E+00
   15
    6      3.573089473482      4.673845405129      2.561245017848
    6      2.285646891054     -1.171525449566      2.415942237109
    6      3.891096333495      0.937571846651      2.578437566876
    6      5.275269871818      2.870346897719      2.828712601085
    6      4.661457717159     -1.408114464786      2.267573472511
    6      6.339209586488      0.472739497072      2.879289194854
    6      0.929264713588     -0.754053511772      2.399938337739
    6      3.077461548542      2.051353693512      2.765445622628
    6      3.866581942033      3.294977159105      2.695940249846
    6      2.623829843629     -2.579267799891      2.707004593103
    6      3.580556263795     -0.456477432531      2.473701748309
    6      5.279977102340      1.424421683183      2.669108304443
    6      3.831501171415     -5.936049909398      2.031040723031
    6      3.988722015684     -2.461468977376      3.250614052186
    6      6.021714918267     -0.958298637050      2.558677278429
    1    1
