   3   1   1 E -5.7033021499192E+02 DE-6.0E-10( 27)
  0.370158621205E+01 -0.641133538787E+01  0.000000000000E+00
  0.370158621205E+01  0.641133538787E+01  0.000000000000E+00
  0.000000000000E+00  0.000000000000E+00  0.868503800000E+01
    1
  0.100000000000E+01  0.000000000000E+00  0.000000000000E+00
  0.000000000000E+00  0.100000000000E+01  0.000000000000E+00
  0.000000000000E+00  0.000000000000E+00  0.100000000000E+01
  0.000000000000E+00  0.000000000000E+00  0.000000000000E+00
   15
    6      3.571621937652      4.721189082560      2.535809734851
    6      2.287515732212     -1.159962162310      2.363616594969
    6      3.906091878547      0.910666759747      2.559882962371
    6      5.283489724641      2.883430129133      2.958589257555
    6      4.669021286220     -1.360564823389      1.963235545439
    6      6.291648707334      0.478928258465      3.186390289579
    6      0.929004385369     -0.715274621025      2.450061199269
    6      3.086888644141      1.937753402622      2.754254204579
    6      3.882925535159      3.359607847810      2.699273805580
    6      2.647501044833     -2.604901011815      2.653473921534
    6      3.580651640146     -0.469457198362      2.606661254856
    6      5.301711083516      1.429113679154      2.565710542375
    6      3.820845444916     -5.974174831737      1.761456089596
    6      3.936223652012     -2.479748933897      3.533975128933
    6      6.030238696092     -0.956605576957      2.490280468511
    1    1
