   3   1   1 E -5.7032903442670E+02 DE 4.1E-09( 26)
  0.370158621205E+01 -0.641133538787E+01  0.000000000000E+00
  0.370158621205E+01  0.641133538787E+01  0.000000000000E+00
  0.000000000000E+00  0.000000000000E+00  0.868503800000E+01
    1
  0.100000000000E+01  0.000000000000E+00  0.000000000000E+00
  0.000000000000E+00  0.100000000000E+01  0.000000000000E+00
  0.000000000000E+00  0.000000000000E+00  0.100000000000E+01
  0.000000000000E+00  0.000000000000E+00  0.000000000000E+00
   15
    6      3.564628956374      4.653252663693      2.516589944960
    6      2.304596713645     -1.201766277522      2.345020341405
    6      3.929913629524      0.920537159581      2.541895389118
    6      5.276574599753      2.874863887915      2.952795069428
    6      4.664489684921     -1.351115037003      1.989230504293
    6      6.282728068965      0.494956776999      3.221081583148
    6      0.962434049468     -0.796066556891      2.390408440852
    6      3.213842639180      2.042887424515      2.714311012819
    6      3.819860955255      3.280168112131      2.695259095517
    6      2.670421874292     -2.640049458128      2.666235003663
    6      3.571037815336     -0.478602468388      2.629519684471
    6      5.319628914413      1.431254363263      2.574091102479
    6      3.717976222207     -5.809208766774      1.806028462322
    6      3.881687263365     -2.455426673412      3.541330650817
    6      6.045558006091     -0.965685149978      2.498874714709
    1    1
