   3   1   1 E -5.7033993522474E+02 DE-3.0E-11( 28)
  0.370158621205E+01 -0.641133538787E+01  0.000000000000E+00
  0.370158621205E+01  0.641133538787E+01  0.000000000000E+00
  0.000000000000E+00  0.000000000000E+00  0.868503800000E+01
    1
  0.100000000000E+01  0.000000000000E+00  0.000000000000E+00
  0.000000000000E+00  0.100000000000E+01  0.000000000000E+00
  0.000000000000E+00  0.000000000000E+00  0.100000000000E+01
  0.000000000000E+00  0.000000000000E+00  0.000000000000E+00
   15
    6      3.544529857976      4.648534680788      2.526306537485
    6      2.264810634282     -1.155311569343      2.347158871605
    6      3.945606866889      0.939135608596      2.538594440120
    6      5.284801423728      2.878782015188      2.948718395268
    6      4.642843337471     -1.357929079933      2.015597604273
    6      6.308871082438      0.468359479602      3.202420736267
    6      0.900138310829     -0.709601518812      2.463746273009
    6      3.256825797502      2.089728228376      2.705888501796
    6      3.816057166432      3.257040814921      2.705504584825
    6      2.676297235442     -2.607525078183      2.679497698727
    6      3.552219505892     -0.472278893698      2.617853092535
    6      5.344928185378      1.437794711761      2.566575552337
    6      3.814074806846     -5.968608595608      1.759693627764
    6      3.845303524052     -2.463313149777      3.520090455696
    6      6.028071657631     -0.984807653879      2.485024628293
    1    1
