   3   1   1 E -5.7074406057486E+02 DE-1.5E-10( 15)
  0.370158621205E+01 -0.641133538787E+01  0.000000000000E+00
  0.370158621205E+01  0.641133538787E+01  0.000000000000E+00
  0.000000000000E+00  0.000000000000E+00  0.868503800000E+01
    1
  0.100000000000E+01  0.000000000000E+00  0.000000000000E+00
  0.000000000000E+00  0.100000000000E+01  0.000000000000E+00
  0.000000000000E+00  0.000000000000E+00  0.100000000000E+01
  0.000000000000E+00  0.000000000000E+00  0.000000000000E+00
   15
    6      3.536196892183      4.686350665994      2.613521454429
    6      2.291985896284     -1.134520519863      2.578414067025
    6      3.847462740906      0.967762535529      2.601886309053
    6      5.276723611673      2.856555390632      2.605816383649
    6      4.640481332681     -1.425078314179      2.637550997421
    6      6.320756744151      0.460268407968      2.582185724090
    6      0.939341315381     -0.712272017727      2.590545929400
    6      3.040682965903      2.133766555047      2.550915980872
    6      3.844528192086      3.305306107653      2.583412150498
    6      2.617691410166     -2.596493276445      2.631319444800
    6      3.536669062282     -0.414017439892      2.583017819729
    6      5.277408806486      1.417218521291      2.608876447702
    6      4.035733171707     -5.844414603656      2.516512520849
    6      4.026749464936     -2.697394340574      2.780975553039
    6      5.992967785964     -1.003037671776      2.617720217442
    1    1
