   3   1   1 E -5.7073111555295E+02 DE 5.9E-10( 19)
  0.370158621205E+01 -0.641133538787E+01  0.000000000000E+00
  0.370158621205E+01  0.641133538787E+01  0.000000000000E+00
  0.000000000000E+00  0.000000000000E+00  0.868503800000E+01
    1
  0.100000000000E+01  0.000000000000E+00  0.000000000000E+00
  0.000000000000E+00  0.100000000000E+01  0.000000000000E+00
  0.000000000000E+00  0.000000000000E+00  0.100000000000E+01
  0.000000000000E+00  0.000000000000E+00  0.000000000000E+00
   15
    6      3.545462492875      4.675304361007      2.593303211523
    6      2.288661870921     -1.149086539570      2.475261506142
    6      3.863840392206      0.957889169157      2.627611024797
    6      5.275267917319      2.860835554509      2.721612177465
    6      4.645185177649     -1.410039869842      2.558490420928
    6      6.337928961168      0.468186774096      2.619770529039
    6      0.933427618441     -0.737460355702      2.435611291675
    6      3.026871477487      2.113071473602      2.676286019480
    6      3.846551105550      3.291197298074      2.650627596057
    6      2.608763930226     -2.579210819489      2.710059222430
    6      3.549406296630     -0.417998513347      2.484614486899
    6      5.278011589493      1.416771065944      2.683841213561
    6      4.002679877009     -5.882997826137      2.198988507593
    6      4.019395905481     -2.616154040888      3.019820868348
    6      6.003924780334     -0.990307731414      2.626772924060
    1    1
