   3   1   1 E -5.7032307531983E+02 DE 1.8E-09( 26)
  0.370158621205E+01 -0.641133538787E+01  0.000000000000E+00
  0.370158621205E+01  0.641133538787E+01  0.000000000000E+00
  0.000000000000E+00  0.000000000000E+00  0.868503800000E+01
    1
  0.100000000000E+01  0.000000000000E+00  0.000000000000E+00
  0.000000000000E+00  0.100000000000E+01  0.000000000000E+00
  0.000000000000E+00  0.000000000000E+00  0.100000000000E+01
  0.000000000000E+00  0.000000000000E+00  0.000000000000E+00
   15
    6      3.553989538274      4.638512107102      2.522317570557
    6      2.285738305902     -1.190194637188      2.364101801198
    6      3.934819379046      0.935072853771      2.541405018339
    6      5.268458099422      2.869326450203      2.951605643382
    6      4.657420289605     -1.350194595397      1.991854274639
    6      6.287403586664      0.480572251553      3.214003073359
    6      0.937549397054     -0.775173279623      2.413799290145
    6      3.267352214607      2.106422219520      2.709447830971
    6      3.796014391935      3.249626568684      2.696452872018
    6      2.654603318646     -2.633577502213      2.677994469482
    6      3.559988007513     -0.474727508986      2.631343976542
    6      5.328351461976      1.429956730471      2.568595398700
    6      3.749339560846     -5.859104991972      1.786050571161
    6      3.906316570392     -2.453122273366      3.517522344432
    6      6.038035270909     -0.973394392559      2.496176865075
    1    1
