   3   1   1 E -5.7033900390175E+02 DE 6.1E-11( 30)
  0.370158621205E+01 -0.641133538787E+01  0.000000000000E+00
  0.370158621205E+01  0.641133538787E+01  0.000000000000E+00
  0.000000000000E+00  0.000000000000E+00  0.868503800000E+01
    1
  0.100000000000E+01  0.000000000000E+00  0.000000000000E+00
  0.000000000000E+00  0.100000000000E+01  0.000000000000E+00
  0.000000000000E+00  0.000000000000E+00  0.100000000000E+01
  0.000000000000E+00  0.000000000000E+00  0.000000000000E+00
   15
    6      3.556412694157      4.666311429966      2.526554688418
    6      2.278551886764     -1.173551506418      2.350215191110
    6      3.929022956649      0.928502329903      2.548658007882
    6      5.281039267600      2.877789612123      2.947964146992
    6      4.653250721108     -1.354791071296      2.003910825715
    6      6.289470694377      0.468276783203      3.200210229613
    6      0.923566973255     -0.734687440814      2.439324823187
    6      3.230861737172      2.065550815960      2.711358841247
    6      3.818840805468      3.279454190746      2.699583399295
    6      2.668915311616     -2.622906333415      2.662978668618
    6      3.560965460318     -0.472685441820      2.634582036991
    6      5.328474760877      1.431245489664      2.563372870448
    6      3.794977409327     -5.917793407025      1.758113065400
    6      3.878013901056     -2.465470358092      3.538194563081
    6      6.033014813045     -0.975245092687      2.497649642004
    1    1
