   3   1   1 E -5.7072165939544E+02 DE 3.8E-10( 17)
  0.370158621205E+01 -0.641133538787E+01  0.000000000000E+00
  0.370158621205E+01  0.641133538787E+01  0.000000000000E+00
  0.000000000000E+00  0.000000000000E+00  0.868503800000E+01
    1
  0.100000000000E+01  0.000000000000E+00  0.000000000000E+00
  0.000000000000E+00  0.100000000000E+01  0.000000000000E+00
  0.000000000000E+00  0.000000000000E+00  0.100000000000E+01
  0.000000000000E+00  0.000000000000E+00  0.000000000000E+00
   15
    6      3.549748473270      4.673035937372      2.588291253399
    6      2.286731701605     -1.152395628641      2.463263648496
    6      3.870621176417      0.952689685638      2.621243135348
    6      5.279903182409      2.863164867860      2.737624198914
    6      4.642543620878     -1.424037083983      2.523575875661
    6      6.335357608590      0.465473297194      2.669263411116
    6      0.930419813409     -0.739954297342      2.421268732451
    6      3.032616502513      2.103982362587      2.685225544952
    6      3.852412672696      3.288625297219      2.657083949185
    6      2.613444906075     -2.574070572706      2.708141429148
    6      3.552706491254     -0.425338102909      2.480660162798
    6      5.278675221805      1.415014002736      2.689386982395
    6      3.978740292141     -5.892699690333      2.159341559387
    6      4.018709259901     -2.563623102482      3.052142399826
    6      6.002748469826     -0.989866972208      2.626158716921
    1    1
