   3   1   1 E -5.7058512061703E+02 DE-2.1E-10( 17)
  0.370158621205E+01 -0.641133538787E+01  0.000000000000E+00
  0.370158621205E+01  0.641133538787E+01  0.000000000000E+00
  0.000000000000E+00  0.000000000000E+00  0.868503800000E+01
    1
  0.100000000000E+01  0.000000000000E+00  0.000000000000E+00
  0.000000000000E+00  0.100000000000E+01  0.000000000000E+00
  0.000000000000E+00  0.000000000000E+00  0.100000000000E+01
  0.000000000000E+00  0.000000000000E+00  0.000000000000E+00
   15
    6      3.576298621336      4.677894031318      2.557855792847
    6      2.289820927718     -1.176062271309      2.412941664900
    6      3.892391372684      0.934388623781      2.568896096329
    6      5.272526790406      2.871389055439      2.841218842824
    6      4.667858174314     -1.395488274209      2.210176590597
    6      6.331868279185      0.475842341099      2.928750232940
    6      0.933537058849     -0.755337505358      2.402305466475
    6      3.086828464406      2.040780861868      2.773070950255
    6      3.868298728985      3.299272912148      2.697440987551
    6      2.630762427453     -2.586081104245      2.696957671505
    6      3.586670459232     -0.463399837591      2.489137076364
    6      5.278712972125      1.426347602835      2.658740060282
    6      3.816205482302     -5.934952122790      1.998774886844
    6      3.970361457821     -2.462057673709      3.297160439656
    6      6.023238175975     -0.952536639276      2.549244240630
    1    1
