   3   1   1 E -5.7074403957128E+02 DE-1.2E-10( 13)
  0.370158621205E+01 -0.641133538787E+01  0.000000000000E+00
  0.370158621205E+01  0.641133538787E+01  0.000000000000E+00
  0.000000000000E+00  0.000000000000E+00  0.868503800000E+01
    1
  0.100000000000E+01  0.000000000000E+00  0.000000000000E+00
  0.000000000000E+00  0.100000000000E+01  0.000000000000E+00
  0.000000000000E+00  0.000000000000E+00  0.100000000000E+01
  0.000000000000E+00  0.000000000000E+00  0.000000000000E+00
   15
    6      3.536674482520      4.685905982527      2.613385541349
    6      2.292274066076     -1.135363538558      2.579529557751
    6      3.847683220507      0.968795217551      2.598777686962
    6      5.276262850685      2.857506872239      2.607091790240
    6      4.639219902796     -1.424830441326      2.641776273709
    6      6.320398641270      0.459306292461      2.577494246051
    6      0.939136378728     -0.712815535110      2.589081742808
    6      3.039231337734      2.134848987397      2.550338184764
    6      3.844948140281      3.305453068974      2.581636958211
    6      2.617312794782     -2.597135426128      2.637469975218
    6      3.536894531115     -0.413066349609      2.581431299082
    6      5.277715064047      1.418592612191      2.607065034949
    6      4.035655308337     -5.846319564511      2.501067976695
    6      4.029124692337     -2.697903741967      2.797001832769
    6      5.992847981575     -1.002974436132      2.619522899441
    1    1
