   3   1   1 E -5.7033868039196E+02 DE 4.7E-09( 28)
  0.370158621205E+01 -0.641133538787E+01  0.000000000000E+00
  0.370158621205E+01  0.641133538787E+01  0.000000000000E+00
  0.000000000000E+00  0.000000000000E+00  0.868503800000E+01
    1
  0.100000000000E+01  0.000000000000E+00  0.000000000000E+00
  0.000000000000E+00  0.100000000000E+01  0.000000000000E+00
  0.000000000000E+00  0.000000000000E+00  0.100000000000E+01
  0.000000000000E+00  0.000000000000E+00  0.000000000000E+00
   15
    6      3.547704916833      4.661864739989      2.523098917824
    6      2.276532650143     -1.161603061813      2.355069828999
    6      3.941455091450      0.927371698542      2.536444360758
    6      5.283625050490      2.880609644812      2.958629913191
    6      4.646770628449     -1.365310213589      1.997232166384
    6      6.307374380055      0.482522772824      3.226125053496
    6      0.916599568122     -0.711259325165      2.441629597694
    6      3.198965432635      2.018534420299      2.710639237796
    6      3.840649091900      3.288832883123      2.713783682769
    6      2.671530543248     -2.607508870824      2.693976998430
    6      3.561300855876     -0.486114668029      2.613924027133
    6      5.338284320826      1.440695548346      2.571868413000
    6      3.818885767348     -5.922221460330      1.730651782175
    6      3.850445117953     -2.469111239729      3.518042585446
    6      6.025255977462     -0.977302868455      2.491554434905
    1    1
