   3   1   1 E -5.7033518527085E+02 DE 4.1E-11( 29)
  0.370158621205E+01 -0.641133538787E+01  0.000000000000E+00
  0.370158621205E+01  0.641133538787E+01  0.000000000000E+00
  0.000000000000E+00  0.000000000000E+00  0.868503800000E+01
    1
  0.100000000000E+01  0.000000000000E+00  0.000000000000E+00
  0.000000000000E+00  0.100000000000E+01  0.000000000000E+00
  0.000000000000E+00  0.000000000000E+00  0.100000000000E+01
  0.000000000000E+00  0.000000000000E+00  0.000000000000E+00
   15
    6      3.582198329762      4.700194906933      2.539752732293
    6      2.315912032657     -1.195906458864      2.375875212671
    6      3.902027466778      0.910030694501      2.553382421006
    6      5.280474656285      2.878514219190      2.942597758154
    6      4.675084441266     -1.353207148086      1.964850544296
    6      6.280594087753      0.497808734361      3.189278582782
    6      0.971850278540     -0.778559142283      2.418294141066
    6      3.091853211743      1.944764045591      2.765815613818
    6      3.873745217343      3.347763905221      2.705683112837
    6      2.660716655222     -2.632545566826      2.643714283778
    6      3.585115323875     -0.474473526667      2.619806512913
    6      5.290756691474      1.426419128229      2.559418323461
    6      3.735120429592     -5.854909437554      1.816610432315
    6      3.934837245535     -2.469174152740      3.490991872090
    6      6.045093324964     -0.946720201005      2.496599456521
    1    1
