   3   1   1 E -5.7059003108957E+02 DE 1.9E-09( 23)
  0.370158621205E+01 -0.641133538787E+01  0.000000000000E+00
  0.370158621205E+01  0.641133538787E+01  0.000000000000E+00
  0.000000000000E+00  0.000000000000E+00  0.868503800000E+01
    1
  0.100000000000E+01  0.000000000000E+00  0.000000000000E+00
  0.000000000000E+00  0.100000000000E+01  0.000000000000E+00
  0.000000000000E+00  0.000000000000E+00  0.100000000000E+01
  0.000000000000E+00  0.000000000000E+00  0.000000000000E+00
   15
    6      3.575201919497      4.659111704939      2.522792215086
    6      2.323438081477     -1.152366484587      2.657710724296
    6      3.839010314230      0.979195802809      2.589316443282
    6      5.280964987549      2.834930334498      2.583527776237
    6      4.684270360724     -1.358947516545      2.835449300768
    6      6.295637830802      0.447734008562      2.233853943760
    6      0.948839973176     -0.775473782217      2.387350878115
    6      2.945666578579      2.253781569526      2.701992924649
    6      3.892031629624      3.258621519860      2.639784905893
    6      2.616061673619     -2.560428610665      2.913418640246
    6      3.592164235561     -0.440764856004      2.348002594123
    6      5.289281756484      1.391872673813      2.821566837418
    6      3.933454796721     -6.005558834365      2.812250631702
    6      3.999469432742     -2.573851242484      2.512883421572
    6      6.009885822005     -0.957856287142      2.522769762855
    1    1
