   3   1   1 E -5.7058049401071E+02 DE 1.6E-10( 24)
  0.370158621205E+01 -0.641133538787E+01  0.000000000000E+00
  0.370158621205E+01  0.641133538787E+01  0.000000000000E+00
  0.000000000000E+00  0.000000000000E+00  0.868503800000E+01
    1
  0.100000000000E+01  0.000000000000E+00  0.000000000000E+00
  0.000000000000E+00  0.100000000000E+01  0.000000000000E+00
  0.000000000000E+00  0.000000000000E+00  0.100000000000E+01
  0.000000000000E+00  0.000000000000E+00  0.000000000000E+00
   15
    6      3.572331985037      4.655953566836      2.549744097146
    6      2.319257707779     -1.142875571196      2.676973964693
    6      3.837121678033      0.993622649468      2.614710848767
    6      5.284587463112      2.836070166808      2.564817495346
    6      4.674506522042     -1.352314167174      2.829479656729
    6      6.297604765366      0.439488724158      2.210453349375
    6      0.939157350611     -0.765404207200      2.404794632778
    6      2.965737620195      2.270657748511      2.708053156846
    6      3.886637929796      3.259698797998      2.655200161067
    6      2.614249468519     -2.558558010336      2.903054803884
    6      3.586608187494     -0.423801358199      2.354358696691
    6      5.288546621469      1.394008825705      2.799685220869
    6      3.970927315678     -6.072742681043      2.810270709119
    6      3.985075916253     -2.575436275888      2.475954013911
    6      6.003028861407     -0.958368208449      2.525120192781
    1    1
