   3   1   1 E -5.7034590950849E+02 DE-2.0E-10( 27)
  0.370158621205E+01 -0.641133538787E+01  0.000000000000E+00
  0.370158621205E+01  0.641133538787E+01  0.000000000000E+00
  0.000000000000E+00  0.000000000000E+00  0.868503800000E+01
    1
  0.100000000000E+01  0.000000000000E+00  0.000000000000E+00
  0.000000000000E+00  0.100000000000E+01  0.000000000000E+00
  0.000000000000E+00  0.000000000000E+00  0.100000000000E+01
  0.000000000000E+00  0.000000000000E+00  0.000000000000E+00
   15
    6      3.572864230678      4.711678798944      2.546169697294
    6      2.290701433158     -1.167693753354      2.366215607070
    6      3.907182674528      0.914861359861      2.560245356935
    6      5.282162720030      2.881181375389      2.934527425409
    6      4.667650329892     -1.356930705114      1.971161004036
    6      6.293581481168      0.479894234312      3.180922214213
    6      0.933408601762     -0.725956543887      2.463345513837
    6      3.103902263587      1.961941645604      2.771034110183
    6      3.873497008606      3.347947883447      2.703403152747
    6      2.653564215930     -2.613928709656      2.635121811525
    6      3.577767025185     -0.468173570745      2.610829659124
    6      5.299540331301      1.427184069534      2.551715826027
    6      3.795288078445     -5.962880564411      1.797054249462
    6      3.938746391145     -2.475416151780      3.496542965106
    6      6.035522607375     -0.953709368143      2.494382407031
    1    1
