   3   1   1 E -5.7057965612403E+02 DE 9.0E-09( 19)
  0.370158621205E+01 -0.641133538787E+01  0.000000000000E+00
  0.370158621205E+01  0.641133538787E+01  0.000000000000E+00
  0.000000000000E+00  0.000000000000E+00  0.868503800000E+01
    1
  0.100000000000E+01  0.000000000000E+00  0.000000000000E+00
  0.000000000000E+00  0.100000000000E+01  0.000000000000E+00
  0.000000000000E+00  0.000000000000E+00  0.100000000000E+01
  0.000000000000E+00  0.000000000000E+00  0.000000000000E+00
   15
    6      3.572971323275      4.655488597184      2.551052007061
    6      2.318990873242     -1.143928591850      2.672794966989
    6      3.836430811096      0.992858910104      2.610441131791
    6      5.284406575464      2.835391317899      2.560111310594
    6      4.675057454859     -1.352645226728      2.833549332263
    6      6.300094295688      0.441150044070      2.205354256202
    6      0.939089150798     -0.766263130356      2.408381723431
    6      2.964571613345      2.270256306671      2.718290229299
    6      3.887502246520      3.259305377370      2.653064348237
    6      2.614794834216     -2.560080772497      2.892944150571
    6      3.586312983098     -0.424369254543      2.352988950819
    6      5.287120505720      1.393113392065      2.795834154698
    6      3.962727444480     -6.067987643880      2.830396863270
    6      3.990289552984     -2.575489672119      2.468912546282
    6      6.005019728004     -0.956799653389      2.528555028494
    1    1
