   3   1   1 E -5.7057977587179E+02 DE-3.6E-10( 24)
  0.370158621205E+01 -0.641133538787E+01  0.000000000000E+00
  0.370158621205E+01  0.641133538787E+01  0.000000000000E+00
  0.000000000000E+00  0.000000000000E+00  0.868503800000E+01
    1
  0.100000000000E+01  0.000000000000E+00  0.000000000000E+00
  0.000000000000E+00  0.100000000000E+01  0.000000000000E+00
  0.000000000000E+00  0.000000000000E+00  0.100000000000E+01
  0.000000000000E+00  0.000000000000E+00  0.000000000000E+00
   15
    6      3.573175025183      4.655238990610      2.550239394807
    6      2.318784297316     -1.144944889732      2.668230123946
    6      3.836335144082      0.991960621856      2.606815089036
    6      5.284161783418      2.835115243723      2.558792132395
    6      4.675705724149     -1.352856203496      2.834949027987
    6      6.301894829752      0.442619438210      2.204314743762
    6      0.938927953327     -0.767655433621      2.409674006786
    6      2.965228397720      2.269331597637      2.724715290463
    6      3.887610900562      3.258656251942      2.651625964356
    6      2.614914143085     -2.560981565862      2.886395682468
    6      3.586235607320     -0.424875448152      2.351394336958
    6      5.286386479483      1.392590428383      2.794628870293
    6      3.956033431935     -6.063370244487      2.844935876365
    6      3.993456709546     -2.575075772083      2.465970944946
    6      6.006528965910     -0.955753014927      2.529989515431
    1    1
