   3   1   1 E -5.7032086221524E+02 DE 1.9E-10( 29)
  0.370158621205E+01 -0.641133538787E+01  0.000000000000E+00
  0.370158621205E+01  0.641133538787E+01  0.000000000000E+00
  0.000000000000E+00  0.000000000000E+00  0.868503800000E+01
    1
  0.100000000000E+01  0.000000000000E+00  0.000000000000E+00
  0.000000000000E+00  0.100000000000E+01  0.000000000000E+00
  0.000000000000E+00  0.000000000000E+00  0.100000000000E+01
  0.000000000000E+00  0.000000000000E+00  0.000000000000E+00
   15
    6      3.579825905131      4.696898058586      2.525766294666
    6      2.315719151095     -1.197681212929      2.371821063003
    6      3.905259000501      0.907264945203      2.547404811993
    6      5.273848800681      2.877191940386      2.962942193360
    6      4.679318617141     -1.354348402406      1.958665551741
    6      6.278129787333      0.502439482348      3.210146421871
    6      0.974365541797     -0.787052184077      2.394939520341
    6      3.100718531795      1.939338606616      2.743421244744
    6      3.866311098241      3.343394708209      2.699416747153
    6      2.648008774873     -2.631179694583      2.667563509486
    6      3.587347921130     -0.477641858201      2.616085270564
    6      5.293357040451      1.427233888399      2.574054349690
    6      3.733243584389     -5.831158570730      1.794892519759
    6      3.945088541038     -2.466967857069      3.521964951273
    6      6.044837097193     -0.947731849753      2.493586550355
    1    1
