   3   1   1 E -5.7033500056533E+02 DE 3.4E-11( 28)
  0.370158621205E+01 -0.641133538787E+01  0.000000000000E+00
  0.370158621205E+01  0.641133538787E+01  0.000000000000E+00
  0.000000000000E+00  0.000000000000E+00  0.868503800000E+01
    1
  0.100000000000E+01  0.000000000000E+00  0.000000000000E+00
  0.000000000000E+00  0.100000000000E+01  0.000000000000E+00
  0.000000000000E+00  0.000000000000E+00  0.100000000000E+01
  0.000000000000E+00  0.000000000000E+00  0.000000000000E+00
   15
    6      3.557401732427      4.634858688468      2.523464673886
    6      2.298371545290     -1.194618723861      2.348424803507
    6      3.941051021787      0.929557906862      2.531462597785
    6      5.277264301450      2.874936929450      2.944298948884
    6      4.655229226462     -1.352711548327      2.012931286045
    6      6.293433850864      0.496211563124      3.219223340357
    6      0.953347137035     -0.777065504140      2.407795573098
    6      3.236980441142      2.059395938256      2.703673446691
    6      3.814403950515      3.260135352535      2.699163181094
    6      2.682916485334     -2.636673589060      2.690145608741
    6      3.563456123373     -0.485578978862      2.626989956674
    6      5.330684693133      1.437441522463      2.567525652325
    6      3.726546785670     -5.820889928501      1.798934808264
    6      3.851465428373     -2.452777636000      3.511079348698
    6      6.042826669937     -0.972221992408      2.497557773951
    1    1
