   3   1   1 E -5.7057988139962E+02 DE 3.3E-09( 22)
  0.370158621205E+01 -0.641133538787E+01  0.000000000000E+00
  0.370158621205E+01  0.641133538787E+01  0.000000000000E+00
  0.000000000000E+00  0.000000000000E+00  0.868503800000E+01
    1
  0.100000000000E+01  0.000000000000E+00  0.000000000000E+00
  0.000000000000E+00  0.100000000000E+01  0.000000000000E+00
  0.000000000000E+00  0.000000000000E+00  0.100000000000E+01
  0.000000000000E+00  0.000000000000E+00  0.000000000000E+00
   15
    6      3.573263607527      4.655151209488      2.549629471575
    6      2.318771702132     -1.145384669333      2.666338742351
    6      3.836352250774      0.991572370700      2.605526041717
    6      5.284041871676      2.835012866287      2.558582648066
    6      4.676023548748     -1.352946540912      2.835197856821
    6      6.302473945730      0.443180098418      2.204074501728
    6      0.938965382674     -0.768276156116      2.409999853406
    6      2.965324605987      2.268982860644      2.726752506940
    6      3.887680234651      3.258366114292      2.651113722718
    6      2.614994804066     -2.561342292970      2.884359872694
    6      3.586281198307     -0.425173986694      2.350761021598
    6      5.286175433368      1.392418165074      2.794565130116
    6      3.953538923700     -6.061166280268      2.849850621676
    6      3.994389480637     -2.574921432593      2.465612259418
    6      6.007102402813     -0.955472326017      2.530306749176
    1    1
