   3   1   1 E -5.7032774509474E+02 DE 1.7E-10( 28)
  0.370158621205E+01 -0.641133538787E+01  0.000000000000E+00
  0.370158621205E+01  0.641133538787E+01  0.000000000000E+00
  0.000000000000E+00  0.000000000000E+00  0.868503800000E+01
    1
  0.100000000000E+01  0.000000000000E+00  0.000000000000E+00
  0.000000000000E+00  0.100000000000E+01  0.000000000000E+00
  0.000000000000E+00  0.000000000000E+00  0.100000000000E+01
  0.000000000000E+00  0.000000000000E+00  0.000000000000E+00
   15
    6      3.583746844211      4.699294607766      2.535002540367
    6      2.319846408391     -1.200529183902      2.376227682355
    6      3.902087823754      0.906829552859      2.552512332093
    6      5.277775048145      2.877696706034      2.952558129692
    6      4.678111149738     -1.353586090801      1.960031277775
    6      6.277452293007      0.501380696696      3.194412292883
    6      0.978866780169     -0.787219380625      2.403633191829
    6      3.086779253426      1.939762729433      2.762021954895
    6      3.873082384570      3.348689175456      2.705845699218
    6      2.658280580012     -2.634921775236      2.655139524856
    6      3.587413040663     -0.477595373320      2.616598359740
    6      5.289593565994      1.426156368591      2.564726405692
    6      3.728340731137     -5.830412837038      1.806249153236
    6      3.937389642961     -2.469319325541      3.502640686899
    6      6.046613846611     -0.946225870370      2.495071768471
    1    1
