   3   1   1 E -5.7074231394917E+02 DE 3.8E-07( 29)
  0.370158621205E+01 -0.641133538787E+01  0.000000000000E+00
  0.370158621205E+01  0.641133538787E+01  0.000000000000E+00
  0.000000000000E+00  0.000000000000E+00  0.868503800000E+01
    1
  0.100000000000E+01  0.000000000000E+00  0.000000000000E+00
  0.000000000000E+00  0.100000000000E+01  0.000000000000E+00
  0.000000000000E+00  0.000000000000E+00  0.100000000000E+01
  0.000000000000E+00  0.000000000000E+00  0.000000000000E+00
   15
    6      3.537912506344      4.685436416286      2.621984803464
    6      2.289022973132     -1.134133009900      2.532920266578
    6      3.854100911923      0.963581462333      2.621974838315
    6      5.276595716543      2.858680589090      2.640776613947
    6      4.642421612614     -1.413768360587      2.643491283765
    6      6.323492755783      0.462358240531      2.561848946641
    6      0.933817156303     -0.720402238402      2.520033554647
    6      3.035107288461      2.128557493154      2.629777518653
    6      3.844870401230      3.300607080773      2.619084929731
    6      2.615903009770     -2.588489155440      2.649787309095
    6      3.544300629791     -0.413965745762      2.548089844705
    6      5.283722144561      1.413839701162      2.636623130823
    6      4.020869470840     -5.864226196379      2.330537094594
    6      4.027448704573     -2.682525548501      2.889281680518
    6      5.995794110922     -0.995550728357      2.636459184524
    1    1
