   3   1   1 E -5.7058299073462E+02 DE 3.9E-10( 23)
  0.370158621205E+01 -0.641133538787E+01  0.000000000000E+00
  0.370158621205E+01  0.641133538787E+01  0.000000000000E+00
  0.000000000000E+00  0.000000000000E+00  0.868503800000E+01
    1
  0.100000000000E+01  0.000000000000E+00  0.000000000000E+00
  0.000000000000E+00  0.100000000000E+01  0.000000000000E+00
  0.000000000000E+00  0.000000000000E+00  0.100000000000E+01
  0.000000000000E+00  0.000000000000E+00  0.000000000000E+00
   15
    6      3.577284584049      4.656555879842      2.534271472075
    6      2.325574241618     -1.156627408030      2.649272364973
    6      3.834624463435      0.985787923068      2.593370486619
    6      5.282084724850      2.832123097549      2.573501528071
    6      4.682771729516     -1.354712307744      2.834360632040
    6      6.297863707798      0.446501750272      2.198791773786
    6      0.950832545958     -0.786331095890      2.405660424787
    6      2.960492736019      2.264212988963      2.734302865869
    6      3.888639163725      3.255009659342      2.653126279395
    6      2.619609697962     -2.569398462564      2.889585268491
    6      3.590569135996     -0.433025931422      2.345332190499
    6      5.283113551293      1.390601239651      2.805117560276
    6      3.919853369383     -5.998078797348      2.851948509348
    6      3.998612453517     -2.577586220941      2.491871441130
    6      6.013453287672     -0.955032314748      2.522158202642
    1    1
