   3   1   1 E -5.7034301050565E+02 DE-6.2E-10( 25)
  0.370158621205E+01 -0.641133538787E+01  0.000000000000E+00
  0.370158621205E+01  0.641133538787E+01  0.000000000000E+00
  0.000000000000E+00  0.000000000000E+00  0.868503800000E+01
    1
  0.100000000000E+01  0.000000000000E+00  0.000000000000E+00
  0.000000000000E+00  0.100000000000E+01  0.000000000000E+00
  0.000000000000E+00  0.000000000000E+00  0.100000000000E+01
  0.000000000000E+00  0.000000000000E+00  0.000000000000E+00
   15
    6      3.578836788630      4.704121645024      2.543298964449
    6      2.306731897123     -1.185658716621      2.370316194466
    6      3.903856564671      0.912406701897      2.556074434441
    6      5.282397843608      2.879999540774      2.932467336354
    6      4.671528788521     -1.354221213280      1.968187938637
    6      6.287206969961      0.492273965469      3.188768253483
    6      0.957265390025     -0.758756313531      2.440270923087
    6      3.096140591615      1.951488015875      2.771008838382
    6      3.875098950999      3.348120100535      2.703362553858
    6      2.659742040364     -2.625746294742      2.632099191472
    6      3.581886366281     -0.471178967052      2.617222191586
    6      5.293691499534      1.426781742795      2.554417587528
    6      3.754116983833     -5.901366440152      1.823990327024
    6      3.934952813705     -2.470094446872      3.483435496113
    6      6.041925903919     -0.948169320118      2.497750769120
    1    1
