   3   1   1 E -5.7050477487400E+02 DE-4.0E-10( 14)
  0.370158621205E+01 -0.641133538787E+01  0.000000000000E+00
  0.370158621205E+01  0.641133538787E+01  0.000000000000E+00
  0.000000000000E+00  0.000000000000E+00  0.868503800000E+01
    1
  0.100000000000E+01  0.000000000000E+00  0.000000000000E+00
  0.000000000000E+00  0.100000000000E+01  0.000000000000E+00
  0.000000000000E+00  0.000000000000E+00  0.100000000000E+01
  0.000000000000E+00  0.000000000000E+00  0.000000000000E+00
   15
    6      3.578053287993      4.687500746964      2.551787791951
    6      2.298281034011     -1.182028808213      2.399347073961
    6      3.897495054118      0.925426193195      2.562464444326
    6      5.272705171980      2.873806289487      2.873137244448
    6      4.676930129476     -1.369323283164      2.098372652260
    6      6.326841178370      0.482353522703      3.019659369036
    6      0.940208975579     -0.756288096586      2.415744403858
    6      3.093900409661      2.009834529322      2.779230385662
    6      3.871317710066      3.313854152795      2.698808863499
    6      2.642916328858     -2.601473699470      2.680359798692
    6      3.590228027158     -0.470831041924      2.527606806239
    6      5.285044238460      1.427151832669      2.627573493443
    6      3.776268614467     -5.928947445460      1.940893263372
    6      3.942955068107     -2.466463174573      3.385894187604
    6      6.032234164486     -0.944571717744      2.521791221647
    1    1
