   3   1   1 E -5.7074052392335E+02 DE-2.3E-10( 23)
  0.370158621205E+01 -0.641133538787E+01  0.000000000000E+00
  0.370158621205E+01  0.641133538787E+01  0.000000000000E+00
  0.000000000000E+00  0.000000000000E+00  0.868503800000E+01
    1
  0.100000000000E+01  0.000000000000E+00  0.000000000000E+00
  0.000000000000E+00  0.100000000000E+01  0.000000000000E+00
  0.000000000000E+00  0.000000000000E+00  0.100000000000E+01
  0.000000000000E+00  0.000000000000E+00  0.000000000000E+00
   15
    6      3.538184558760      4.682422935570      2.607324609488
    6      2.289628018470     -1.140085078606      2.514906035070
    6      3.855198826022      0.960647542465      2.628707462122
    6      5.276275603296      2.856818706379      2.665960206512
    6      4.639693955014     -1.415222978923      2.629209838296
    6      6.325418977515      0.465560970601      2.558386697706
    6      0.935019484431     -0.726963960203      2.483735596271
    6      3.032402742596      2.123959674778      2.659461165269
    6      3.843992688454      3.296549535589      2.627916902647
    6      2.613882373406     -2.585518192686      2.678688381905
    6      3.544820136809     -0.415730753131      2.526789454974
    6      5.282301463719      1.413240996638      2.646962572503
    6      4.034567856286     -5.862668789074      2.283454030139
    6      4.016913992249     -2.658928696126      2.941934001857
    6      5.997078715763     -0.994081913269      2.629234045239
    1    1
