   3   1   1 E -5.7058412084129E+02 DE 1.6E-09( 23)
  0.370158621205E+01 -0.641133538787E+01  0.000000000000E+00
  0.370158621205E+01  0.641133538787E+01  0.000000000000E+00
  0.000000000000E+00  0.000000000000E+00  0.868503800000E+01
    1
  0.100000000000E+01  0.000000000000E+00  0.000000000000E+00
  0.000000000000E+00  0.100000000000E+01  0.000000000000E+00
  0.000000000000E+00  0.000000000000E+00  0.100000000000E+01
  0.000000000000E+00  0.000000000000E+00  0.000000000000E+00
   15
    6      3.577942980265      4.656966320470      2.531188263990
    6      2.326769798184     -1.157975823549      2.648478568095
    6      3.835125828999      0.985193425725      2.594317705768
    6      5.281462771811      2.832409328574      2.577212672480
    6      4.683975083677     -1.354890123853      2.832227259960
    6      6.296270172822      0.447090249545      2.202190899888
    6      0.952865286883     -0.787926492043      2.402333636167
    6      2.959050987734      2.260533265484      2.730378916529
    6      3.888331997818      3.254734898667      2.654025472833
    6      2.620304875119     -2.569837217690      2.894916988504
    6      3.591550722959     -0.434079001713      2.344624962947
    6      5.282955907892      1.391009521812      2.809327984807
    6      3.917433723201     -5.990412322689      2.844168627390
    6      3.997314579277     -2.577489670083      2.497515920426
    6      6.014024676149     -0.955326358658      2.519763120216
    1    1
