   3   1   1 E -5.7057968939337E+02 DE-2.7E-11( 24)
  0.370158621205E+01 -0.641133538787E+01  0.000000000000E+00
  0.370158621205E+01  0.641133538787E+01  0.000000000000E+00
  0.000000000000E+00  0.000000000000E+00  0.868503800000E+01
    1
  0.100000000000E+01  0.000000000000E+00  0.000000000000E+00
  0.000000000000E+00  0.100000000000E+01  0.000000000000E+00
  0.000000000000E+00  0.000000000000E+00  0.100000000000E+01
  0.000000000000E+00  0.000000000000E+00  0.000000000000E+00
   15
    6      3.573074674314      4.655359347630      2.550776776563
    6      2.318849902735     -1.144448842915      2.670469287632
    6      3.836342309751      0.992394951747      2.608410377164
    6      5.284288634446      2.835232830873      2.559292313880
    6      4.675361604842     -1.352764430944      2.834458442384
    6      6.301110269454      0.441925198735      2.204717092670
    6      0.938957308004     -0.766972755968      2.409166471390
    6      2.965028807989      2.269784007915      2.721972707935
    6      3.887531285465      3.258967405044      2.652283918426
    6      2.614830254930     -2.560541626612      2.889180909062
    6      3.586228409108     -0.424584723370      2.352138553955
    6      5.286681034667      1.392806967991      2.794966393651
    6      3.959081108976     -6.065709953394      2.838497587447
    6      3.992191195395     -2.575280876987      2.466900587023
    6      6.005822592714     -0.956167499744      2.529439580819
    1    1
