   3   1   1 E -5.7058675804635E+02 DE-6.5E-11( 25)
  0.370158621205E+01 -0.641133538787E+01  0.000000000000E+00
  0.370158621205E+01  0.641133538787E+01  0.000000000000E+00
  0.000000000000E+00  0.000000000000E+00  0.868503800000E+01
    1
  0.100000000000E+01  0.000000000000E+00  0.000000000000E+00
  0.000000000000E+00  0.100000000000E+01  0.000000000000E+00
  0.000000000000E+00  0.000000000000E+00  0.100000000000E+01
  0.000000000000E+00  0.000000000000E+00  0.000000000000E+00
   15
    6      3.579552444584      4.712151133334      2.505992949618
    6      2.329269230765     -1.146899849180      2.652719628700
    6      3.822513719706      0.952960043445      2.582361062936
    6      5.276940109666      2.842146146464      2.598366457240
    6      4.698521076458     -1.361600723079      2.880078175968
    6      6.291925552992      0.464898786896      2.213046702399
    6      0.964023060655     -0.771497178592      2.395684934108
    6      2.913420538554      2.069863288455      2.655519045363
    6      3.923853439199      3.360803499231      2.640392917869
    6      2.581794942903     -2.556562518425      2.842875872973
    6      3.609109281363     -0.446198997214      2.366680976993
    6      5.277222678899      1.396803526137      2.795159392328
    6      3.933776779486     -5.995269350684      2.871608244799
    6      4.018911387174     -2.583596975400      2.562540297383
    6      6.004545150387     -0.938000831389      2.519644341322
    1    1
