   3   1   1 E -5.7074388309708E+02 DE-9.4E-11( 21)
  0.370158621205E+01 -0.641133538787E+01  0.000000000000E+00
  0.370158621205E+01  0.641133538787E+01  0.000000000000E+00
  0.000000000000E+00  0.000000000000E+00  0.868503800000E+01
    1
  0.100000000000E+01  0.000000000000E+00  0.000000000000E+00
  0.000000000000E+00  0.100000000000E+01  0.000000000000E+00
  0.000000000000E+00  0.000000000000E+00  0.100000000000E+01
  0.000000000000E+00  0.000000000000E+00  0.000000000000E+00
   15
    6      3.536815131387      4.686404407894      2.622337788728
    6      2.292744673622     -1.135403150079      2.574562012443
    6      3.848097069066      0.967556032911      2.603987546973
    6      5.276894616107      2.858343031090      2.595209392221
    6      4.640240836928     -1.422901243403      2.653593664154
    6      6.321714111988      0.456749510702      2.565057314328
    6      0.937685867674     -0.713449691364      2.575241883138
    6      3.039410489029      2.133590004611      2.576638831120
    6      3.845767268275      3.305141431318      2.584875960697
    6      2.617374842608     -2.595031297091      2.637765185147
    6      3.538581546002     -0.413487268647      2.585743074666
    6      5.279329228211      1.415730589117      2.597863848819
    6      4.031486251980     -5.845226784599      2.451719072575
    6      4.026804811952     -2.695016818929      2.827361039248
    6      5.992432647960     -1.002998753529      2.630714385742
    1    1
