   3   1   1 E -5.7034640739548E+02 DE 8.9E-11( 28)
  0.370158621205E+01 -0.641133538787E+01  0.000000000000E+00
  0.370158621205E+01  0.641133538787E+01  0.000000000000E+00
  0.000000000000E+00  0.000000000000E+00  0.868503800000E+01
    1
  0.100000000000E+01  0.000000000000E+00  0.000000000000E+00
  0.000000000000E+00  0.100000000000E+01  0.000000000000E+00
  0.000000000000E+00  0.000000000000E+00  0.100000000000E+01
  0.000000000000E+00  0.000000000000E+00  0.000000000000E+00
   15
    6      3.574191365052      4.710052751671      2.545907004377
    6      2.294118009239     -1.171578021314      2.366305075927
    6      3.906417564149      0.914402502802      2.559431667725
    6      5.282445243976      2.881015381126      2.931506086467
    6      4.668332729143     -1.356230824570      1.971033353777
    6      6.292904636268      0.482915067496      3.183852830206
    6      0.938327420427     -0.732785480967      2.460650604250
    6      3.102084489917      1.959691503258      2.772359181772
    6      3.874293646925      3.348203854927      2.702889624493
    6      2.655018453132     -2.616460833874      2.632165905646
    6      3.578502754306     -0.468561517166      2.611801457831
    6      5.298136612140      1.427042382189      2.551475781838
    6      3.785324343566     -5.951770734051      1.807131629538
    6      3.938196823360     -2.473881352206      3.490540832356
    6      6.037085301191     -0.952054679320      2.495619963795
    1    1
