   3   1   1 E -5.7059337024926E+02 DE 2.4E-10( 24)
  0.370158621205E+01 -0.641133538787E+01  0.000000000000E+00
  0.370158621205E+01  0.641133538787E+01  0.000000000000E+00
  0.000000000000E+00  0.000000000000E+00  0.868503800000E+01
    1
  0.100000000000E+01  0.000000000000E+00  0.000000000000E+00
  0.000000000000E+00  0.100000000000E+01  0.000000000000E+00
  0.000000000000E+00  0.000000000000E+00  0.100000000000E+01
  0.000000000000E+00  0.000000000000E+00  0.000000000000E+00
   15
    6      3.578541848980      4.706856938380      2.517382256554
    6      2.325402943195     -1.139693743583      2.672662932899
    6      3.820774186861      0.966081867806      2.607837492078
    6      5.291175133334      2.843870115313      2.588430668894
    6      4.683769944427     -1.356870400920      2.862110470834
    6      6.282548696145      0.443109889160      2.226652230495
    6      0.952746045968     -0.757249279361      2.387346411800
    6      2.936720896473      2.125800461223      2.647279934257
    6      3.916630147076      3.344447985310      2.641071551405
    6      2.599778438071     -2.552392451978      2.886963664880
    6      3.600066327937     -0.432629138794      2.378423063260
    6      5.282758030807      1.395166873170      2.795863427244
    6      3.977952219896     -6.056535666215      2.821876007266
    6      3.980795058509     -2.583161432510      2.525957763358
    6      5.995719475109     -0.946802017001      2.522813124775
    1    1
