   3   1   1 E -5.7057991041019E+02 DE 8.2E-11( 23)
  0.370158621205E+01 -0.641133538787E+01  0.000000000000E+00
  0.370158621205E+01  0.641133538787E+01  0.000000000000E+00
  0.000000000000E+00  0.000000000000E+00  0.868503800000E+01
    1
  0.100000000000E+01  0.000000000000E+00  0.000000000000E+00
  0.000000000000E+00  0.100000000000E+01  0.000000000000E+00
  0.000000000000E+00  0.000000000000E+00  0.100000000000E+01
  0.000000000000E+00  0.000000000000E+00  0.000000000000E+00
   15
    6      3.572761251536      4.655729860519      2.550928381748
    6      2.319146032254     -1.143377585517      2.675173550360
    6      3.836659965274      0.993333536529      2.612794507884
    6      5.284517128467      2.835699866741      2.561866028843
    6      4.674747619887     -1.352483252603      2.831894510207
    6      6.298868616813      0.440292600821      2.206989192153
    6      0.939191136921     -0.765653733769      2.407018136374
    6      2.964727679981      2.270262985980      2.713657077756
    6      3.887174674386      3.259599283139      2.654146376991
    6      2.614675003226     -2.559425452764      2.897605926633
    6      3.586440924179     -0.424048676028      2.353744210139
    6      5.287636894685      1.393572846842      2.797272690120
    6      3.966697817148     -6.070399872522      2.820759608527
    6      3.988073582042     -2.575581234162      2.471643617247
    6      6.004061065991     -0.957521173207      2.527177185017
    1    1
