   3   1   1 E -5.7033629055086E+02 DE 1.3E-11( 26)
  0.370158621205E+01 -0.641133538787E+01  0.000000000000E+00
  0.370158621205E+01  0.641133538787E+01  0.000000000000E+00
  0.000000000000E+00  0.000000000000E+00  0.868503800000E+01
    1
  0.100000000000E+01  0.000000000000E+00  0.000000000000E+00
  0.000000000000E+00  0.100000000000E+01  0.000000000000E+00
  0.000000000000E+00  0.000000000000E+00  0.100000000000E+01
  0.000000000000E+00  0.000000000000E+00  0.000000000000E+00
   15
    6      3.569864017130      4.716722172176      2.540256054646
    6      2.285150002445     -1.159369051266      2.364691970438
    6      3.908027227855      0.914509243721      2.560457137108
    6      5.281966990539      2.882491398282      2.953423900534
    6      4.667252711751     -1.359397290688      1.965080730431
    6      6.293366637408      0.476421018567      3.181360729636
    6      0.925277535557     -0.714621345829      2.457267965154
    6      3.102309740088      1.952470132552      2.759782747246
    6      3.875023751320      3.351160878603      2.702652894198
    6      2.648462252561     -2.606152368515      2.648588693820
    6      3.578074059773     -0.467497321101      2.608611819617
    6      5.302826749396      1.428683475000      2.561622589615
    6      3.819839444138     -5.978706112112      1.765810753624
    6      3.937048241495     -2.479171020451      3.523556277270
    6      6.030890031334     -0.957543808937      2.489506736665
    1    1
