   3   1   1 E -5.7069189654010E+02 DE 1.4E-09( 14)
  0.370158621205E+01 -0.641133538787E+01  0.000000000000E+00
  0.370158621205E+01  0.641133538787E+01  0.000000000000E+00
  0.000000000000E+00  0.000000000000E+00  0.868503800000E+01
    1
  0.100000000000E+01  0.000000000000E+00  0.000000000000E+00
  0.000000000000E+00  0.100000000000E+01  0.000000000000E+00
  0.000000000000E+00  0.000000000000E+00  0.100000000000E+01
  0.000000000000E+00  0.000000000000E+00  0.000000000000E+00
   15
    6      3.562061867080      4.674781394305      2.576289822585
    6      2.284444023311     -1.162489698247      2.444494779485
    6      3.877499455085      0.947599964847      2.611647685389
    6      5.275369787571      2.866553683179      2.777166022952
    6      4.652060189673     -1.419298732296      2.425039158471
    6      6.335423623843      0.467660501914      2.770870736176
    6      0.930781756929     -0.745574395463      2.401009467670
    6      3.040038618442      2.086338827238      2.702869613959
    6      3.856609443837      3.290349401768      2.673784208469
    6      2.611748122900     -2.575601128599      2.714528000247
    6      3.563104149663     -0.436818608594      2.467679246147
    6      5.273687874868      1.417637118288      2.694025073380
    6      3.931025405116     -5.912319057297      2.089508044037
    6      4.019667376739     -2.526661682614      3.126290204241
    6      6.011857697732     -0.972157588429      2.607468936791
    1    1
