   3   1   1 E -5.7073943437834E+02 DE 6.9E-09( 10)
  0.370158621205E+01 -0.641133538787E+01  0.000000000000E+00
  0.370158621205E+01  0.641133538787E+01  0.000000000000E+00
  0.000000000000E+00  0.000000000000E+00  0.868503800000E+01
    1
  0.100000000000E+01  0.000000000000E+00  0.000000000000E+00
  0.000000000000E+00  0.100000000000E+01  0.000000000000E+00
  0.000000000000E+00  0.000000000000E+00  0.100000000000E+01
  0.000000000000E+00  0.000000000000E+00  0.000000000000E+00
   15
    6      2.539345846381      2.884288168334      2.614135403496
    6      3.677507737655      0.697978286274      2.611098421170
    6      5.050228999568      2.916500844541      2.610759066064
    6      3.802772808247     -3.503902239363      2.608258912336
    6      5.001228480486     -1.380792186584      2.598161852492
    6      6.283793329317      0.778141282551      2.596056815064
    6      0.052920216014     -1.392542073424      2.600089448991
    6      2.492561558081      1.491931440382      2.612893254380
    6      3.806927085224      3.642402199347      2.609595697375
    6      2.597498732151     -2.810941075581      2.620549595634
    6      3.771423177050     -0.725483299838      2.608312373139
    6      5.012929075762      1.469824854293      2.604210755284
    6      3.798982791488     -4.894305656380      2.591883669109
    6      5.046557017195     -2.785815982614      2.603383811359
    6      6.290702538171     -0.661508153847      2.593281924106
    1    1
