   3   1   1 E -5.7073252304818E+02 DE-4.1E-05( 26)
  0.370158621205E+01 -0.641133538787E+01  0.000000000000E+00
  0.370158621205E+01  0.641133538787E+01  0.000000000000E+00
  0.000000000000E+00  0.000000000000E+00  0.868503800000E+01
    1
  0.100000000000E+01  0.000000000000E+00  0.000000000000E+00
  0.000000000000E+00  0.100000000000E+01  0.000000000000E+00
  0.000000000000E+00  0.000000000000E+00  0.100000000000E+01
  0.000000000000E+00  0.000000000000E+00  0.000000000000E+00
   15
    6      2.555955162699      2.895613895639      2.567524238285
    6      3.666155181989      0.684236557352      2.567302606176
    6      5.063883284101      2.913442690499      2.647186099908
    6      3.804189514086     -3.516475761320      2.529832508665
    6      4.987901469597     -1.386098703278      2.595162280956
    6      6.271670774744      0.773049084698      2.621381818876
    6      0.107394493683     -1.360662231447      2.794531258205
    6      2.495975902109      1.500989032479      2.526086484436
    6      3.825400371159      3.675021852542      2.656761562340
    6      2.607205069658     -2.811208817672      2.626308321538
    6      3.745952618030     -0.742748162737      2.565002513196
    6      5.009656163127      1.472291175233      2.599001667850
    6      3.795518542781     -4.901880540038      2.561309027173
    6      5.048840570545     -2.798646118720      2.543726600309
    6      6.239680274482     -0.671147545141      2.681554012087
    1    1
