   3   1   1 E -5.7073841102871E+02 DE 3.8E-09( 16)
  0.370158621205E+01 -0.641133538787E+01  0.000000000000E+00
  0.370158621205E+01  0.641133538787E+01  0.000000000000E+00
  0.000000000000E+00  0.000000000000E+00  0.868503800000E+01
    1
  0.100000000000E+01  0.000000000000E+00  0.000000000000E+00
  0.000000000000E+00  0.100000000000E+01  0.000000000000E+00
  0.000000000000E+00  0.000000000000E+00  0.100000000000E+01
  0.000000000000E+00  0.000000000000E+00  0.000000000000E+00
   15
    6      2.540114803627      2.884654233652      2.588827632068
    6      3.684083082662      0.699962832541      2.617067125790
    6      5.046118468084      2.921967649992      2.620652305869
    6      3.804134680974     -3.510274044185      2.588114136588
    6      5.003161916211     -1.388017704584      2.552767841246
    6      6.278475014768      0.776082023829      2.613349194943
    6      0.053264959265     -1.384348304660      2.663440359927
    6      2.501673403615      1.488847166336      2.577442012335
    6      3.800573292285      3.657604010786      2.633391606607
    6      2.601247559782     -2.808432493533      2.595124761943
    6      3.771179439339     -0.726000471503      2.603720664196
    6      5.012354388880      1.478181718019      2.617971188954
    6      3.795448056397     -4.906812638481      2.631190753584
    6      5.043985876264     -2.791346557283      2.566530988912
    6      6.289564450637     -0.666291012837      2.613080427037
    1    1
