   3   1   1 E -5.7073947068571E+02 DE 2.8E-10( 12)
  0.370158621205E+01 -0.641133538787E+01  0.000000000000E+00
  0.370158621205E+01  0.641133538787E+01  0.000000000000E+00
  0.000000000000E+00  0.000000000000E+00  0.868503800000E+01
    1
  0.100000000000E+01  0.000000000000E+00  0.000000000000E+00
  0.000000000000E+00  0.100000000000E+01  0.000000000000E+00
  0.000000000000E+00  0.000000000000E+00  0.100000000000E+01
  0.000000000000E+00  0.000000000000E+00  0.000000000000E+00
   15
    6      2.539245559302      2.884205566393      2.623521061851
    6      3.676419058392      0.697781384151      2.606026800640
    6      5.050403810686      2.916489711853      2.609109253565
    6      3.802905690487     -3.503399569250      2.607620493346
    6      5.001307490469     -1.380199543905      2.585240997571
    6      6.284716374034      0.778485605304      2.602648888268
    6      0.052668219706     -1.394188357470      2.605396370958
    6      2.491048813000      1.491662710019      2.618152245638
    6      3.806892526462      3.641451298503      2.615915421036
    6      2.597497942819     -2.810529325619      2.616280760851
    6      3.771271423737     -0.725660589861      2.591178274329
    6      5.013410017798      1.469746874831      2.604416540226
    6      3.800195921103     -4.893767671702      2.597909912152
    6      5.046671915212     -2.785266316932      2.604565455105
    6      6.290724629583     -0.661035368226      2.594688524463
    1    1
