   3   1   1 E -5.7073949790312E+02 DE-7.2E-11( 11)
  0.370158621205E+01 -0.641133538787E+01  0.000000000000E+00
  0.370158621205E+01  0.641133538787E+01  0.000000000000E+00
  0.000000000000E+00  0.000000000000E+00  0.868503800000E+01
    1
  0.100000000000E+01  0.000000000000E+00  0.000000000000E+00
  0.000000000000E+00  0.100000000000E+01  0.000000000000E+00
  0.000000000000E+00  0.000000000000E+00  0.100000000000E+01
  0.000000000000E+00  0.000000000000E+00  0.000000000000E+00
   15
    6      2.539677050157      2.883994699820      2.648132475425
    6      3.674806649563      0.696907899581      2.605501095620
    6      5.051731405303      2.917869085406      2.614704774161
    6      3.803832277205     -3.502746737044      2.605569741246
    6      5.001435771515     -1.379656357185      2.562099173793
    6      6.286759872340      0.778955902093      2.597111761922
    6      0.048142199719     -1.396748238211      2.605880627121
    6      2.488363130892      1.490471720138      2.636205625995
    6      3.806756695844      3.640303521878      2.630913557998
    6      2.599235294023     -2.809276390203      2.625094420529
    6      3.769143092271     -0.727269193685      2.574181445432
    6      5.015670442591      1.470977817387      2.605174841879
    6      3.802213818653     -4.892670133189      2.586364365642
    6      5.047517998253     -2.784775219943      2.605490250209
    6      6.290093694460     -0.660561968753      2.580246843030
    1    1
