   3   1   1 E -5.7073923849634E+02 DE-2.8E-12( 19)
  0.370158621205E+01 -0.641133538787E+01  0.000000000000E+00
  0.370158621205E+01  0.641133538787E+01  0.000000000000E+00
  0.000000000000E+00  0.000000000000E+00  0.868503800000E+01
    1
  0.100000000000E+01  0.000000000000E+00  0.000000000000E+00
  0.000000000000E+00  0.100000000000E+01  0.000000000000E+00
  0.000000000000E+00  0.000000000000E+00  0.100000000000E+01
  0.000000000000E+00  0.000000000000E+00  0.000000000000E+00
   15
    6      2.540900363722      2.884059013761      2.608058766275
    6      3.680454289563      0.697497214116      2.608773327781
    6      5.049714055132      2.916678670745      2.598057753005
    6      3.802474638959     -3.506296485351      2.593263228159
    6      5.001813315965     -1.383677071979      2.594203747051
    6      6.280306273610      0.778226822485      2.596044254684
    6      0.051768841622     -1.388222935879      2.640211036386
    6      2.497759843675      1.491238555916      2.604411461913
    6      3.807674542172      3.647304537643      2.620528020866
    6      2.599021230390     -2.811642085731      2.596133836026
    6      3.771589227764     -0.727062776791      2.611110198438
    6      5.012717000295      1.473497221218      2.592560832108
    6      3.795950598318     -4.896975712800      2.615350696445
    6      5.045694054363     -2.788354711707      2.590872310245
    6      6.287541117241     -0.660493847556      2.613091530617
    1    1
