   3   1   1 E -5.7043596616985E+02 DE-9.9E-11( 27)
  0.370158621205E+01 -0.641133538787E+01  0.000000000000E+00
  0.370158621205E+01  0.641133538787E+01  0.000000000000E+00
  0.000000000000E+00  0.000000000000E+00  0.868503800000E+01
    1
  0.100000000000E+01  0.000000000000E+00  0.000000000000E+00
  0.000000000000E+00  0.100000000000E+01  0.000000000000E+00
  0.000000000000E+00  0.000000000000E+00  0.100000000000E+01
  0.000000000000E+00  0.000000000000E+00  0.000000000000E+00
   15
    6      2.486217250003      2.889611011043      2.605489872076
    6      3.630512370065      0.692616727421      2.605488377411
    6      4.990688396595      2.864442809253      2.605480183173
    6      3.728287384977     -3.509413717970      2.605506291108
    6      4.980452342068     -1.395803581570      2.605506259229
    6      6.264066078517      0.715973420607      2.605515823914
    6      0.783160109971     -0.842687884487      2.605753396890
    6      2.459647891876      1.530009366299      2.605457606149
    6      3.766875885865      3.299095978380      2.605444173266
    6      2.485355961639     -2.837108266285      2.605511129179
    6      3.742414932951     -0.699714821301      2.605440002329
    6      4.953978643996      1.384756950630      2.605495722152
    6      3.740804447506     -4.910822256416      2.605522020485
    6      4.981284176326     -2.798002675374      2.605497796740
    6      6.231633520435     -0.657176652138      2.605562345901
    1    1
