   3   1   1 E -5.7073816643425E+02 DE-1.1E-09( 16)
  0.370158621205E+01 -0.641133538787E+01  0.000000000000E+00
  0.370158621205E+01  0.641133538787E+01  0.000000000000E+00
  0.000000000000E+00  0.000000000000E+00  0.868503800000E+01
    1
  0.100000000000E+01  0.000000000000E+00  0.000000000000E+00
  0.000000000000E+00  0.100000000000E+01  0.000000000000E+00
  0.000000000000E+00  0.000000000000E+00  0.100000000000E+01
  0.000000000000E+00  0.000000000000E+00  0.000000000000E+00
   15
    6      2.540887986203      2.882372616070      2.613683979464
    6      3.679963148532      0.694528621535      2.590605561598
    6      5.047943863090      2.925190196645      2.633252715824
    6      3.807186506252     -3.511068055750      2.600831720161
    6      5.002581697751     -1.388287801123      2.564910248266
    6      6.276637009892      0.779442346038      2.567854043679
    6      0.063850190848     -1.381010042346      2.683710998477
    6      2.503782023151      1.487973286006      2.595197356585
    6      3.799987387108      3.656017297138      2.675785843352
    6      2.604455582839     -2.808260794800      2.649388088219
    6      3.772865354241     -0.731656374431      2.535696110565
    6      5.012480272910      1.481657043839      2.595408535860
    6      3.792093836915     -4.905738050378      2.593064718197
    6      5.045423682033     -2.793623467018      2.591348402251
    6      6.275240851024     -0.661760413335      2.591932677502
    1    1
