   3   1   1 E -5.7073946838072E+02 DE-2.3E-09( 12)
  0.370158621205E+01 -0.641133538787E+01  0.000000000000E+00
  0.370158621205E+01  0.641133538787E+01  0.000000000000E+00
  0.000000000000E+00  0.000000000000E+00  0.868503800000E+01
    1
  0.100000000000E+01  0.000000000000E+00  0.000000000000E+00
  0.000000000000E+00  0.100000000000E+01  0.000000000000E+00
  0.000000000000E+00  0.000000000000E+00  0.100000000000E+01
  0.000000000000E+00  0.000000000000E+00  0.000000000000E+00
   15
    6      2.539269938803      2.884151327971      2.622350667856
    6      3.676561137652      0.697852018866      2.606590345550
    6      5.050355969090      2.916496725092      2.608604313142
    6      3.802950355423     -3.503480200794      2.603276023142
    6      5.001345556308     -1.380278152353      2.589006521432
    6      6.284557749139      0.778518202060      2.602594453643
    6      0.052389957279     -1.393816716591      2.605544417778
    6      2.491258419507      1.491663937022      2.617603364776
    6      3.806824467459      3.641489743629      2.615851374734
    6      2.597488683390     -2.810625099408      2.612879233398
    6      3.771537170178     -0.725613958849      2.594469232450
    6      5.013293934843      1.469709501900      2.606213605662
    6      3.800036068933     -4.893889939302      2.595976130283
    6      5.046676532028     -2.785329667479      2.606074775388
    6      6.290833452757     -0.661071313675      2.595636540766
    1    1
