   3   1   1 E -5.7073949533665E+02 DE-3.1E-10( 11)
  0.370158621205E+01 -0.641133538787E+01  0.000000000000E+00
  0.370158621205E+01  0.641133538787E+01  0.000000000000E+00
  0.000000000000E+00  0.000000000000E+00  0.868503800000E+01
    1
  0.100000000000E+01  0.000000000000E+00  0.000000000000E+00
  0.000000000000E+00  0.100000000000E+01  0.000000000000E+00
  0.000000000000E+00  0.000000000000E+00  0.100000000000E+01
  0.000000000000E+00  0.000000000000E+00  0.000000000000E+00
   15
    6      2.539443920226      2.884091270432      2.649429083191
    6      3.674911677049      0.697141162868      2.603907439975
    6      5.051552036545      2.917640823180      2.614229775141
    6      3.803702988827     -3.502791876746      2.602942373694
    6      5.001442439338     -1.379734837372      2.560716964379
    6      6.286691363968      0.778859098590      2.597284840983
    6      0.048394885431     -1.396620705909      2.609494844736
    6      2.488557191975      1.490725985530      2.635590253792
    6      3.806657141339      3.640241655959      2.632876265548
    6      2.599039871350     -2.809593512232      2.624571676574
    6      3.769744210806     -0.726779627730      2.572075890891
    6      5.015506896666      1.470766164217      2.607233033524
    6      3.802093897464     -4.892702838745      2.585814142391
    6      5.047274065681     -2.784791668485      2.605035862126
    6      6.290366806125     -0.660674685469      2.581468553056
    1    1
