   3   1   1 E -5.7061407682795E+02 DE-3.8E-10( 16)
  0.370158621205E+01 -0.641133538787E+01  0.000000000000E+00
  0.370158621205E+01  0.641133538787E+01  0.000000000000E+00
  0.000000000000E+00  0.000000000000E+00  0.868503800000E+01
    1
  0.100000000000E+01  0.000000000000E+00  0.000000000000E+00
  0.000000000000E+00  0.100000000000E+01  0.000000000000E+00
  0.000000000000E+00  0.000000000000E+00  0.100000000000E+01
  0.000000000000E+00  0.000000000000E+00  0.000000000000E+00
   15
    6      2.485915132436      2.773006760456      2.592467735567
    6      3.672926595866      0.635464775458      2.553069824206
    6      5.031272061992      2.914130508556      2.577379193316
    6      3.794126799687     -3.481091646042      2.606160180751
    6      5.069816840894     -1.405222542719      2.555613123374
    6      6.217127230252      0.839820190832      2.568821625244
    6      0.218049341264     -0.938670997690      2.883505423519
    6      2.481176170758      1.366612034048      2.557889173902
    6      3.727163838037      3.420121991353      2.698887041863
    6      2.602711619026     -2.782157325351      2.587297603712
    6      3.829179699245     -0.784107812250      2.524776235779
    6      4.989784248414      1.451746540147      2.561029880470
    6      3.731441118812     -4.871759210419      2.602074538142
    6      5.045890387388     -2.806513743891      2.574530713303
    6      6.328798308720     -0.605603114398      2.639168706853
    1    1
