   3   1   1 E -5.7073949786696E+02 DE-6.4E-09(  8)
  0.370158621205E+01 -0.641133538787E+01  0.000000000000E+00
  0.370158621205E+01  0.641133538787E+01  0.000000000000E+00
  0.000000000000E+00  0.000000000000E+00  0.868503800000E+01
    1
  0.100000000000E+01  0.000000000000E+00  0.000000000000E+00
  0.000000000000E+00  0.100000000000E+01  0.000000000000E+00
  0.000000000000E+00  0.000000000000E+00  0.100000000000E+01
  0.000000000000E+00  0.000000000000E+00  0.000000000000E+00
   15
    6      2.539514211316      2.884092824869      2.648322929807
    6      3.674913391640      0.697059272421      2.605889430296
    6      5.051639675001      2.917849794378      2.613142977292
    6      3.803693918564     -3.502729052834      2.604943714940
    6      5.001432897989     -1.379718649296      2.562606618594
    6      6.286834564192      0.778836074199      2.597095935505
    6      0.048557678864     -1.396885703509      2.606838160076
    6      2.488322021753      1.490481542204      2.636373986134
    6      3.806551866772      3.640468607985      2.630442210837
    6      2.599147447202     -2.809271376049      2.624391265442
    6      3.769105373760     -0.727077570756      2.573859512597
    6      5.015672180374      1.470922522746      2.606022247663
    6      3.802288070813     -4.892645046364      2.586347145820
    6      5.047362323519     -2.784787119615      2.604891308839
    6      6.290343771032     -0.660819712290      2.581503556160
    1    1
