   3   1   1 E -5.7042273758451E+02 DE-2.9E-10( 20)
  0.370158621205E+01 -0.641133538787E+01  0.000000000000E+00
  0.370158621205E+01  0.641133538787E+01  0.000000000000E+00
  0.000000000000E+00  0.000000000000E+00  0.868503800000E+01
    1
  0.100000000000E+01  0.000000000000E+00  0.000000000000E+00
  0.000000000000E+00  0.100000000000E+01  0.000000000000E+00
  0.000000000000E+00  0.000000000000E+00  0.100000000000E+01
  0.000000000000E+00  0.000000000000E+00  0.000000000000E+00
   15
    6      2.467550056709      2.893274630848      2.605489255698
    6      3.667523722497      0.711657135241      2.605482444010
    6      4.953865076861      2.908204961386      2.605493997143
    6      3.731780742106     -3.543089580322      2.605503467619
    6      4.925864750150     -1.425427764352      2.605493950289
    6      6.224121972093      0.690198548619      2.605522967785
    6      1.086789106190     -0.939713501409      2.605687617658
    6      2.500186954000      1.487750888013      2.605485006675
    6      3.714987271579      3.559398918621      2.605489049446
    6      2.495334821590     -2.866813642786      2.605498170507
    6      3.730955478631     -0.685825890800      2.605459723646
    6      4.951372726146      1.436775544604      2.605498044847
    6      3.699409091361     -4.956285952107      2.605530771081
    6      4.941733018541     -2.828486533013      2.605491855791
    6      6.133904604337     -0.715841354452      2.605544677805
    1    1
