   3   1   1 E -5.7049652543583E+02 DE 3.2E-11( 20)
  0.370158621205E+01 -0.641133538787E+01  0.000000000000E+00
  0.370158621205E+01  0.641133538787E+01  0.000000000000E+00
  0.000000000000E+00  0.000000000000E+00  0.868503800000E+01
    1
  0.100000000000E+01  0.000000000000E+00  0.000000000000E+00
  0.000000000000E+00  0.100000000000E+01  0.000000000000E+00
  0.000000000000E+00  0.000000000000E+00  0.100000000000E+01
  0.000000000000E+00  0.000000000000E+00  0.000000000000E+00
   15
    6      2.501061287387      2.869778027893      2.601288860914
    6      3.650379879669      0.675174251762      2.600585755411
    6      5.006727276683      2.833712252211      2.601224565762
    6      3.740322439101     -3.517188078506      2.602671336442
    6      5.009452593438     -1.408102841234      2.603204408639
    6      6.255355514377      0.728571484318      2.608007277671
    6      0.564862564285     -0.741418777327      2.639755933784
    6      2.462101241582      1.495272326619      2.600932323105
    6      3.790837912379      3.338522713238      2.601057561159
    6      2.501795750109     -2.834356671120      2.600360062155
    6      3.763588318171     -0.728122203063      2.597997911406
    6      4.965978906426      1.383264516404      2.602862132616
    6      3.753868857247     -4.914066241322      2.608091391917
    6      4.999983847862     -2.812323329726      2.601683616765
    6      6.259063004075     -0.642941022057      2.612947862253
    1    1
