   3   1   1 E -5.7073967189777E+02 DE 1.2E-09( 19)
  0.370158621205E+01 -0.641133538787E+01  0.000000000000E+00
  0.370158621205E+01  0.641133538787E+01  0.000000000000E+00
  0.000000000000E+00  0.000000000000E+00  0.868503800000E+01
    1
  0.100000000000E+01  0.000000000000E+00  0.000000000000E+00
  0.000000000000E+00  0.100000000000E+01  0.000000000000E+00
  0.000000000000E+00  0.000000000000E+00  0.100000000000E+01
  0.000000000000E+00  0.000000000000E+00  0.000000000000E+00
   15
    6      2.539632960538      2.884001826505      2.648297593146
    6      3.674821568227      0.696917209688      2.605440307935
    6      5.051686298268      2.917881099041      2.614465378209
    6      3.803806686313     -3.502752233334      2.605491587884
    6      5.001440648569     -1.379683443801      2.562009057011
    6      6.286759860682      0.778928703542      2.597132720529
    6      0.048286591878     -1.396735962811      2.606129281601
    6      2.488403398208      1.490491076589      2.636387727769
    6      3.806687956840      3.640352370718      2.630939015849
    6      2.599208371268     -2.809260545480      2.625023948649
    6      3.769170817315     -0.727231574049      2.573861539743
    6      5.015648904553      1.470967196255      2.605383219175
    6      3.802222500017     -4.892684103997      2.586341936962
    6      5.047472363072     -2.784792354876      2.605260885026
    6      6.290130467042     -0.660622855900      2.580506800511
    1    1
