   3   1   1 E -5.7069016535469E+02 DE-1.5E-11( 20)
  0.370158621205E+01 -0.641133538787E+01  0.000000000000E+00
  0.370158621205E+01  0.641133538787E+01  0.000000000000E+00
  0.000000000000E+00  0.000000000000E+00  0.868503800000E+01
    1
  0.100000000000E+01  0.000000000000E+00  0.000000000000E+00
  0.000000000000E+00  0.100000000000E+01  0.000000000000E+00
  0.000000000000E+00  0.000000000000E+00  0.100000000000E+01
  0.000000000000E+00  0.000000000000E+00  0.000000000000E+00
   15
    6      2.565240859748      2.842820907362      2.547136225523
    6      3.638490631416      0.662573309111      2.605181083880
    6      5.045853157400      2.950640735245      2.604457936625
    6      3.812061726490     -3.504298563822      2.561367659963
    6      5.005690313542     -1.368258277797      2.561848534006
    6      6.211223632432      0.825579099458      2.471218190862
    6      0.173936670927     -1.338412973208      3.099029692558
    6      2.458954666590      1.432323895515      2.508211029002
    6      3.846994527289      3.625316110793      2.754560705972
    6      2.613253096860     -2.779910790811      2.625474057633
    6      3.726239325116     -0.782413550427      2.500719519840
    6      4.991599920965      1.483507887063      2.604962766251
    6      3.766283231666     -4.919270531165      2.492435589618
    6      5.082670897555     -2.775066916417      2.508582381630
    6      6.286886734796     -0.629353932812      2.637485626636
    1    1
