   3   1   1 E -5.7073949056396E+02 DE 6.4E-09( 11)
  0.370158621205E+01 -0.641133538787E+01  0.000000000000E+00
  0.370158621205E+01  0.641133538787E+01  0.000000000000E+00
  0.000000000000E+00  0.000000000000E+00  0.868503800000E+01
    1
  0.100000000000E+01  0.000000000000E+00  0.000000000000E+00
  0.000000000000E+00  0.100000000000E+01  0.000000000000E+00
  0.000000000000E+00  0.000000000000E+00  0.100000000000E+01
  0.000000000000E+00  0.000000000000E+00  0.000000000000E+00
   15
    6      2.539417145026      2.884090438356      2.651671055126
    6      3.674821054126      0.697193775660      2.602963021294
    6      5.051567225217      2.917713189200      2.614219319246
    6      3.803729528885     -3.502832925575      2.602134541335
    6      5.001416978359     -1.379670586875      2.558556616139
    6      6.286811206829      0.778812992508      2.597240544541
    6      0.048220131735     -1.396648008325      2.610064955966
    6      2.488510875632      1.490810545559      2.636979552262
    6      3.806575143849      3.640080128795      2.634245001216
    6      2.599089652583     -2.809672677328      2.626008906565
    6      3.769884328241     -0.726619781248      2.570162469810
    6      5.015610353733      1.470758979978      2.608320679099
    6      3.802110718201     -4.892743352986      2.584208601881
    6      5.047229884185     -2.784785572405      2.605134557958
    6      6.290385166191     -0.660710737224      2.580761177562
    1    1
