   3   1   1 E -5.7073948041117E+02 DE-5.7E-08( 25)
  0.370158621205E+01 -0.641133538787E+01  0.000000000000E+00
  0.370158621205E+01  0.641133538787E+01  0.000000000000E+00
  0.000000000000E+00  0.000000000000E+00  0.868503800000E+01
    1
  0.100000000000E+01  0.000000000000E+00  0.000000000000E+00
  0.000000000000E+00  0.100000000000E+01  0.000000000000E+00
  0.000000000000E+00  0.000000000000E+00  0.100000000000E+01
  0.000000000000E+00  0.000000000000E+00  0.000000000000E+00
   15
    6      2.539204993088      2.884099635008      2.635614822990
    6      3.675773196072      0.697539623086      2.604239973128
    6      5.050748830810      2.917022308675      2.611370830863
    6      3.803207202403     -3.503137815938      2.604672025443
    6      5.001447121373     -1.379999931272      2.574246811847
    6      6.285584567542      0.778625152992      2.600221313302
    6      0.051122542593     -1.395165699864      2.608229015840
    6      2.490012923528      1.491288163396      2.626303751860
    6      3.806553136553      3.640885659297      2.624060869109
    6      2.598020487760     -2.810063280893      2.619433488384
    6      3.770816509743     -0.726021778222      2.581857330631
    6      5.014251516031      1.470140731453      2.606581719567
    6      3.801024917667     -4.893395289906      2.592053386749
    6      5.046882790903     -2.785093435833      2.604425502123
    6      6.290728656726     -0.660947633889      2.589360158164
    1    1
