   3   1   1 E -5.7070697731185E+02 DE-2.2E-11( 20)
  0.370158621205E+01 -0.641133538787E+01  0.000000000000E+00
  0.370158621205E+01  0.641133538787E+01  0.000000000000E+00
  0.000000000000E+00  0.000000000000E+00  0.868503800000E+01
    1
  0.100000000000E+01  0.000000000000E+00  0.000000000000E+00
  0.000000000000E+00  0.100000000000E+01  0.000000000000E+00
  0.000000000000E+00  0.000000000000E+00  0.100000000000E+01
  0.000000000000E+00  0.000000000000E+00  0.000000000000E+00
   15
    6      2.566060547920      2.867303843246      2.566178887651
    6      3.638489962007      0.667972513579      2.586310997288
    6      5.052424864459      2.956835670701      2.604535220445
    6      3.811446515762     -3.507871541369      2.559654836118
    6      4.994534042806     -1.374037502135      2.566945838073
    6      6.227070362389      0.805605451093      2.494378210646
    6      0.168372711099     -1.388281422702      3.020595971982
    6      2.466901909826      1.458349871428      2.531406380738
    6      3.842429545294      3.667905487047      2.782310440638
    6      2.619590814307     -2.785313283607      2.612282484168
    6      3.720259043315     -0.774177768805      2.512292997888
    6      4.995112687460      1.482273073911      2.589467743036
    6      3.774988136700     -4.916638131166      2.497967462639
    6      5.076232193789     -2.778469726270      2.525339246020
    6      6.271466055656     -0.655680126859      2.633004282670
    1    1
