   3   1   1 E -5.7073928704063E+02 DE 2.8E-09( 13)
  0.370158621205E+01 -0.641133538787E+01  0.000000000000E+00
  0.370158621205E+01  0.641133538787E+01  0.000000000000E+00
  0.000000000000E+00  0.000000000000E+00  0.868503800000E+01
    1
  0.100000000000E+01  0.000000000000E+00  0.000000000000E+00
  0.000000000000E+00  0.100000000000E+01  0.000000000000E+00
  0.000000000000E+00  0.000000000000E+00  0.100000000000E+01
  0.000000000000E+00  0.000000000000E+00  0.000000000000E+00
   15
    6      2.538985988542      2.883056888411      2.616779088615
    6      3.678087971217      0.696280411454      2.615024785530
    6      5.050075618867      2.915824778967      2.618117067821
    6      3.801948740779     -3.503036738657      2.605628635289
    6      5.002417631531     -1.381091623560      2.587684214266
    6      6.282913453368      0.779313821436      2.588734532970
    6      0.054164854330     -1.393581261305      2.611569447222
    6      2.494591392077      1.491705797542      2.614830066707
    6      3.807491356771      3.641662672189      2.612728200372
    6      2.596779067326     -2.811529560362      2.607080110765
    6      3.772995904162     -0.727065585302      2.593495260290
    6      5.012762935940      1.471008233339      2.614743052167
    6      3.796927680620     -4.891670060480      2.584817953404
    6      5.046638611984     -2.786565070400      2.611499893873
    6      6.288598185278     -0.658536295182      2.599938690709
    1    1
