   3   1   1 E -5.7073945459030E+02 DE 3.4E-09( 14)
  0.370158621205E+01 -0.641133538787E+01  0.000000000000E+00
  0.370158621205E+01  0.641133538787E+01  0.000000000000E+00
  0.000000000000E+00  0.000000000000E+00  0.868503800000E+01
    1
  0.100000000000E+01  0.000000000000E+00  0.000000000000E+00
  0.000000000000E+00  0.100000000000E+01  0.000000000000E+00
  0.000000000000E+00  0.000000000000E+00  0.100000000000E+01
  0.000000000000E+00  0.000000000000E+00  0.000000000000E+00
   15
    6      2.539161790302      2.884146685723      2.616217226755
    6      3.677096542834      0.698003741599      2.610416405976
    6      5.050005018740      2.916544691032      2.606728708333
    6      3.802733076536     -3.503565628969      2.606201302499
    6      5.001314562470     -1.380370011273      2.596244870724
    6      6.284177024238      0.778425472114      2.602776776442
    6      0.053620906466     -1.393846759096      2.602567764877
    6      2.491776446066      1.491676377313      2.613927160931
    6      3.806679620847      3.641865428032      2.610955431514
    6      2.597129680090     -2.810678749800      2.612474028076
    6      3.771523646428     -0.725529065915      2.600391158217
    6      5.013002238831      1.469719639043      2.603176198247
    6      3.799529054248     -4.894020485171      2.597177244025
    6      5.046597637518     -2.785467044743      2.605110478484
    6      6.291032147174     -0.661127881798      2.598306244900
    1    1
