   3   1   1 E -5.7055146545395E+02 DE-1.5E-12( 20)
  0.370158621205E+01 -0.641133538787E+01  0.000000000000E+00
  0.370158621205E+01  0.641133538787E+01  0.000000000000E+00
  0.000000000000E+00  0.000000000000E+00  0.868503800000E+01
    1
  0.100000000000E+01  0.000000000000E+00  0.000000000000E+00
  0.000000000000E+00  0.100000000000E+01  0.000000000000E+00
  0.000000000000E+00  0.000000000000E+00  0.100000000000E+01
  0.000000000000E+00  0.000000000000E+00  0.000000000000E+00
   15
    6      2.473034817140      2.779104707648      2.561135603484
    6      3.680060517661      0.626300958569      2.561774869565
    6      5.018033643501      2.896215237216      2.581338543148
    6      3.782853836794     -3.481405544726      2.604241948998
    6      5.103060079449     -1.439225197468      2.530923728875
    6      6.259024827255      0.799159897036      2.631168999601
    6      0.123256977972     -0.770106559909      2.947651067863
    6      2.500403889667      1.396461578324      2.562014469171
    6      3.706578352544      3.374817400411      2.552987496794
    6      2.578112070001     -2.803038952503      2.574267864182
    6      3.886889731477     -0.778643275131      2.524899189230
    6      4.994161478828      1.430002719363      2.589242869497
    6      3.733345548519     -4.851399457597      2.686989535329
    6      5.035922770662     -2.829164490155      2.563542935361
    6      6.350640851320     -0.623302612988      2.610491878903
    1    1
