   3   1   1 E -5.7073947444472E+02 DE 1.2E-10(  9)
  0.370158621205E+01 -0.641133538787E+01  0.000000000000E+00
  0.370158621205E+01  0.641133538787E+01  0.000000000000E+00
  0.000000000000E+00  0.000000000000E+00  0.868503800000E+01
    1
  0.100000000000E+01  0.000000000000E+00  0.000000000000E+00
  0.000000000000E+00  0.100000000000E+01  0.000000000000E+00
  0.000000000000E+00  0.000000000000E+00  0.100000000000E+01
  0.000000000000E+00  0.000000000000E+00  0.000000000000E+00
   15
    6      2.539186341791      2.884024771726      2.627608827060
    6      3.676289428399      0.697687322775      2.605198579179
    6      5.050381310787      2.916571546856      2.610336494411
    6      3.802893099219     -3.503257010527      2.606311916461
    6      5.001478668688     -1.380091479751      2.582231663482
    6      6.284945803978      0.778642462732      2.601481159823
    6      0.052456121253     -1.394462698329      2.606648818113
    6      2.490665563517      1.491361475624      2.621244263356
    6      3.806662110714      3.641312317280      2.618653535781
    6      2.597448351159     -2.810217903155      2.616552993978
    6      3.771131980347     -0.725805805261      2.588220274571
    6      5.013629249585      1.469861003474      2.604949012875
    6      3.800510025832     -4.893631372862      2.595638730907
    6      5.046742692658     -2.785235755613      2.604746735989
    6      6.290958644864     -0.660982466880      2.592847994012
    1    1
