   3   1   1 E -5.7039440301262E+02 DE-5.7E-09( 17)
  0.370158621205E+01 -0.641133538787E+01  0.000000000000E+00
  0.370158621205E+01  0.641133538787E+01  0.000000000000E+00
  0.000000000000E+00  0.000000000000E+00  0.868503800000E+01
    1
  0.100000000000E+01  0.000000000000E+00  0.000000000000E+00
  0.000000000000E+00  0.100000000000E+01  0.000000000000E+00
  0.000000000000E+00  0.000000000000E+00  0.100000000000E+01
  0.000000000000E+00  0.000000000000E+00  0.000000000000E+00
   15
    6      2.462315096374      2.853060153645      2.605511081970
    6      3.686906612563      0.704285127862      2.605510382567
    6      4.935495591794      2.866935163933      2.605511520061
    6      3.707047602708     -3.557779281168      2.605511472667
    6      4.936866006965     -1.430062796814      2.605510771926
    6      6.183987308013      0.703743090799      2.605511692991
    6      1.228131279968     -0.718644925539      2.605514403854
    6      2.473589101194      1.432081941141      2.605510987889
    6      3.698609574293      3.553620191403      2.605511158203
    6      2.470689598450     -2.857378189716      2.605512061853
    6      3.711676195177     -0.709999914113      2.605509773411
    6      4.935401766240      1.424755400912      2.605511312645
    6      3.695331591203     -4.978806460683      2.605511348720
    6      4.935754033491     -2.848690854374      2.605511103621
    6      6.163578034359     -0.711342239198      2.605511927622
    1    1
