   3   1   1 E -5.7073945809424E+02 DE 6.3E-10( 13)
  0.370158621205E+01 -0.641133538787E+01  0.000000000000E+00
  0.370158621205E+01  0.641133538787E+01  0.000000000000E+00
  0.000000000000E+00  0.000000000000E+00  0.868503800000E+01
    1
  0.100000000000E+01  0.000000000000E+00  0.000000000000E+00
  0.000000000000E+00  0.100000000000E+01  0.000000000000E+00
  0.000000000000E+00  0.000000000000E+00  0.100000000000E+01
  0.000000000000E+00  0.000000000000E+00  0.000000000000E+00
   15
    6      2.539121617331      2.883816237247      2.620937263080
    6      3.676606285358      0.697695554405      2.604107767932
    6      5.050067124940      2.915928240303      2.609057014289
    6      3.802495937522     -3.503123210598      2.606937865458
    6      5.001638451095     -1.379951454841      2.588013998984
    6      6.284619885461      0.778911773983      2.602403127457
    6      0.053754328632     -1.393990862939      2.600081619986
    6      2.490893139805      1.491345991939      2.617885551255
    6      3.806679003981      3.641077109067      2.612637631452
    6      2.596595148186     -2.810429834550      2.615516802334
    6      3.771699594080     -0.725870577903      2.595039497826
    6      5.013175033576      1.469480131821      2.608557956141
    6      3.800182816792     -4.893255048280      2.597300793082
    6      5.046688614515     -2.785325204244      2.609990187567
    6      6.291162411516     -0.660532437320      2.594203923156
    1    1
