   3   1   1 E -5.7057509819904E+02 DE-2.1E-08( 12)
  0.370158621205E+01 -0.641133538787E+01  0.000000000000E+00
  0.370158621205E+01  0.641133538787E+01  0.000000000000E+00
  0.000000000000E+00  0.000000000000E+00  0.868503800000E+01
    1
  0.100000000000E+01  0.000000000000E+00  0.000000000000E+00
  0.000000000000E+00  0.100000000000E+01  0.000000000000E+00
  0.000000000000E+00  0.000000000000E+00  0.100000000000E+01
  0.000000000000E+00  0.000000000000E+00  0.000000000000E+00
   15
    6      2.466705237212      2.771100472924      2.569915053905
    6      3.679060943520      0.626518600393      2.560947000118
    6      5.024841083779      2.911464279546      2.576605425460
    6      3.790607743894     -3.476998744102      2.607606078328
    6      5.094261285007     -1.430702550281      2.517508282020
    6      6.244201974631      0.818322966662      2.604339416876
    6      0.159348461291     -0.828752564006      3.019856301349
    6      2.498878736792      1.378778412742      2.564852701892
    6      3.693238323578      3.382359308334      2.583314494836
    6      2.597970984334     -2.794136323773      2.577409062649
    6      3.876756041961     -0.781868198004      2.526211917256
    6      4.993994559693      1.440355037362      2.583196640369
    6      3.727357613192     -4.850838722094      2.658988794726
    6      5.036366173020     -2.821986185894      2.567462439579
    6      6.341790230887     -0.617839381721      2.564457390635
    1    1
