   3   1   1 E -5.7073946245912E+02 DE 4.5E-10( 11)
  0.370158621205E+01 -0.641133538787E+01  0.000000000000E+00
  0.370158621205E+01  0.641133538787E+01  0.000000000000E+00
  0.000000000000E+00  0.000000000000E+00  0.868503800000E+01
    1
  0.100000000000E+01  0.000000000000E+00  0.000000000000E+00
  0.000000000000E+00  0.100000000000E+01  0.000000000000E+00
  0.000000000000E+00  0.000000000000E+00  0.100000000000E+01
  0.000000000000E+00  0.000000000000E+00  0.000000000000E+00
   15
    6      2.539137768915      2.883928785751      2.621008443108
    6      3.676587155973      0.697775159846      2.602901259369
    6      5.050110141181      2.916121313584      2.609443365144
    6      3.802629599099     -3.503242048247      2.606944782238
    6      5.001556906127     -1.380037963243      2.588629303256
    6      6.284614608227      0.778766051281      2.602670571081
    6      0.053522866148     -1.393936672443      2.602086225338
    6      2.490950641150      1.491442950930      2.617320421619
    6      3.806641193603      3.641246514934      2.613377299293
    6      2.596808052926     -2.810441956461      2.613961815718
    6      3.771617932631     -0.725770352469      2.594181522497
    6      5.013199817650      1.469529705807      2.607625920831
    6      3.800193957061     -4.893515123494      2.598850724336
    6      5.046687237803     -2.785335299659      2.608468033681
    6      6.291121514296     -0.660754658028      2.595201312490
    1    1
