   3   1   1 E -5.7073898396844E+02 DE-1.5E-09( 13)
  0.370158621205E+01 -0.641133538787E+01  0.000000000000E+00
  0.370158621205E+01  0.641133538787E+01  0.000000000000E+00
  0.000000000000E+00  0.000000000000E+00  0.868503800000E+01
    1
  0.100000000000E+01  0.000000000000E+00  0.000000000000E+00
  0.000000000000E+00  0.100000000000E+01  0.000000000000E+00
  0.000000000000E+00  0.000000000000E+00  0.100000000000E+01
  0.000000000000E+00  0.000000000000E+00  0.000000000000E+00
   15
    6      2.540919312707      2.885066201305      2.592574563613
    6      3.683072376774      0.699421332846      2.613314598326
    6      5.048025535095      2.918776655405      2.618735288568
    6      3.803034839243     -3.509084255792      2.595936373336
    6      5.002221677695     -1.386507430597      2.565690896643
    6      6.279105087731      0.776281462285      2.620922972064
    6      0.051278668656     -1.383656189292      2.646786485919
    6      2.500154154464      1.490368889806      2.585634947427
    6      3.804346198927      3.653737673445      2.625038980430
    6      2.600375249086     -2.810271907939      2.601226963624
    6      3.770706917533     -0.725978960779      2.593703096635
    6      5.012510136712      1.475641983718      2.621607260990
    6      3.795921222720     -4.903086228271      2.621679643975
    6      5.044422810755     -2.790234462050      2.570607897459
    6      6.289285204693     -0.664698355998      2.609211030992
    1    1
