   3   1   1 E -5.7073939875953E+02 DE 3.9E-09( 12)
  0.370158621205E+01 -0.641133538787E+01  0.000000000000E+00
  0.370158621205E+01  0.641133538787E+01  0.000000000000E+00
  0.000000000000E+00  0.000000000000E+00  0.868503800000E+01
    1
  0.100000000000E+01  0.000000000000E+00  0.000000000000E+00
  0.000000000000E+00  0.100000000000E+01  0.000000000000E+00
  0.000000000000E+00  0.000000000000E+00  0.100000000000E+01
  0.000000000000E+00  0.000000000000E+00  0.000000000000E+00
   15
    6      2.538806228226      2.882917454503      2.615893852026
    6      3.677873450808      0.696624648978      2.607939379466
    6      5.049718515325      2.915861723575      2.613946475795
    6      3.801952906707     -3.502804061058      2.606921025760
    6      5.002543444512     -1.380556774696      2.588906211650
    6      6.283196069792      0.779327427256      2.597861752871
    6      0.054481337519     -1.393942507255      2.609057551377
    6      2.493528669653      1.491379146499      2.612939874318
    6      3.807265210474      3.641275624183      2.612226938698
    6      2.596114042192     -2.810965425012      2.613914749055
    6      3.772678757260     -0.726660725473      2.590246863740
    6      5.012670925281      1.470442417854      2.612774170309
    6      3.797551647737     -4.892083784244      2.590882614582
    6      5.046928897434     -2.786132892811      2.611077534694
    6      6.290069289869     -0.658905864209      2.598082005659
    1    1
