   3   1   1 E -5.7071830904694E+02 DE 3.4E-11( 20)
  0.370158621205E+01 -0.641133538787E+01  0.000000000000E+00
  0.370158621205E+01  0.641133538787E+01  0.000000000000E+00
  0.000000000000E+00  0.000000000000E+00  0.868503800000E+01
    1
  0.100000000000E+01  0.000000000000E+00  0.000000000000E+00
  0.000000000000E+00  0.100000000000E+01  0.000000000000E+00
  0.000000000000E+00  0.000000000000E+00  0.100000000000E+01
  0.000000000000E+00  0.000000000000E+00  0.000000000000E+00
   15
    6      2.541339990991      2.901291776031      2.580937394736
    6      3.656185708291      0.670518976652      2.515542591821
    6      5.068465618900      2.934996963086      2.630024695617
    6      3.803761441050     -3.513199924625      2.530847596292
    6      4.996905843855     -1.409337670559      2.545562200712
    6      6.276896015792      0.753655745543      2.588410823953
    6      0.120142763557     -1.283424759183      2.974210950046
    6      2.499012848339      1.506608838425      2.556883164428
    6      3.796712133614      3.673541697987      2.750169726934
    6      2.626574730569     -2.811168230628      2.587620777028
    6      3.754001756370     -0.750531404069      2.519516192898
    6      5.003958751351      1.459699353462      2.524355592945
    6      3.787799760119     -4.888924079987      2.508952494334
    6      5.046098931424     -2.808502163155      2.552685092586
    6      6.247523098567     -0.709448710892      2.716951705670
    1    1
