   3   1   1 E -5.7072869166914E+02 DE-1.7E-10( 18)
  0.370158621205E+01 -0.641133538787E+01  0.000000000000E+00
  0.370158621205E+01  0.641133538787E+01  0.000000000000E+00
  0.000000000000E+00  0.000000000000E+00  0.868503800000E+01
    1
  0.100000000000E+01  0.000000000000E+00  0.000000000000E+00
  0.000000000000E+00  0.100000000000E+01  0.000000000000E+00
  0.000000000000E+00  0.000000000000E+00  0.100000000000E+01
  0.000000000000E+00  0.000000000000E+00  0.000000000000E+00
   15
    6      2.552135860991      2.903134373124      2.577714140428
    6      3.662674911098      0.679320222989      2.591032645496
    6      5.069688966025      2.915270665010      2.639105671482
    6      3.801920660059     -3.518454224188      2.546042619937
    6      4.989212697060     -1.398518824131      2.560963386585
    6      6.274517490363      0.758798407758      2.602265523207
    6      0.113967064589     -1.303654947620      2.798481761933
    6      2.497531202895      1.508759349426      2.550670631900
    6      3.816743379325      3.676434793791      2.689434149713
    6      2.615432683128     -2.813723508234      2.577517922771
    6      3.744238830772     -0.744596290173      2.547441337683
    6      5.007109782433      1.461983240935      2.605012062862
    6      3.794097659912     -4.898590048504      2.615767456565
    6      5.045916556301     -2.805849485320      2.552158188687
    6      6.240191647838     -0.694537316773      2.629063500751
    1    1
