   3   1   1 E -5.7054029957260E+02 DE-3.8E-10( 17)
  0.370158621205E+01 -0.641133538787E+01  0.000000000000E+00
  0.370158621205E+01  0.641133538787E+01  0.000000000000E+00
  0.000000000000E+00  0.000000000000E+00  0.868503800000E+01
    1
  0.100000000000E+01  0.000000000000E+00  0.000000000000E+00
  0.000000000000E+00  0.100000000000E+01  0.000000000000E+00
  0.000000000000E+00  0.000000000000E+00  0.100000000000E+01
  0.000000000000E+00  0.000000000000E+00  0.000000000000E+00
   15
    6      2.511404058737      2.846358528903      2.607731748246
    6      3.668234543208      0.656227322760      2.605443357237
    6      5.018941264392      2.814279115610      2.602374784968
    6      3.753047951935     -3.520158193584      2.602896278885
    6      5.043855453599     -1.422170186609      2.613397576167
    6      6.251487246576      0.742161914110      2.604056479027
    6      0.340245170645     -0.658351843976      2.595515519478
    6      2.468496402801      1.462209684251      2.606163976407
    6      3.803751793246      3.372632109394      2.609200733247
    6      2.519310829799     -2.830849793821      2.602909036313
    6      3.794380826703     -0.755347944591      2.609305907698
    6      4.978367374636      1.385259208149      2.602462348665
    6      3.762270763589     -4.909616769174      2.599604021372
    6      5.018905613483     -2.826312221582      2.608021014275
    6      6.292680099439     -0.630544521749      2.613588218015
    1    1
