   3   1   1 E -5.7073939878789E+02 DE-2.1E-09( 11)
  0.370158621205E+01 -0.641133538787E+01  0.000000000000E+00
  0.370158621205E+01  0.641133538787E+01  0.000000000000E+00
  0.000000000000E+00  0.000000000000E+00  0.868503800000E+01
    1
  0.100000000000E+01  0.000000000000E+00  0.000000000000E+00
  0.000000000000E+00  0.100000000000E+01  0.000000000000E+00
  0.000000000000E+00  0.000000000000E+00  0.100000000000E+01
  0.000000000000E+00  0.000000000000E+00  0.000000000000E+00
   15
    6      2.539104574924      2.884290380183      2.613167525141
    6      3.677788892903      0.697909033569      2.614848780947
    6      5.050191778847      2.916545522679      2.611235020542
    6      3.802708415431     -3.503950808747      2.610472924611
    6      5.001426617761     -1.381108375607      2.599325048239
    6      6.283701472010      0.777882887877      2.593712293293
    6      0.053267744536     -1.391755496126      2.599638260573
    6      2.493011623440      1.492071508161      2.611682006428
    6      3.806480976340      3.642761287755      2.608075102205
    6      2.597473647587     -2.810869834053      2.623736569158
    6      3.771420754322     -0.725410271998      2.611087139592
    6      5.012852651328      1.469874498133      2.603308178304
    6      3.798734425359     -4.894371898634      2.588192542145
    6      5.046509974340     -2.786159984344      2.602165719737
    6      6.290705843663     -0.661932040758      2.592023889083
    1    1
