   3   1   1 E -5.7023177923257E+02 DE 8.3E-10( 18)
  0.370158621205E+01 -0.641133538787E+01  0.000000000000E+00
  0.370158621205E+01  0.641133538787E+01  0.000000000000E+00
  0.000000000000E+00  0.000000000000E+00  0.868503800000E+01
    1
  0.100000000000E+01  0.000000000000E+00  0.000000000000E+00
  0.000000000000E+00  0.100000000000E+01  0.000000000000E+00
  0.000000000000E+00  0.000000000000E+00  0.100000000000E+01
  0.000000000000E+00  0.000000000000E+00  0.000000000000E+00
   15
    6      2.584233350472      2.968262167476      2.605501941509
    6      3.684760408195      0.739118921032      2.605503616968
    6      4.988797319153      2.657501505952      2.605471482996
    6      3.674488215409     -3.536569525547      2.605506980848
    6      4.985780537825     -1.373533318678      2.605514456112
    6      6.163080971835      0.801831584385      2.605506486550
    6      0.527269213699     -1.580060407871      2.605678659485
    6      2.382002302095      1.539143579427      2.605432955493
    6      3.993551670641      3.873641137021      2.605531347303
    6      2.429559010107     -2.755810616350      2.605522930856
    6      3.695487175758     -0.736166918434      2.605421494479
    6      4.973407710509      1.449043369022      2.605493392851
    6      3.814989536728     -4.915786044828      2.605518631656
    6      4.986301886498     -2.797067527578      2.605497893498
    6      6.341670083865     -0.607771496937      2.605568729396
    1    1
