   3   1   1 E -5.7073579741711E+02 DE-7.8E-11( 20)
  0.370158621205E+01 -0.641133538787E+01  0.000000000000E+00
  0.370158621205E+01  0.641133538787E+01  0.000000000000E+00
  0.000000000000E+00  0.000000000000E+00  0.868503800000E+01
    1
  0.100000000000E+01  0.000000000000E+00  0.000000000000E+00
  0.000000000000E+00  0.100000000000E+01  0.000000000000E+00
  0.000000000000E+00  0.000000000000E+00  0.100000000000E+01
  0.000000000000E+00  0.000000000000E+00  0.000000000000E+00
   15
    6      2.550780430574      2.886484457272      2.599341180238
    6      3.671895189881      0.687920927163      2.577045369384
    6      5.056197690546      2.918383183701      2.607868234624
    6      3.807045293031     -3.513815239833      2.586451155807
    6      4.995214858732     -1.384775949002      2.586886626219
    6      6.272683831184      0.780479063695      2.597630260763
    6      0.082316323183     -1.376854767734      2.752523336050
    6      2.499988466541      1.492962013511      2.566334427936
    6      3.816981539215      3.663631714215      2.678870871916
    6      2.605328298046     -2.810212674436      2.598902453927
    6      3.760318507938     -0.739370550621      2.578818343445
    6      5.011691271644      1.479458448439      2.596227060763
    6      3.792745374681     -4.903663280202      2.554210354676
    6      5.049069273761     -2.795412698631      2.574875865712
    6      6.253123043832     -0.659438239449      2.626685458540
    1    1
