   3   1   1 E -5.7066379023031E+02 DE 6.4E-10( 17)
  0.370158621205E+01 -0.641133538787E+01  0.000000000000E+00
  0.370158621205E+01  0.641133538787E+01  0.000000000000E+00
  0.000000000000E+00  0.000000000000E+00  0.868503800000E+01
    1
  0.100000000000E+01  0.000000000000E+00  0.000000000000E+00
  0.000000000000E+00  0.100000000000E+01  0.000000000000E+00
  0.000000000000E+00  0.000000000000E+00  0.100000000000E+01
  0.000000000000E+00  0.000000000000E+00  0.000000000000E+00
   15
    6      2.524822390933      2.813803592306      2.547768608187
    6      3.639684285659      0.651740355057      2.588062283615
    6      5.039358555741      2.955398672429      2.705511022676
    6      3.814925969135     -3.490685126043      2.482835344854
    6      5.016360722576     -1.372649175841      2.598757475874
    6      6.204108769902      0.841753093527      2.614422118000
    6      0.274283289705     -1.236341399559      2.697551748031
    6      2.462755047100      1.402507951456      2.456467063565
    6      3.792545452336      3.525426939994      2.800531479946
    6      2.621086166645     -2.780675436464      2.629110165327
    6      3.759450898381     -0.784635117329      2.669601081162
    6      4.985769095241      1.478691707782      2.616533831942
    6      3.745232727231     -4.898788649164      2.458536699727
    6      5.067494147641     -2.776255825419      2.508896044859
    6      6.277501874565     -0.603515174641      2.708086032235
    1    1
