   3   1   1 E -6.0866817044636E+02 DE 1.9E-09( 27)
  0.370158621205E+01 -0.641133538787E+01  0.000000000000E+00
  0.370158621205E+01  0.641133538787E+01  0.000000000000E+00
  0.000000000000E+00  0.000000000000E+00  0.868503800000E+01
    1
  0.100000000000E+01  0.000000000000E+00  0.000000000000E+00
  0.000000000000E+00  0.100000000000E+01  0.000000000000E+00
  0.000000000000E+00  0.000000000000E+00  0.100000000000E+01
  0.000000000000E+00  0.000000000000E+00  0.000000000000E+00
   16
    6      1.222430639768      0.717202557170      2.626650086880
    6      2.407915154591      2.826850274075      2.708265330633
    6      3.697267547648      5.040046159717      2.641593230554
    6      2.466261449014     -1.429028536960      2.593384506624
    6      3.701554330032      0.728137828883      2.573775217918
    6      4.999801064863      2.818591410062      2.463587811602
    6      3.702455683114     -3.579053798614      2.598333300838
    6      4.931359823071     -1.424672975717      2.649721383066
    6      6.182686348232      0.717156926471      2.594060261643
    6      1.252385685572     -0.722542501878      2.634678930015
    6      2.480469428631      1.417262145647      2.644612560892
    6      2.477769117627     -2.833857962700      2.562453223941
    6      4.927173518858      1.414663609368      2.557749760129
    6      3.702763740050     -4.989716572387      2.606547449809
    6      4.925859182151     -2.830321353589      2.626053099215
    6      6.147226679568     -0.720199604153      2.606716246242
    1    1
