   3   1   1 E -6.0867983545279E+02 DE 9.1E-12( 16)
  0.370158621205E+01 -0.641133538787E+01  0.000000000000E+00
  0.370158621205E+01  0.641133538787E+01  0.000000000000E+00
  0.000000000000E+00  0.000000000000E+00  0.868503800000E+01
    1
  0.100000000000E+01  0.000000000000E+00  0.000000000000E+00
  0.000000000000E+00  0.100000000000E+01  0.000000000000E+00
  0.000000000000E+00  0.000000000000E+00  0.100000000000E+01
  0.000000000000E+00  0.000000000000E+00  0.000000000000E+00
   16
    6      1.237548277794      0.689792626961      2.641989353286
    6      2.334976797648      2.829757943967      3.205167783508
    6      3.790886414070      4.941210832794      2.393195160838
    6      2.609501539993     -1.420769453949      2.362648080089
    6      3.708895524615      0.874776441716      2.878431875044
    6      4.948501066963      2.962019948560      2.369067358403
    6      3.677545220459     -3.619071716201      2.634508150471
    6      4.888920901494     -1.492512345087      2.531203896711
    6      6.151766630985      0.682949537958      2.477312519334
    6      1.336969080301     -0.732573169907      2.469463554722
    6      2.429113887741      1.458770420145      2.906807737400
    6      2.497068620478     -2.822718051594      2.485496286969
    6      4.891987756072      1.491765635518      2.510475190702
    6      3.683099264697     -5.037590104268      2.582275471258
    6      4.885536052232     -2.866994768893      2.815026053403
    6      6.153062357249     -0.788296172327      2.425113927862
    1    1
