   3   1   1 E -6.0867978324415E+02 DE 1.4E-10( 14)
  0.370158621205E+01 -0.641133538787E+01  0.000000000000E+00
  0.370158621205E+01  0.641133538787E+01  0.000000000000E+00
  0.000000000000E+00  0.000000000000E+00  0.868503800000E+01
    1
  0.100000000000E+01  0.000000000000E+00  0.000000000000E+00
  0.000000000000E+00  0.100000000000E+01  0.000000000000E+00
  0.000000000000E+00  0.000000000000E+00  0.100000000000E+01
  0.000000000000E+00  0.000000000000E+00  0.000000000000E+00
   16
    6      1.239868241114      0.689863501450      2.640601100218
    6      2.335726867233      2.832264119286      3.202097934334
    6      3.785331917779      4.945493282207      2.389769163520
    6      2.604168636675     -1.426314334040      2.362123209269
    6      3.714184574471      0.872177295472      2.883180976927
    6      4.951150058634      2.955992975241      2.369755806822
    6      3.680033558824     -3.618317001134      2.636211226046
    6      4.882449868360     -1.485034111344      2.539372885699
    6      6.154509332458      0.684258247022      2.473251312356
    6      1.335663712342     -0.733139415369      2.470328530429
    6      2.431587776563      1.457753825198      2.906431395095
    6      2.496782818793     -2.826659984098      2.489656667139
    6      4.894202920436      1.488791587723      2.506552563784
    6      3.685742092181     -5.037545127277      2.578487941054
    6      4.884059641901     -2.863691001918      2.816845231806
    6      6.149917375025     -0.785376253025      2.423516455501
    1    1
