   3   1   1 E -6.0867151995012E+02 DE-2.7E-11( 15)
  0.370158621205E+01 -0.641133538787E+01  0.000000000000E+00
  0.370158621205E+01  0.641133538787E+01  0.000000000000E+00
  0.000000000000E+00  0.000000000000E+00  0.868503800000E+01
    1
  0.100000000000E+01  0.000000000000E+00  0.000000000000E+00
  0.000000000000E+00  0.100000000000E+01  0.000000000000E+00
  0.000000000000E+00  0.000000000000E+00  0.100000000000E+01
  0.000000000000E+00  0.000000000000E+00  0.000000000000E+00
   16
    6      1.224075014634      0.708631276973      2.667816100984
    6      2.419058987026      2.864732447918      2.893610509121
    6      3.683107924260      4.972586533682      2.669287181917
    6      2.448806986515     -1.452424459163      2.563927363054
    6      3.704217316519      0.807659674918      2.537728301782
    6      5.009951447937      2.839492351614      2.249978357001
    6      3.707355082371     -3.596387992805      2.592437988753
    6      4.923611755183     -1.429337871731      2.714717732546
    6      6.190256054785      0.711701854049      2.561264734278
    6      1.260209636047     -0.740945203229      2.677742818781
    6      2.476175714004      1.434974970346      2.717788034831
    6      2.507377414561     -2.843011206854      2.482105916580
    6      4.947393260158      1.419170536771      2.466088831318
    6      3.706403105108     -4.999603168548      2.606239898821
    6      4.897954825352     -2.820920652745      2.688615578814
    6      6.119424868328     -0.725801485801      2.598833051422
    1    1
