   3   1   1 E -6.0867967930343E+02 DE 2.7E-10( 16)
  0.370158621205E+01 -0.641133538787E+01  0.000000000000E+00
  0.370158621205E+01  0.641133538787E+01  0.000000000000E+00
  0.000000000000E+00  0.000000000000E+00  0.868503800000E+01
    1
  0.100000000000E+01  0.000000000000E+00  0.000000000000E+00
  0.000000000000E+00  0.100000000000E+01  0.000000000000E+00
  0.000000000000E+00  0.000000000000E+00  0.100000000000E+01
  0.000000000000E+00  0.000000000000E+00  0.000000000000E+00
   16
    6      1.242831063732      0.691237279765      2.642719888804
    6      2.335716995260      2.832794980102      3.184043754311
    6      3.781266350578      4.952338749590      2.396872141340
    6      2.599535222295     -1.428052920932      2.356949759980
    6      3.720304219740      0.865359596369      2.909302379025
    6      4.953148836521      2.947298578301      2.355200964363
    6      3.681046208274     -3.616726604650      2.629263322973
    6      4.876007649203     -1.477225408498      2.537761047217
    6      6.157145977948      0.685657568020      2.483536491041
    6      1.335822886872     -0.733383381866      2.468129525397
    6      2.435361115977      1.456852027203      2.907932902252
    6      2.493893411371     -2.829714324716      2.477978330336
    6      4.893663397860      1.483436801453      2.517404315304
    6      3.688684312236     -5.036848619243      2.580696973173
    6      4.883006350279     -2.859860515175      2.810469826400
    6      6.147945394645     -0.782646200331      2.429920778084
    1    1
