   3   1   1 E -6.0867101972337E+02 DE 2.6E-10( 18)
  0.370158621205E+01 -0.641133538787E+01  0.000000000000E+00
  0.370158621205E+01  0.641133538787E+01  0.000000000000E+00
  0.000000000000E+00  0.000000000000E+00  0.868503800000E+01
    1
  0.100000000000E+01  0.000000000000E+00  0.000000000000E+00
  0.000000000000E+00  0.100000000000E+01  0.000000000000E+00
  0.000000000000E+00  0.000000000000E+00  0.100000000000E+01
  0.000000000000E+00  0.000000000000E+00  0.000000000000E+00
   16
    6      1.221609451880      0.710796213102      2.664354527717
    6      2.412273334209      2.862554406581      2.847483866838
    6      3.684235680606      4.987730437076      2.666464822473
    6      2.453809188084     -1.451488547969      2.570162240633
    6      3.704303672263      0.797525520560      2.530628858974
    6      5.011128828330      2.835102220389      2.277847498894
    6      3.707259109669     -3.596925955143      2.589008477968
    6      4.921578319872     -1.428780663917      2.735720442763
    6      6.191607822991      0.711806310940      2.568216373071
    6      1.263293109272     -0.736790944764      2.676038337496
    6      2.477549942932      1.429817245355      2.701894045299
    6      2.505303418860     -2.839859779768      2.493754893577
    6      4.944720028431      1.416535971503      2.481540686956
    6      3.707623979121     -5.001488869404      2.604470901102
    6      4.899316255175     -2.820889088770      2.669221431457
    6      6.119767251095     -0.725126870379      2.611374994781
    1    1
