   3   1   1 E -6.0868040463007E+02 DE 1.2E-10( 14)
  0.370158621205E+01 -0.641133538787E+01  0.000000000000E+00
  0.370158621205E+01  0.641133538787E+01  0.000000000000E+00
  0.000000000000E+00  0.000000000000E+00  0.868503800000E+01
    1
  0.100000000000E+01  0.000000000000E+00  0.000000000000E+00
  0.000000000000E+00  0.100000000000E+01  0.000000000000E+00
  0.000000000000E+00  0.000000000000E+00  0.100000000000E+01
  0.000000000000E+00  0.000000000000E+00  0.000000000000E+00
   16
    6      1.206757716330      0.710768297914      2.620150604857
    6      2.353862193992      2.804062281644      3.197866589581
    6      3.827062156862      4.954530204402      2.324567092469
    6      2.608520573509     -1.358138724072      2.478712753870
    6      3.658379432919      0.816457441103      2.816231770557
    6      4.923020681760      2.983598314194      2.478030788744
    6      3.661105432221     -3.602789451911      2.668027649366
    6      4.993068868377     -1.563746128777      2.389910496122
    6      6.131941995895      0.681526779852      2.488683661677
    6      1.335461327546     -0.702427973874      2.440843194289
    6      2.411118571403      1.443033033637      2.876790295531
    6      2.490639969778     -2.782911210893      2.585889460531
    6      4.865492482386      1.472248950374      2.543250038353
    6      3.653135636406     -5.020833370926      2.600549472202
    6      4.907772074254     -2.885006504081      2.789988458306
    6      6.198040279151     -0.799854333195      2.388690073545
    1    1
