   3   1   1 E -6.0867340681248E+02 DE 2.9E-09( 25)
  0.370158621205E+01 -0.641133538787E+01  0.000000000000E+00
  0.370158621205E+01  0.641133538787E+01  0.000000000000E+00
  0.000000000000E+00  0.000000000000E+00  0.868503800000E+01
    1
  0.100000000000E+01  0.000000000000E+00  0.000000000000E+00
  0.000000000000E+00  0.100000000000E+01  0.000000000000E+00
  0.000000000000E+00  0.000000000000E+00  0.100000000000E+01
  0.000000000000E+00  0.000000000000E+00  0.000000000000E+00
   16
    6      1.226667756891      0.699878134182      2.672571621257
    6      2.403679119142      2.862987292631      2.997943742493
    6      3.695691439492      4.920538715004      2.605752327601
    6      2.444900370183     -1.453290484793      2.490603175432
    6      3.715052750858      0.858093515021      2.648229774606
    6      5.018052396435      2.867336022057      2.213933186384
    6      3.704314384530     -3.595671416414      2.622370243412
    6      4.929426650659     -1.436623453257      2.660997252237
    6      6.186573168740      0.705007617959      2.542118684146
    6      1.255082821320     -0.749182178560      2.628298933911
    6      2.464286138896      1.453179792824      2.765678947681
    6      2.508964031888     -2.850527505199      2.473676246377
    6      4.950900345535      1.442768754695      2.458080659090
    6      3.704409203437     -5.005973204564      2.611488889921
    6      4.888232335683     -2.829486762984      2.752905303518
    6      6.129146479101     -0.738517233211      2.543533411935
    1    1
