   3   1   1 E -6.0867989809749E+02 DE-1.0E-10( 13)
  0.370158621205E+01 -0.641133538787E+01  0.000000000000E+00
  0.370158621205E+01  0.641133538787E+01  0.000000000000E+00
  0.000000000000E+00  0.000000000000E+00  0.868503800000E+01
    1
  0.100000000000E+01  0.000000000000E+00  0.000000000000E+00
  0.000000000000E+00  0.100000000000E+01  0.000000000000E+00
  0.000000000000E+00  0.000000000000E+00  0.100000000000E+01
  0.000000000000E+00  0.000000000000E+00  0.000000000000E+00
   16
    6      1.225976958851      0.693000977279      2.640288117010
    6      2.331001912381      2.824850240497      3.220901437711
    6      3.807047651497      4.933416283399      2.392392813096
    6      2.620781164824     -1.399770734812      2.408298332418
    6      3.689547289235      0.875836853810      2.845268049650
    6      4.948697882688      2.976588840021      2.377663145797
    6      3.672201951151     -3.618390930969      2.629934039876
    6      4.917814786086     -1.517699600905      2.497145445447
    6      6.141845854845      0.680056449075      2.479844863586
    6      1.343499619126     -0.727295153050      2.475586046789
    6      2.416783329465      1.458705693997      2.904905261940
    6      2.500701109136     -2.810885939529      2.501946619434
    6      4.882309898446      1.496299606792      2.503535408080
    6      3.671168667126     -5.038890871578      2.582073669170
    6      4.888700422179     -2.878382185454      2.802743144387
    6      6.167300895755     -0.796921923180      2.425656005611
    1    1
