   3   1   1 E -6.0866654383593E+02 DE 4.3E-11( 21)
  0.370158621205E+01 -0.641133538787E+01  0.000000000000E+00
  0.370158621205E+01  0.641133538787E+01  0.000000000000E+00
  0.000000000000E+00  0.000000000000E+00  0.868503800000E+01
    1
  0.100000000000E+01  0.000000000000E+00  0.000000000000E+00
  0.000000000000E+00  0.100000000000E+01  0.000000000000E+00
  0.000000000000E+00  0.000000000000E+00  0.100000000000E+01
  0.000000000000E+00  0.000000000000E+00  0.000000000000E+00
   16
    6      1.221108806288      0.719476267251      2.605512869479
    6      2.405679525215      2.814778457501      2.605530080829
    6      3.701533442283      5.055934455370      2.605512751476
    6      2.465156652748     -1.426461276091      2.605510010407
    6      3.701614984065      0.716993961614      2.605491205978
    6      4.997523450373      2.814699631425      2.605498311595
    6      3.701600415041     -3.577018759642      2.605514233252
    6      4.937934199666     -1.426380648203      2.605521814092
    6      6.182120070086      0.719492493811      2.605508865883
    6      1.251800370355     -0.716155164762      2.605512556343
    6      2.479048265185      1.411679709318      2.605512602259
    6      2.474305867702     -2.832557019753      2.605507120398
    6      4.924175427902      1.411642626031      2.605500645438
    6      3.701615771967     -4.986998665258      2.605512687436
    6      4.928857534779     -2.832491441497      2.605521901351
    6      6.151304609135     -0.716117021722      2.605514743785
    1    1
