   3   1   1 E -6.0867171338184E+02 DE-1.2E-10( 15)
  0.370158621205E+01 -0.641133538787E+01  0.000000000000E+00
  0.370158621205E+01  0.641133538787E+01  0.000000000000E+00
  0.000000000000E+00  0.000000000000E+00  0.868503800000E+01
    1
  0.100000000000E+01  0.000000000000E+00  0.000000000000E+00
  0.000000000000E+00  0.100000000000E+01  0.000000000000E+00
  0.000000000000E+00  0.000000000000E+00  0.100000000000E+01
  0.000000000000E+00  0.000000000000E+00  0.000000000000E+00
   16
    6      1.225215806047      0.707172695221      2.669012530892
    6      2.419696921944      2.866478627938      2.904959457804
    6      3.682965121308      4.965011715711      2.654751009632
    6      2.445896500915     -1.454176196154      2.552447803474
    6      3.704862691087      0.816646159936      2.547201425414
    6      5.010995065078      2.842437433860      2.236343057357
    6      3.707392845262     -3.597077686939      2.599328550372
    6      4.924765334454     -1.430719482055      2.720736872683
    6      6.189884956429      0.710998269589      2.558431467598
    6      1.258925045494     -0.743353870298      2.673265194844
    6      2.474713644020      1.438662224777      2.725117295793
    6      2.509323120790     -2.844847549040      2.479655858491
    6      4.949371412670      1.421628045843      2.465709542955
    6      3.706080153444     -4.999883738792      2.605499833739
    6      4.895870847058     -2.821407242219      2.700875556660
    6      6.119419926792     -0.727051801984      2.594846942291
    1    1
