   3   1   1 E -6.0866786251561E+02 DE 2.1E-09( 12)
  0.370158621205E+01 -0.641133538787E+01  0.000000000000E+00
  0.370158621205E+01  0.641133538787E+01  0.000000000000E+00
  0.000000000000E+00  0.000000000000E+00  0.868503800000E+01
    1
  0.100000000000E+01  0.000000000000E+00  0.000000000000E+00
  0.000000000000E+00  0.100000000000E+01  0.000000000000E+00
  0.000000000000E+00  0.000000000000E+00  0.100000000000E+01
  0.000000000000E+00  0.000000000000E+00  0.000000000000E+00
   16
    6      1.222303993354      0.717727221241      2.623468553498
    6      2.407497938429      2.824220331975      2.696803129164
    6      3.698158732545      5.043899482052      2.637866846473
    6      2.467539704245     -1.427309303451      2.595118016785
    6      3.701254272689      0.722632710225      2.578299496868
    6      4.998998582597      2.817423673120      2.480417466305
    6      3.702231583790     -3.577656056849      2.599744785314
    6      4.931805186118     -1.424180624168      2.640980505867
    6      6.182055611375      0.717533491007      2.596060299052
    6      1.251569405378     -0.721400016522      2.630623005898
    6      2.480801194628      1.416112724177      2.639423033938
    6      2.475587161361     -2.833243851883      2.567741544684
    6      4.925773462528      1.414617770620      2.563303947744
    6      3.702511174137     -4.989000647859      2.607171001473
    6      4.928065272521     -2.831073477517      2.624241693671
    6      6.149226117094     -0.719785820775      2.606919073265
    1    1
