   3   1   1 E -6.0867929122781E+02 DE 7.0E-10( 14)
  0.370158621205E+01 -0.641133538787E+01  0.000000000000E+00
  0.370158621205E+01  0.641133538787E+01  0.000000000000E+00
  0.000000000000E+00  0.000000000000E+00  0.868503800000E+01
    1
  0.100000000000E+01  0.000000000000E+00  0.000000000000E+00
  0.000000000000E+00  0.100000000000E+01  0.000000000000E+00
  0.000000000000E+00  0.000000000000E+00  0.100000000000E+01
  0.000000000000E+00  0.000000000000E+00  0.000000000000E+00
   16
    6      1.242932186509      0.692590177955      2.652451931087
    6      2.348092665929      2.846009171445      3.139197203920
    6      3.751726616050      4.940857233587      2.462908576370
    6      2.560283343126     -1.434209406532      2.349840547350
    6      3.732822027310      0.863613335653      2.906108337053
    6      4.972068265540      2.918456204536      2.310766525963
    6      3.685137952369     -3.611034469649      2.616662442928
    6      4.878405820043     -1.459130936186      2.564793881182
    6      6.168760141415      0.689300577950      2.492825780717
    6      1.317012305908     -0.742132213329      2.507450576026
    6      2.447009294291      1.460001570295      2.885636960281
    6      2.496088012580     -2.837503690010      2.455901935785
    6      4.908253501541      1.468724946963      2.513051085704
    6      3.697539541754     -5.028765182017      2.578966279406
    6      4.879369537153     -2.844539025051      2.800168867232
    6      6.139878181272     -0.771720690217      2.451451468996
    1    1
