   3   1   1 E -6.0868029859242E+02 DE 2.2E-11( 16)
  0.370158621205E+01 -0.641133538787E+01  0.000000000000E+00
  0.370158621205E+01  0.641133538787E+01  0.000000000000E+00
  0.000000000000E+00  0.000000000000E+00  0.868503800000E+01
    1
  0.100000000000E+01  0.000000000000E+00  0.000000000000E+00
  0.000000000000E+00  0.100000000000E+01  0.000000000000E+00
  0.000000000000E+00  0.000000000000E+00  0.100000000000E+01
  0.000000000000E+00  0.000000000000E+00  0.000000000000E+00
   16
    6      1.204278228514      0.709368652028      2.618864401403
    6      2.351907608550      2.802043754509      3.217388768617
    6      3.833096928215      4.950754894643      2.332597415619
    6      2.611759097637     -1.356564932636      2.481501562140
    6      3.652461535747      0.823291090992      2.804036825726
    6      4.921229977883      2.993189542307      2.479012849674
    6      3.659351619672     -3.604701326739      2.669278710039
    6      5.003972133204     -1.574699707375      2.376321336590
    6      6.128399145917      0.682019639146      2.485902906123
    6      1.336692896580     -0.701688834980      2.436322115998
    6      2.406718374328      1.442897654295      2.877346170988
    6      2.491608709871     -2.778484700947      2.582051451977
    6      4.862757187749      1.479139468631      2.542214948784
    6      3.649667164103     -5.021642240911      2.601033391057
    6      4.909328731717     -2.890087077809      2.795581249345
    6      6.202150053104     -0.804318269763      2.388728295917
    1    1
