   3   1   1 E -6.0868036294920E+02 DE 8.5E-10( 13)
  0.370158621205E+01 -0.641133538787E+01  0.000000000000E+00
  0.370158621205E+01  0.641133538787E+01  0.000000000000E+00
  0.000000000000E+00  0.000000000000E+00  0.868503800000E+01
    1
  0.100000000000E+01  0.000000000000E+00  0.000000000000E+00
  0.000000000000E+00  0.100000000000E+01  0.000000000000E+00
  0.000000000000E+00  0.000000000000E+00  0.100000000000E+01
  0.000000000000E+00  0.000000000000E+00  0.000000000000E+00
   16
    6      1.204789610439      0.710563981991      2.618627093255
    6      2.354570064593      2.802326171939      3.206094397568
    6      3.829313874581      4.952811893750      2.331518578920
    6      2.605278651675     -1.356756791131      2.478929377075
    6      3.655746509733      0.817365600648      2.810639930955
    6      4.921601319314      2.987457197848      2.480232301977
    6      3.659800680118     -3.602508419734      2.669148486255
    6      5.003563498579     -1.570406509062      2.380272730437
    6      6.130937474627      0.682492452171      2.487925592094
    6      1.333772377449     -0.701236572360      2.437787450969
    6      2.409504160902      1.441875909292      2.875419547917
    6      2.490155892569     -2.779578998486      2.584700587007
    6      4.864480478894      1.474134033696      2.545275174071
    6      3.651326364433     -5.019707279477      2.600789011003
    6      4.909167235078     -2.886542642797      2.792012932711
    6      6.201371199808     -0.801772422896      2.388809207785
    1    1
