   3   1   1 E -6.0867956282957E+02 DE-4.9E-10( 14)
  0.370158621205E+01 -0.641133538787E+01  0.000000000000E+00
  0.370158621205E+01  0.641133538787E+01  0.000000000000E+00
  0.000000000000E+00  0.000000000000E+00  0.868503800000E+01
    1
  0.100000000000E+01  0.000000000000E+00  0.000000000000E+00
  0.000000000000E+00  0.100000000000E+01  0.000000000000E+00
  0.000000000000E+00  0.000000000000E+00  0.100000000000E+01
  0.000000000000E+00  0.000000000000E+00  0.000000000000E+00
   16
    6      1.244071246188      0.691871019013      2.649115836814
    6      2.342460360684      2.841916842289      3.166973112320
    6      3.763982912453      4.945640936888      2.428020461342
    6      2.577130741473     -1.432700360048      2.344355873812
    6      3.728114107455      0.866335379922      2.908304085309
    6      4.963711881392      2.930342812463      2.336280811245
    6      3.683905756557     -3.614049389346      2.624285897608
    6      4.875518662137     -1.466658992348      2.553665868712
    6      6.163828227937      0.687606251947      2.484662062053
    6      1.325694087922     -0.739017301850      2.491488852859
    6      2.441996855799      1.459543322326      2.897663748492
    6      2.495750133497     -2.835014916216      2.464287429689
    6      4.902357652389      1.474979031181      2.512671537913
    6      3.694262616956     -5.032715547029      2.578649262531
    6      4.879983294862     -2.850972515365      2.810360565559
    6      6.142610855088     -0.776588968435      2.437396993743
    1    1
