   3   1   1 E -6.0866776672452E+02 DE-1.2E-10( 16)
  0.370158621205E+01 -0.641133538787E+01  0.000000000000E+00
  0.370158621205E+01  0.641133538787E+01  0.000000000000E+00
  0.000000000000E+00  0.000000000000E+00  0.868503800000E+01
    1
  0.100000000000E+01  0.000000000000E+00  0.000000000000E+00
  0.000000000000E+00  0.100000000000E+01  0.000000000000E+00
  0.000000000000E+00  0.000000000000E+00  0.100000000000E+01
  0.000000000000E+00  0.000000000000E+00  0.000000000000E+00
   16
    6      1.222213222894      0.717952506570      2.622489447951
    6      2.407606276819      2.823119804890      2.693222191094
    6      3.698553672080      5.045146387542      2.636700493310
    6      2.467360516740     -1.426853789902      2.595634875453
    6      3.701245376768      0.721369744505      2.579713199396
    6      4.998652096309      2.817155334445      2.485689823718
    6      3.702105003767     -3.577446203977      2.600249810100
    6      4.932447000510     -1.424285781909      2.638160195690
    6      6.181996369443      0.717803346357      2.596668401301
    6      1.251495633425     -0.720974328870      2.629342923607
    6      2.480627134511      1.415733310747      2.637763647982
    6      2.475428672735     -2.833152042969      2.569599592243
    6      4.925545699367      1.414205276633      2.565290031495
    6      3.702349032576     -4.988641504867      2.607279852042
    6      4.928210480505     -2.831111432002      2.623472421231
    6      6.149543204342     -0.719503021801      2.606905493387
    1    1
