   3   1   1 E -6.0867381244603E+02 DE 1.0E-10( 18)
  0.370158621205E+01 -0.641133538787E+01  0.000000000000E+00
  0.370158621205E+01  0.641133538787E+01  0.000000000000E+00
  0.000000000000E+00  0.000000000000E+00  0.868503800000E+01
    1
  0.100000000000E+01  0.000000000000E+00  0.000000000000E+00
  0.000000000000E+00  0.100000000000E+01  0.000000000000E+00
  0.000000000000E+00  0.000000000000E+00  0.100000000000E+01
  0.000000000000E+00  0.000000000000E+00  0.000000000000E+00
   16
    6      1.229458526828      0.691589790046      2.676750573697
    6      2.368886572058      2.850216926410      3.068211544349
    6      3.723613661204      4.872385302020      2.561791467169
    6      2.467673210925     -1.441153727187      2.361891101408
    6      3.733609020888      0.898061009102      2.818397230716
    6      5.021906186722      2.901552787020      2.195430671131
    6      3.696336925160     -3.594798836583      2.658281585012
    6      4.924119698234     -1.443431318237      2.578647977615
    6      6.180742672833      0.694967661085      2.522954886398
    6      1.262552288420     -0.750401285606      2.571763725209
    6      2.449132027124      1.469110661240      2.814725278315
    6      2.502740488312     -2.853831515382      2.473087723252
    6      4.941959676300      1.468380207385      2.471434196973
    6      3.700995532499     -5.016191708455      2.616895478417
    6      4.878450143473     -2.838421006686      2.807178559559
    6      6.143202761810     -0.757517340779      2.490740400779
    1    1
