   3   1   1 E -6.0866502719013E+02 DE 1.7E-11( 21)
  0.370158621205E+01 -0.641133538787E+01  0.000000000000E+00
  0.370158621205E+01  0.641133538787E+01  0.000000000000E+00
  0.000000000000E+00  0.000000000000E+00  0.868503800000E+01
    1
  0.100000000000E+01  0.000000000000E+00  0.000000000000E+00
  0.000000000000E+00  0.100000000000E+01  0.000000000000E+00
  0.000000000000E+00  0.000000000000E+00  0.100000000000E+01
  0.000000000000E+00  0.000000000000E+00  0.000000000000E+00
   16
    6      1.224067471717      0.717674934151      2.605511620704
    6      2.432333717803      2.829706623648      2.605512214053
    6      3.701553076644      5.025737979226      2.605511389262
    6      2.463755730372     -1.426729951242      2.605511304317
    6      3.701593160404      0.717533422219      2.605509700967
    6      4.970841963263      2.829666547274      2.605511243429
    6      3.701595358403     -3.573034370337      2.605511225978
    6      4.939369019265     -1.426695229807      2.605511887330
    6      6.179167789216      0.717699293426      2.605511705976
    6      1.243388302705     -0.714236253712      2.605511633775
    6      2.473368489255      1.417485468128      2.605511414982
    6      2.471554850817     -2.840369476362      2.605511145079
    6      4.929826341962      1.417452305944      2.605510989628
    6      3.701617326465     -4.986823728205      2.605511690873
    6      4.931610267698     -2.840339646354      2.605511642270
    6      6.159736526801     -0.714210312604      2.605511591377
    1    1
