   3   1   1 E -6.0867223731965E+02 DE-1.5E-06( 25)
  0.370158621205E+01 -0.641133538787E+01  0.000000000000E+00
  0.370158621205E+01  0.641133538787E+01  0.000000000000E+00
  0.000000000000E+00  0.000000000000E+00  0.868503800000E+01
    1
  0.100000000000E+01  0.000000000000E+00  0.000000000000E+00
  0.000000000000E+00  0.100000000000E+01  0.000000000000E+00
  0.000000000000E+00  0.000000000000E+00  0.100000000000E+01
  0.000000000000E+00  0.000000000000E+00  0.000000000000E+00
   16
    6      1.225678024313      0.704868992674      2.671151591514
    6      2.417046356748      2.865599090316      2.936513960075
    6      3.686088333764      4.949540447901      2.646020576932
    6      2.443414873181     -1.454543327803      2.531130649008
    6      3.707005384843      0.830130554771      2.574870653363
    6      5.012847631101      2.850212023633      2.226235490201
    6      3.706840178228     -3.596019589143      2.610343034688
    6      4.927762717623     -1.432628777398      2.689954221593
    6      6.188651577018      0.709607265104      2.551547041345
    6      1.256191822617     -0.745848157759      2.659637342372
    6      2.471559532600      1.443455509322      2.740886843984
    6      2.509464290948     -2.846860610506      2.479110421678
    6      4.950547270329      1.428520101133      2.457155206975
    6      3.705383071111     -5.000938647037      2.608962065949
    6      4.894121280248     -2.824363219490      2.720754539887
    6      6.122777048118     -0.730214050324      2.583908760438
    1    1
