   3   1   1 E -6.0867992539174E+02 DE 3.3E-10( 13)
  0.370158621205E+01 -0.641133538787E+01  0.000000000000E+00
  0.370158621205E+01  0.641133538787E+01  0.000000000000E+00
  0.000000000000E+00  0.000000000000E+00  0.868503800000E+01
    1
  0.100000000000E+01  0.000000000000E+00  0.000000000000E+00
  0.000000000000E+00  0.100000000000E+01  0.000000000000E+00
  0.000000000000E+00  0.000000000000E+00  0.100000000000E+01
  0.000000000000E+00  0.000000000000E+00  0.000000000000E+00
   16
    6      1.225873334923      0.693269628583      2.639523388852
    6      2.331558762222      2.824367064524      3.222090902029
    6      3.807768321065      4.934535965656      2.391473364252
    6      2.621005499017     -1.399371215176      2.408952417035
    6      3.688441954037      0.874575060930      2.843730030173
    6      4.947579324536      2.977239456106      2.381050968742
    6      3.672027566871     -3.618194714399      2.632486200141
    6      4.919428197829     -1.519085242029      2.492486294755
    6      6.141293335530      0.680321783868      2.479494676628
    6      1.343664887095     -0.726817943026      2.474087367993
    6      2.416652056023      1.458083231419      2.903048007113
    6      2.500369662115     -2.810169811178      2.502983424459
    6      4.881613126366      1.496172242188      2.505031526981
    6      3.670737732918     -5.038475590536      2.583080947377
    6      4.889356282822     -2.878867406639      2.805183162902
    6      6.168009349421     -0.797064904897      2.423479720569
    1    1
