   3   1   1 E -6.0867945532453E+02 DE-2.2E-10( 13)
  0.370158621205E+01 -0.641133538787E+01  0.000000000000E+00
  0.370158621205E+01  0.641133538787E+01  0.000000000000E+00
  0.000000000000E+00  0.000000000000E+00  0.868503800000E+01
    1
  0.100000000000E+01  0.000000000000E+00  0.000000000000E+00
  0.000000000000E+00  0.100000000000E+01  0.000000000000E+00
  0.000000000000E+00  0.000000000000E+00  0.100000000000E+01
  0.000000000000E+00  0.000000000000E+00  0.000000000000E+00
   16
    6      1.243979806922      0.692429995314      2.653170262061
    6      2.344031585279      2.843774369669      3.151121776030
    6      3.759186251760      4.944984808652      2.446984521807
    6      2.570312317583     -1.433870981427      2.347593855793
    6      3.730174781196      0.864940701301      2.907266423711
    6      4.966721978641      2.924990921332      2.321540431203
    6      3.684917109340     -3.612791087886      2.622081396306
    6      4.876047751217     -1.463464193006      2.554585516883
    6      6.165827164226      0.688463189032      2.486530235521
    6      1.322723695152     -0.739737261160      2.502735841360
    6      2.444255598799      1.458957469808      2.891491617258
    6      2.495754628015     -2.836069253865      2.461799036337
    6      4.904479427031      1.472127611451      2.511440103563
    6      3.696173926551     -5.031378032081      2.582259220439
    6      4.879625679312     -2.848507259064      2.804451754438
    6      6.141167691766     -0.774333392676      2.443130407289
    1    1
