   3   1   1 E -6.0866746588491E+02 DE-7.2E-12( 15)
  0.370158621205E+01 -0.641133538787E+01  0.000000000000E+00
  0.370158621205E+01  0.641133538787E+01  0.000000000000E+00
  0.000000000000E+00  0.000000000000E+00  0.868503800000E+01
    1
  0.100000000000E+01  0.000000000000E+00  0.000000000000E+00
  0.000000000000E+00  0.100000000000E+01  0.000000000000E+00
  0.000000000000E+00  0.000000000000E+00  0.100000000000E+01
  0.000000000000E+00  0.000000000000E+00  0.000000000000E+00
   16
    6      1.222124955776      0.718323244719      2.619742832692
    6      2.407217873343      2.820876666990      2.681135975982
    6      3.699320690621      5.048497364820      2.632694741674
    6      2.470343356732     -1.424806529665      2.597527677857
    6      3.701107139594      0.715342369726      2.584091062811
    6      4.997885803768      2.816063779064      2.502936579668
    6      3.701956821075     -3.576321502575      2.601376237550
    6      4.930866411347     -1.422933861899      2.630294621375
    6      6.181499131563      0.718083015037      2.598655954158
    6      1.251543932695     -0.720028982306      2.625220865182
    6      2.481457572986      1.414208752870      2.632578113884
    6      2.473370871042     -2.832099786355      2.573648699100
    6      4.923859995929      1.413892959921      2.569555656290
    6      3.702168065141     -4.988074345577      2.608290416174
    6      4.930139921567     -2.831283895657      2.622737360243
    6      6.150516849611     -0.719221643718      2.607695605360
    1    1
