   3   1   1 E -6.0867986527369E+02 DE-1.4E-11( 16)
  0.370158621205E+01 -0.641133538787E+01  0.000000000000E+00
  0.370158621205E+01  0.641133538787E+01  0.000000000000E+00
  0.000000000000E+00  0.000000000000E+00  0.868503800000E+01
    1
  0.100000000000E+01  0.000000000000E+00  0.000000000000E+00
  0.000000000000E+00  0.100000000000E+01  0.000000000000E+00
  0.000000000000E+00  0.000000000000E+00  0.100000000000E+01
  0.000000000000E+00  0.000000000000E+00  0.000000000000E+00
   16
    6      1.232878110011      0.689695158053      2.638990567600
    6      2.332350012607      2.826568071538      3.213311938687
    6      3.799084422528      4.935855867928      2.395508682390
    6      2.617300053543     -1.413361233855      2.381701727745
    6      3.700517448275      0.878357998040      2.861879508154
    6      4.947423759040      2.971636985431      2.371570602703
    6      3.674794540621     -3.619870389889      2.631940286722
    6      4.898897011098     -1.503110607687      2.520269070189
    6      6.147565978531      0.681179303866      2.478437194954
    6      1.339778691270     -0.731154167170      2.470091488015
    6      2.423802666584      1.459068276083      2.902555328416
    6      2.499046734858     -2.817145522284      2.489148634473
    6      4.888724175930      1.496370626426      2.509705603524
    6      3.678487895963     -5.038705271979      2.581336354264
    6      4.886697155992     -2.872490517064      2.813786628672
    6      6.158030735938     -0.792376972044      2.427948783492
    1    1
