   3   1   1 E -6.0867768836384E+02 DE 1.2E-09( 14)
  0.370158621205E+01 -0.641133538787E+01  0.000000000000E+00
  0.370158621205E+01  0.641133538787E+01  0.000000000000E+00
  0.000000000000E+00  0.000000000000E+00  0.868503800000E+01
    1
  0.100000000000E+01  0.000000000000E+00  0.000000000000E+00
  0.000000000000E+00  0.100000000000E+01  0.000000000000E+00
  0.000000000000E+00  0.000000000000E+00  0.100000000000E+01
  0.000000000000E+00  0.000000000000E+00  0.000000000000E+00
   16
    6      1.233452603763      0.694379790426      2.662676524347
    6      2.366136352479      2.854454458627      3.062236745144
    6      3.731455131753      4.914535266988      2.537060263832
    6      2.516143823393     -1.438902060626      2.391773366896
    6      3.726821769404      0.863555103712      2.819301507329
    6      4.993026635293      2.896741049457      2.261797014776
    6      3.691526753110     -3.603140353202      2.623379566485
    6      4.896384388594     -1.445287530649      2.617152653150
    6      6.180049430547      0.694744540885      2.507650568199
    6      1.293554477172     -0.747067024277      2.560249001912
    6      2.453927986285      1.457078682177      2.832510200052
    6      2.500893315770     -2.838797393998      2.466998113542
    6      4.924598080774      1.456146119243      2.477675971346
    6      3.700039182851     -5.018767044888      2.598235836188
    6      4.881656155702     -2.829499729590      2.792532719685
    6      6.135713305901     -0.759656268892      2.476952347117
    1    1
