   3   1   1 E -6.0866656434661E+02 DE 4.0E-10( 12)
  0.370158621205E+01 -0.641133538787E+01  0.000000000000E+00
  0.370158621205E+01  0.641133538787E+01  0.000000000000E+00
  0.000000000000E+00  0.000000000000E+00  0.868503800000E+01
    1
  0.100000000000E+01  0.000000000000E+00  0.000000000000E+00
  0.000000000000E+00  0.100000000000E+01  0.000000000000E+00
  0.000000000000E+00  0.000000000000E+00  0.100000000000E+01
  0.000000000000E+00  0.000000000000E+00  0.000000000000E+00
   16
    6      1.221045872842      0.719423773724      2.605545674440
    6      2.406014465610      2.814864487831      2.605713823106
    6      3.701539133489      5.055788119090      2.605545677626
    6      2.466526431001     -1.425630554629      2.605483583386
    6      3.701616677101      0.715426096702      2.605396264119
    6      4.997182580995      2.814795870264      2.605294129570
    6      3.701600812227     -3.577035147621      2.605516713213
    6      4.936557055847     -1.425544164357      2.605588564114
    6      6.182179913737      0.719437651496      2.605499760430
    6      1.251311265359     -0.717009058841      2.605540427781
    6      2.479607419880      1.412363146104      2.605554305152
    6      2.473341147297     -2.832391389565      2.605422852744
    6      4.923616358006      1.412341709790      2.605399214500
    6      3.701615268916     -4.987010526452      2.605536102028
    6      4.929816684502     -2.832330681099      2.605602474166
    6      6.151808305980     -0.716971727044      2.605542833624
    1    1
