   3   1   1 E -6.0867980768730E+02 DE 4.8E-10( 12)
  0.370158621205E+01 -0.641133538787E+01  0.000000000000E+00
  0.370158621205E+01  0.641133538787E+01  0.000000000000E+00
  0.000000000000E+00  0.000000000000E+00  0.868503800000E+01
    1
  0.100000000000E+01  0.000000000000E+00  0.000000000000E+00
  0.000000000000E+00  0.100000000000E+01  0.000000000000E+00
  0.000000000000E+00  0.000000000000E+00  0.100000000000E+01
  0.000000000000E+00  0.000000000000E+00  0.000000000000E+00
   16
    6      1.238864953637      0.689686357583      2.639260065798
    6      2.336180837167      2.831551698998      3.201442032126
    6      3.786468323210      4.943332130990      2.391904343976
    6      2.604948397616     -1.424735784018      2.362623566945
    6      3.712361373745      0.873171919890      2.881503674998
    6      4.950465204664      2.957710301571      2.370432354894
    6      3.679304108812     -3.618476232745      2.635619989029
    6      4.885153677784     -1.487174922716      2.538807482010
    6      6.153855825999      0.683958007488      2.476253752556
    6      1.335201464927     -0.733162836827      2.469525204028
    6      2.430889255308      1.458095112812      2.904402234809
    6      2.497005042674     -2.825454588126      2.486606836328
    6      4.894131625716      1.489736852095      2.508581444513
    6      3.684829656664     -5.037204251712      2.578159527077
    6      4.884803970228     -2.864539805922      2.817377589470
    6      6.150915674638     -0.785976353967      2.425682301444
    1    1
