   3   1   1 E -6.0868042711366E+02 DE 6.0E-11( 14)
  0.370158621205E+01 -0.641133538787E+01  0.000000000000E+00
  0.370158621205E+01  0.641133538787E+01  0.000000000000E+00
  0.000000000000E+00  0.000000000000E+00  0.868503800000E+01
    1
  0.100000000000E+01  0.000000000000E+00  0.000000000000E+00
  0.000000000000E+00  0.100000000000E+01  0.000000000000E+00
  0.000000000000E+00  0.000000000000E+00  0.100000000000E+01
  0.000000000000E+00  0.000000000000E+00  0.000000000000E+00
   16
    6      1.203346947613      0.713830999832      2.618368608787
    6      2.358348896733      2.803101205551      3.191213753253
    6      3.827548166964      4.958161901666      2.321216562504
    6      2.604143830631     -1.350927991773      2.492735728575
    6      3.653910923202      0.806557036778      2.813568399864
    6      4.922158304904      2.980272363462      2.489434707539
    6      3.659729838119     -3.599366990451      2.669155862526
    6      5.003516866437     -1.569001406792      2.372284522070
    6      6.130667301709      0.681478697320      2.491814966270
    6      1.332718028317     -0.699678310456      2.442321897559
    6      2.411400570773      1.441220737283      2.872465906643
    6      2.488712494499     -2.779890697790      2.597238616260
    6      4.864125345781      1.467167499925      2.548246934632
    6      3.650828379316     -5.017834424039      2.601876256562
    6      4.911574971129     -2.885722934583      2.780296829546
    6      6.202648526661     -0.798850080541      2.385942847410
    1    1
