   3   1   1 E -6.0866756940822E+02 DE 3.4E-09( 13)
  0.370158621205E+01 -0.641133538787E+01  0.000000000000E+00
  0.370158621205E+01  0.641133538787E+01  0.000000000000E+00
  0.000000000000E+00  0.000000000000E+00  0.868503800000E+01
    1
  0.100000000000E+01  0.000000000000E+00  0.000000000000E+00
  0.000000000000E+00  0.100000000000E+01  0.000000000000E+00
  0.000000000000E+00  0.000000000000E+00  0.100000000000E+01
  0.000000000000E+00  0.000000000000E+00  0.000000000000E+00
   16
    6      1.222094186536      0.718257558251      2.620661539994
    6      2.407469166452      2.821479032368      2.685069999999
    6      3.699126545469      5.047404947302      2.633997017469
    6      2.468936178319     -1.425574466613      2.596891290317
    6      3.701187829950      0.717685613980      2.582655575292
    6      4.998089877506      2.816482324847      2.497320827731
    6      3.701973819990     -3.576824370818      2.601067475975
    6      4.931764808183     -1.423572328808      2.632804567673
    6      6.181754937851      0.718078584325      2.598004488809
    6      1.251636733221     -0.720273235092      2.626563054824
    6      2.481016952954      1.414666798011      2.634256730380
    6      2.474384610010     -2.832514807359      2.572454497574
    6      4.924567990611      1.413754816103      2.568322266550
    6      3.702184013219     -4.988187513707      2.607878474183
    6      4.929173788789     -2.831142052811      2.622845837662
    6      6.150017953732     -0.719203294586      2.607388755567
    1    1
