   3   1   1 E -6.0867973517378E+02 DE-6.3E-10( 13)
  0.370158621205E+01 -0.641133538787E+01  0.000000000000E+00
  0.370158621205E+01  0.641133538787E+01  0.000000000000E+00
  0.000000000000E+00  0.000000000000E+00  0.868503800000E+01
    1
  0.100000000000E+01  0.000000000000E+00  0.000000000000E+00
  0.000000000000E+00  0.100000000000E+01  0.000000000000E+00
  0.000000000000E+00  0.000000000000E+00  0.100000000000E+01
  0.000000000000E+00  0.000000000000E+00  0.000000000000E+00
   16
    6      1.242014761920      0.690821378465      2.641724481710
    6      2.336334667434      2.832172889943      3.191462056799
    6      3.783239196798      4.951430090015      2.395310911835
    6      2.601752365712     -1.428021702226      2.351767361246
    6      3.717391396905      0.867402613266      2.899535466062
    6      4.951657792742      2.950974446015      2.362237541356
    6      3.680739061896     -3.617587484422      2.629637071377
    6      4.878220400860     -1.480201675227      2.540418020956
    6      6.155921302072      0.685301658475      2.481874191905
    6      1.336167589986     -0.733027042913      2.466645931764
    6      2.433905624016      1.457018953160      2.909682364074
    6      2.494799102974     -2.828727478717      2.476656811891
    6      4.893496873009      1.485504901328      2.519360586773
    6      3.687350417535     -5.037225674116      2.580842583481
    6      4.883677433703     -2.861734780383      2.812079727483
    6      6.148711405228     -0.783583487270      2.428947291287
    1    1
