   3   1   1 E -6.0866707737475E+02 DE-1.8E-10( 16)
  0.370158621205E+01 -0.641133538787E+01  0.000000000000E+00
  0.370158621205E+01  0.641133538787E+01  0.000000000000E+00
  0.000000000000E+00  0.000000000000E+00  0.868503800000E+01
    1
  0.100000000000E+01  0.000000000000E+00  0.000000000000E+00
  0.000000000000E+00  0.100000000000E+01  0.000000000000E+00
  0.000000000000E+00  0.000000000000E+00  0.100000000000E+01
  0.000000000000E+00  0.000000000000E+00  0.000000000000E+00
   16
    6      1.221072340972      0.719412827831      2.614822725546
    6      2.407090336948      2.816577915121      2.659437147444
    6      3.700858442505      5.053969142184      2.625419958197
    6      2.468150437790     -1.424516055437      2.599253576188
    6      3.701250076604      0.713506776724      2.590246170300
    6      4.996773002287      2.815229936169      2.531989563804
    6      3.701681679041     -3.576602633183      2.604366274307
    6      4.934538507932     -1.424345382843      2.620149173378
    6      6.182079010672      0.719297339402      2.601836592205
    6      1.252030005742     -0.717766741204      2.618699303511
    6      2.480269889945      1.412148998354      2.622959901987
    6      2.473790601913     -2.832061624735      2.584716091136
    6      4.923719309619      1.411841437484      2.581335923010
    6      3.701745985535     -4.987111648091      2.608379022037
    6      4.929650115504     -2.831477714278      2.617337739018
    6      6.150679649781     -0.717584968104      2.607233237933
    1    1
