   3   1   1 E -6.0867989119577E+02 DE 4.0E-10( 13)
  0.370158621205E+01 -0.641133538787E+01  0.000000000000E+00
  0.370158621205E+01  0.641133538787E+01  0.000000000000E+00
  0.000000000000E+00  0.000000000000E+00  0.868503800000E+01
    1
  0.100000000000E+01  0.000000000000E+00  0.000000000000E+00
  0.000000000000E+00  0.100000000000E+01  0.000000000000E+00
  0.000000000000E+00  0.000000000000E+00  0.100000000000E+01
  0.000000000000E+00  0.000000000000E+00  0.000000000000E+00
   16
    6      1.230131785118      0.691060310276      2.639608748079
    6      2.331221518714      2.826667451297      3.218617817949
    6      3.802182336926      4.934088062313      2.395853083599
    6      2.619147963436     -1.407041241878      2.393103023333
    6      3.696565539031      0.877935290353      2.855344369144
    6      4.948419417371      2.973389202643      2.371788909032
    6      3.673864902651     -3.619397916930      2.635010189702
    6      4.905881099712     -1.509034530324      2.509137243562
    6      6.145121689252      0.680474040998      2.474987401985
    6      1.342061601342     -0.729964519485      2.472040694231
    6      2.420811567384      1.459280855416      2.903263910215
    6      2.500261861165     -2.814571263282      2.494197364828
    6      4.885792410761      1.496040433275      2.505618368561
    6      3.675569267281     -5.039087273829      2.582408307307
    6      4.886836214363     -2.874813482253      2.813546079570
    6      6.161510218282     -0.794507813197      2.423656888900
    1    1
