   3   1   1 E -6.0868042517302E+02 DE 5.2E-09( 11)
  0.370158621205E+01 -0.641133538787E+01  0.000000000000E+00
  0.370158621205E+01  0.641133538787E+01  0.000000000000E+00
  0.000000000000E+00  0.000000000000E+00  0.868503800000E+01
    1
  0.100000000000E+01  0.000000000000E+00  0.000000000000E+00
  0.000000000000E+00  0.100000000000E+01  0.000000000000E+00
  0.000000000000E+00  0.000000000000E+00  0.100000000000E+01
  0.000000000000E+00  0.000000000000E+00  0.000000000000E+00
   16
    6      1.203338533759      0.713995341563      2.619573531254
    6      2.359439677498      2.803834372338      3.189603184260
    6      3.826404050257      4.959775628588      2.320264175230
    6      2.604107563958     -1.350582078362      2.493570536936
    6      3.653432865124      0.805357550577      2.813809571155
    6      4.922744246952      2.978287034087      2.489629048235
    6      3.659914012883     -3.599206637324      2.669637165178
    6      5.003093140805     -1.568957113460      2.370284266011
    6      6.130662200382      0.681304279600      2.492172235849
    6      1.332192114223     -0.699477158789      2.442335667458
    6      2.411781988230      1.441281258009      2.872874132720
    6      2.488568779397     -2.779950057670      2.597491996715
    6      4.864302759017      1.466251223137      2.548630406121
    6      3.650940287711     -5.017675110355      2.602794575293
    6      4.912215902415     -2.885320201231      2.779989440754
    6      6.202241270177     -0.798400725315      2.385522466831
    1    1
