   3   1   1 E -6.0867997420756E+02 DE-4.6E-10( 13)
  0.370158621205E+01 -0.641133538787E+01  0.000000000000E+00
  0.370158621205E+01  0.641133538787E+01  0.000000000000E+00
  0.000000000000E+00  0.000000000000E+00  0.868503800000E+01
    1
  0.100000000000E+01  0.000000000000E+00  0.000000000000E+00
  0.000000000000E+00  0.100000000000E+01  0.000000000000E+00
  0.000000000000E+00  0.000000000000E+00  0.100000000000E+01
  0.000000000000E+00  0.000000000000E+00  0.000000000000E+00
   16
    6      1.224825352375      0.694088683522      2.637428495508
    6      2.333974765780      2.823386980733      3.221014253197
    6      3.808123979536      4.935762732517      2.388569358449
    6      2.619137706420     -1.397268129218      2.411783628133
    6      3.686436088377      0.870805111526      2.840384624213
    6      4.945635804113      2.977637313974      2.386290421568
    6      3.671579000756     -3.617284866030      2.638139499895
    6      4.924766326567     -1.522094090092      2.485736369477
    6      6.140798968694      0.680786208000      2.479066306950
    6      1.342179366177     -0.725696459067      2.469195963896
    6      2.416683459348      1.456922201330      2.899849853545
    6      2.499812170993     -2.808204560069      2.506984249668
    6      4.881024988191      1.494715916087      2.508826426621
    6      3.669823479663     -5.036763260862      2.585812853357
    6      4.890966499646     -2.879026181932      2.808234513063
    6      6.169611436153     -0.797249995026      2.420865582458
    1    1
