   3   1   1 E -6.0867838969241E+02 DE-2.6E-09( 13)
  0.370158621205E+01 -0.641133538787E+01  0.000000000000E+00
  0.370158621205E+01  0.641133538787E+01  0.000000000000E+00
  0.000000000000E+00  0.000000000000E+00  0.868503800000E+01
    1
  0.100000000000E+01  0.000000000000E+00  0.000000000000E+00
  0.000000000000E+00  0.100000000000E+01  0.000000000000E+00
  0.000000000000E+00  0.000000000000E+00  0.100000000000E+01
  0.000000000000E+00  0.000000000000E+00  0.000000000000E+00
   16
    6      1.235842563610      0.694436976218      2.662691101083
    6      2.358972341082      2.851817583521      3.087404490236
    6      3.737292810859      4.928648790608      2.512617688511
    6      2.534344197026     -1.434959014869      2.379667598442
    6      3.730847461523      0.856876718659      2.844760508819
    6      4.983386390203      2.900052984353      2.273397404495
    6      3.687931950720     -3.607127878697      2.618869980283
    6      4.889019438800     -1.446987174090      2.580800906505
    6      6.178073453274      0.693179533546      2.501919391986
    6      1.302893453559     -0.743738550439      2.557454253428
    6      2.452727009984      1.455718586426      2.849351624302
    6      2.498209744338     -2.837582425834      2.460860560085
    6      4.917945000912      1.457091046260      2.492328302549
    6      3.699080279322     -5.021653186851      2.591986445463
    6      4.881758201432     -2.832795921795      2.796551182260
    6      6.137055096144     -0.762460461622      2.477520961552
    1    1
