   3   1   1 E -6.0868042824866E+02 DE-3.0E-09(  9)
  0.370158621205E+01 -0.641133538787E+01  0.000000000000E+00
  0.370158621205E+01  0.641133538787E+01  0.000000000000E+00
  0.000000000000E+00  0.000000000000E+00  0.868503800000E+01
    1
  0.100000000000E+01  0.000000000000E+00  0.000000000000E+00
  0.000000000000E+00  0.100000000000E+01  0.000000000000E+00
  0.000000000000E+00  0.000000000000E+00  0.100000000000E+01
  0.000000000000E+00  0.000000000000E+00  0.000000000000E+00
   16
    6      1.203445116549      0.713648502120      2.619577170799
    6      2.358308301259      2.803883184982      3.191502016606
    6      3.827120509094      4.958311578475      2.321925951927
    6      2.605071271068     -1.351036984070      2.493439873949
    6      3.653594519019      0.807314797338      2.813314704089
    6      4.922780892183      2.979817694144      2.487806955739
    6      3.659854615369     -3.599742468450      2.668769738324
    6      5.002360423048     -1.568864719984      2.371404814997
    6      6.130540669688      0.681164306459      2.491662461208
    6      1.332906365871     -0.699984501505      2.442802821944
    6      2.411395979479      1.441646949200      2.873707997675
    6      2.489039544973     -2.780098282300      2.596086941583
    6      4.864351808847      1.467358563175      2.547613759986
    6      3.650921802630     -5.018213200720      2.602118074488
    6      4.911649802097     -2.885759247851      2.780203399816
    6      6.202037771613     -0.798928565619      2.386245716870
    1    1
