   3   1   1 E -6.0866781104836E+02 DE 5.0E-10( 12)
  0.370158621205E+01 -0.641133538787E+01  0.000000000000E+00
  0.370158621205E+01  0.641133538787E+01  0.000000000000E+00
  0.000000000000E+00  0.000000000000E+00  0.868503800000E+01
    1
  0.100000000000E+01  0.000000000000E+00  0.000000000000E+00
  0.000000000000E+00  0.100000000000E+01  0.000000000000E+00
  0.000000000000E+00  0.000000000000E+00  0.100000000000E+01
  0.000000000000E+00  0.000000000000E+00  0.000000000000E+00
   16
    6      1.222286380030      0.717811478723      2.622937599543
    6      2.407432265310      2.823784005807      2.694891396191
    6      3.698305542567      5.044536672114      2.637244423306
    6      2.467763541008     -1.427017056428      2.595407161590
    6      3.701204629540      0.721706626367      2.579054723927
    6      4.998862383044      2.817232699705      2.483224086308
    6      3.702195136337     -3.577421517918      2.599979282645
    6      4.931869991214     -1.424094657013      2.639524076242
    6      6.181949805175      0.717593980544      2.596393507662
    6      1.251431905136     -0.721215252698      2.629947649743
    6      2.480854801766      1.415928111453      2.638557992912
    6      2.475222802948     -2.833141405655      2.568617780930
    6      4.925538193775      1.414610005548      2.564223316152
    6      3.702469885707     -4.988881501604      2.607276873774
    6      4.928433437248     -2.831194038413      2.623946391696
    6      6.149558691986     -0.719720545138      2.606956137377
    1    1
