   3   1   1 E -6.0866740517462E+02 DE-3.4E-11( 20)
  0.370158621205E+01 -0.641133538787E+01  0.000000000000E+00
  0.370158621205E+01  0.641133538787E+01  0.000000000000E+00
  0.000000000000E+00  0.000000000000E+00  0.868503800000E+01
    1
  0.100000000000E+01  0.000000000000E+00  0.000000000000E+00
  0.000000000000E+00  0.100000000000E+01  0.000000000000E+00
  0.000000000000E+00  0.000000000000E+00  0.100000000000E+01
  0.000000000000E+00  0.000000000000E+00  0.000000000000E+00
   16
    6      1.222248859652      0.718231620015      2.619372889783
    6      2.406907973885      2.820828194096      2.679230976910
    6      3.699297699654      5.048953254751      2.632060499712
    6      2.471353409067     -1.424437541549      2.597824870076
    6      3.701047131877      0.714068822926      2.584738381516
    6      4.997898198767      2.815865583591      2.505565140252
    6      3.702027910826     -3.575942512529      2.601494799738
    6      4.930115690411     -1.422499208931      2.629252434747
    6      6.181280766665      0.717916074070      2.598966291525
    6      1.251252237064     -0.720043710206      2.624603996017
    6      2.481728765444      1.414217980943      2.631825537921
    6      2.472575875775     -2.831913200369      2.574071389769
    6      4.923450647666      1.414283383744      2.569962287846
    6      3.702237765313     -4.988141922219      2.608487691060
    6      4.930928246215     -2.831481340809      2.622833701688
    6      6.151028214509     -0.719387872131      2.607891511438
    1    1
