   3   1   1 E -6.0866796530972E+02 DE-1.9E-11( 17)
  0.370158621205E+01 -0.641133538787E+01  0.000000000000E+00
  0.370158621205E+01  0.641133538787E+01  0.000000000000E+00
  0.000000000000E+00  0.000000000000E+00  0.868503800000E+01
    1
  0.100000000000E+01  0.000000000000E+00  0.000000000000E+00
  0.000000000000E+00  0.100000000000E+01  0.000000000000E+00
  0.000000000000E+00  0.000000000000E+00  0.100000000000E+01
  0.000000000000E+00  0.000000000000E+00  0.000000000000E+00
   16
    6      1.222322762348      0.717562444024      2.624530449625
    6      2.407611173907      2.825107040639      2.700629053656
    6      3.697857333057      5.042637203154      2.639111602850
    6      2.467093514897     -1.427903683159      2.594537091570
    6      3.701348669080      0.724481313217      2.576790368622
    6      4.999275177812      2.817808945049      2.474802172331
    6      3.702314003019     -3.578125454816      2.599277064236
    6      4.931684532497     -1.424357459438      2.643893996952
    6      6.182278056053      0.717407255319      2.595394560971
    6      1.251841282443     -0.721761111303      2.631974494228
    6      2.480691260727      1.416474131463      2.641147638523
    6      2.476307542013     -2.833440417729      2.565987925534
    6      4.926241857347      1.414635072886      2.561462517367
    6      3.702606060152     -4.989256589709      2.606960972969
    6      4.927340642575     -2.830834009301      2.624836012189
    6      6.148565524862     -0.719917074904      2.606846478376
    1    1
