   3   1   1 E -6.0868018927891E+02 DE-5.1E-10( 14)
  0.370158621205E+01 -0.641133538787E+01  0.000000000000E+00
  0.370158621205E+01  0.641133538787E+01  0.000000000000E+00
  0.000000000000E+00  0.000000000000E+00  0.868503800000E+01
    1
  0.100000000000E+01  0.000000000000E+00  0.000000000000E+00
  0.000000000000E+00  0.100000000000E+01  0.000000000000E+00
  0.000000000000E+00  0.000000000000E+00  0.100000000000E+01
  0.000000000000E+00  0.000000000000E+00  0.000000000000E+00
   16
    6      1.216603171855      0.700427295596      2.629286438842
    6      2.342636456138      2.813953368252      3.219694964633
    6      3.818132293413      4.943480403073      2.363702390741
    6      2.614386734815     -1.381649340707      2.436683661747
    6      3.672353076712      0.849970120200      2.825977785552
    6      4.934163365334      2.984238974195      2.427207009812
    6      3.666402633058     -3.612113681241      2.654104248527
    6      4.959259870955     -1.544419036459      2.439043465941
    6      6.136064925260      0.681934373328      2.481585631731
    6      1.338751887805     -0.715180593778      2.451938872344
    6      2.413127460525      1.450347120947      2.889173110290
    6      2.495861454661     -2.795509544753      2.537811280672
    6      4.873728331165      1.487808546818      2.525656013504
    6      3.661736075776     -5.029653015747      2.593376917762
    6      4.899104963253     -2.883183399202      2.806665034344
    6      6.183066692064     -0.799933985128      2.406275573558
    1    1
