   3   1   1 E -6.0867688700422E+02 DE 1.7E-10( 18)
  0.370158621205E+01 -0.641133538787E+01  0.000000000000E+00
  0.370158621205E+01  0.641133538787E+01  0.000000000000E+00
  0.000000000000E+00  0.000000000000E+00  0.868503800000E+01
    1
  0.100000000000E+01  0.000000000000E+00  0.000000000000E+00
  0.000000000000E+00  0.100000000000E+01  0.000000000000E+00
  0.000000000000E+00  0.000000000000E+00  0.100000000000E+01
  0.000000000000E+00  0.000000000000E+00  0.000000000000E+00
   16
    6      1.230786631497      0.694741926882      2.672802370627
    6      2.372189864074      2.854601958969      3.079796714108
    6      3.724473424679      4.900790231726      2.537312090523
    6      2.494138699426     -1.441541489843      2.411214321586
    6      3.728369712765      0.869998432741      2.791861582990
    6      5.003588211423      2.893791649570      2.231169039247
    6      3.695255588738     -3.598175299581      2.643176607717
    6      4.906704230047     -1.441897882160      2.601627838284
    6      6.181545646808      0.696614573237      2.510406294708
    6      1.281030436040     -0.748131203864      2.571876566856
    6      2.455638485911      1.457890930753      2.831137302255
    6      2.500737185616     -2.842971759138      2.454908085108
    6      4.931375562040      1.456303565665      2.473640683356
    6      3.701759674490     -5.016107373563      2.609740954648
    6      4.882297459484     -2.829368053041      2.778933139955
    6      6.135488579753     -0.756022602960      2.488578808031
    1    1
