   3   1   1 E -6.0868005009252E+02 DE 4.0E-10( 13)
  0.370158621205E+01 -0.641133538787E+01  0.000000000000E+00
  0.370158621205E+01  0.641133538787E+01  0.000000000000E+00
  0.000000000000E+00  0.000000000000E+00  0.868503800000E+01
    1
  0.100000000000E+01  0.000000000000E+00  0.000000000000E+00
  0.000000000000E+00  0.100000000000E+01  0.000000000000E+00
  0.000000000000E+00  0.000000000000E+00  0.100000000000E+01
  0.000000000000E+00  0.000000000000E+00  0.000000000000E+00
   16
    6      1.222368370743      0.695985867465      2.634812969849
    6      2.336918655487      2.820270923050      3.222695601565
    6      3.811694763735      4.938863056287      2.381098924684
    6      2.618017828037     -1.392602935373      2.418484567085
    6      3.681883871399      0.864033127937      2.836509309063
    6      4.941112024437      2.980241064355      2.400834390696
    6      3.669812958397     -3.615707375106      2.643480840288
    6      4.935789281418     -1.529728413082      2.468854990897
    6      6.139130405353      0.681221628238      2.479064987024
    6      1.341140881755     -0.722107857201      2.463204622123
    6      2.415691222636      1.454521892941      2.896613214305
    6      2.498149785555     -2.803859954741      2.515998532223
    6      4.878508084523      1.492840557773      2.514907695149
    6      3.667202811531     -5.034543270774      2.587867553889
    6      4.893916221769     -2.880574377147      2.808727991594
    6      6.174042226015     -0.798336329228      2.415026209567
    1    1
