   3   1   1 E -6.0866738198612E+02 DE 1.9E-09( 16)
  0.370158621205E+01 -0.641133538787E+01  0.000000000000E+00
  0.370158621205E+01  0.641133538787E+01  0.000000000000E+00
  0.000000000000E+00  0.000000000000E+00  0.868503800000E+01
    1
  0.100000000000E+01  0.000000000000E+00  0.000000000000E+00
  0.000000000000E+00  0.100000000000E+01  0.000000000000E+00
  0.000000000000E+00  0.000000000000E+00  0.100000000000E+01
  0.000000000000E+00  0.000000000000E+00  0.000000000000E+00
   16
    6      1.220888867116      0.719379252399      2.617204390816
    6      2.408091436463      2.819122202537      2.678280625926
    6      3.700119508700      5.050319076362      2.631954049706
    6      2.464445854214     -1.426673624954      2.597169782423
    6      3.701013160822      0.718858674077      2.585360609551
    6      4.996557967727      2.816306177038      2.507641144691
    6      3.701818846352     -3.577009641412      2.602739721718
    6      4.937609290240     -1.426202012133      2.627150247355
    6      6.182388480805      0.719166788749      2.600034225650
    6      1.251395629428     -0.718375202269      2.624336490070
    6      2.479786174214      1.413337026829      2.630296741209
    6      2.474518607604     -2.832963197815      2.580351981541
    6      4.924869239954      1.412547793632      2.576312843337
    6      3.701889562488     -4.987456787227      2.607095913053
    6      4.929177718940     -2.831934588899      2.617266339449
    6      6.150809047722     -0.717904331521      2.604987293506
    1    1
