   3   1   1 E -6.0867512557210E+02 DE-4.8E-10( 14)
  0.370158621205E+01 -0.641133538787E+01  0.000000000000E+00
  0.370158621205E+01  0.641133538787E+01  0.000000000000E+00
  0.000000000000E+00  0.000000000000E+00  0.868503800000E+01
    1
  0.100000000000E+01  0.000000000000E+00  0.000000000000E+00
  0.000000000000E+00  0.100000000000E+01  0.000000000000E+00
  0.000000000000E+00  0.000000000000E+00  0.100000000000E+01
  0.000000000000E+00  0.000000000000E+00  0.000000000000E+00
   16
    6      1.229822860277      0.692370045078      2.674266124203
    6      2.357316310490      2.847065152171      3.055690432589
    6      3.730955556601      4.880768625408      2.552031766659
    6      2.484399976679     -1.436979521898      2.386262743065
    6      3.739002592969      0.890958921593      2.789040764536
    6      5.017962915041      2.901972311072      2.237356195917
    6      3.693970030772     -3.596020995186      2.653354765943
    6      4.914867456499     -1.443177031154      2.592100965434
    6      6.180551861279      0.693094856702      2.514565957005
    6      1.272175657808     -0.746303403855      2.564975678294
    6      2.448951763812      1.466762791559      2.813931500981
    6      2.498246761804     -2.850699253746      2.481014547252
    6      4.934206144724      1.467106939944      2.480372951531
    6      3.701527987988     -5.019475009778      2.610767709616
    6      4.878141127145     -2.836470350601      2.791119779776
    6      6.143280388903     -0.760456471913      2.491330517199
    1    1
