   3   1   1 E -6.0868042879634E+02 DE 3.2E-09( 10)
  0.370158621205E+01 -0.641133538787E+01  0.000000000000E+00
  0.370158621205E+01  0.641133538787E+01  0.000000000000E+00
  0.000000000000E+00  0.000000000000E+00  0.868503800000E+01
    1
  0.100000000000E+01  0.000000000000E+00  0.000000000000E+00
  0.000000000000E+00  0.100000000000E+01  0.000000000000E+00
  0.000000000000E+00  0.000000000000E+00  0.100000000000E+01
  0.000000000000E+00  0.000000000000E+00  0.000000000000E+00
   16
    6      1.203348757247      0.713877630577      2.619530993729
    6      2.358872628319      2.803801974052      3.190327755673
    6      3.826798271472      4.959098507597      2.320874912951
    6      2.604498829422     -1.350664254190      2.493712498754
    6      3.653436255986      0.806155472643      2.813487910077
    6      4.922771402189      2.979029393618      2.488896535985
    6      3.659864506293     -3.599414463316      2.669283593756
    6      5.002924226581     -1.568958799296      2.370692507486
    6      6.130588619685      0.681233538394      2.492015513440
    6      1.332520561430     -0.699675321514      2.442554278042
    6      2.411565915458      1.441402633584      2.873129991753
    6      2.488786224877     -2.779970772015      2.597060242212
    6      4.864295723719      1.466706284261      2.548229166728
    6      3.650893712580     -5.017883278276      2.602546053325
    6      4.911991995924     -2.885549484122      2.780044965553
    6      6.202221761606     -0.798671456603      2.385795480537
    1    1
