   3   1   1 E -6.0867987812516E+02 DE-5.2E-10( 11)
  0.370158621205E+01 -0.641133538787E+01  0.000000000000E+00
  0.370158621205E+01  0.641133538787E+01  0.000000000000E+00
  0.000000000000E+00  0.000000000000E+00  0.868503800000E+01
    1
  0.100000000000E+01  0.000000000000E+00  0.000000000000E+00
  0.000000000000E+00  0.100000000000E+01  0.000000000000E+00
  0.000000000000E+00  0.000000000000E+00  0.100000000000E+01
  0.000000000000E+00  0.000000000000E+00  0.000000000000E+00
   16
    6      1.232031871401      0.690071582847      2.640257551604
    6      2.331635902559      2.826974720866      3.214331557014
    6      3.799784049133      4.934713797652      2.395843745585
    6      2.617855041211     -1.411192964506      2.384163676636
    6      3.699578953919      0.878595892734      2.859367230233
    6      4.948228171876      2.972066353238      2.371637478391
    6      3.674654217896     -3.619654047922      2.632734721078
    6      4.900768348654     -1.504881008637      2.515520531486
    6      6.146801981881      0.680854508363      2.479001916589
    6      1.340594577151     -0.731027315675      2.472103022225
    6      2.422731696794      1.459289731706      2.902582749249
    6      2.499786758905     -2.816375734201      2.490257822325
    6      4.887900304070      1.496231499157      2.507127158072
    6      3.677669320224     -5.038888429569      2.583569657950
    6      4.886375020274     -2.873119464156      2.812829407648
    6      6.158983176842     -0.793141516502      2.426854173915
    1    1
