   3   1   1 E -6.0866938235605E+02 DE-1.5E-10( 17)
  0.370158621205E+01 -0.641133538787E+01  0.000000000000E+00
  0.370158621205E+01  0.641133538787E+01  0.000000000000E+00
  0.000000000000E+00  0.000000000000E+00  0.868503800000E+01
    1
  0.100000000000E+01  0.000000000000E+00  0.000000000000E+00
  0.000000000000E+00  0.100000000000E+01  0.000000000000E+00
  0.000000000000E+00  0.000000000000E+00  0.100000000000E+01
  0.000000000000E+00  0.000000000000E+00  0.000000000000E+00
   16
    6      1.223562027314      0.714756661972      2.639649709305
    6      2.410360675513      2.837566056030      2.753481324390
    6      3.693588659934      5.023329149923      2.655694302818
    6      2.462431665792     -1.435321539872      2.586769930463
    6      3.702850821031      0.749775556002      2.555995968409
    6      5.002831012976      2.823581442653      2.397008884282
    6      3.703318876795     -3.584657142111      2.592589714061
    6      4.928000363369     -1.425983017601      2.684262623168
    6      6.184923565907      0.715546347435      2.585968073093
    6      1.256028151285     -0.727718432841      2.650808209151
    6      2.479243363934      1.422401860985      2.665335707440
    6      2.486808819698     -2.836405644001      2.540259388327
    6      4.932747274021      1.414841335518      2.534247757818
    6      3.703693966584     -4.992448264797      2.604553028560
    6      4.916607812670     -2.826693126215      2.634640224367
    6      6.138382335967     -0.722053637686      2.606917554348
    1    1
