   3   1   1 E -6.0866670589709E+02 DE-1.3E-07( 20)
  0.370158621205E+01 -0.641133538787E+01  0.000000000000E+00
  0.370158621205E+01  0.641133538787E+01  0.000000000000E+00
  0.000000000000E+00  0.000000000000E+00  0.868503800000E+01
    1
  0.100000000000E+01  0.000000000000E+00  0.000000000000E+00
  0.000000000000E+00  0.100000000000E+01  0.000000000000E+00
  0.000000000000E+00  0.000000000000E+00  0.100000000000E+01
  0.000000000000E+00  0.000000000000E+00  0.000000000000E+00
   16
    6      1.222402194476      0.718640560299      2.613533805812
    6      2.404957068510      2.813361681317      2.644529613569
    6      3.701538936996      5.059040864248      2.620027532207
    6      2.475986036019     -1.420325442571      2.601107500703
    6      3.701648588698      0.704274646983      2.594212813394
    6      4.998216792718      2.813307218754      2.551095785984
    6      3.701607465034     -3.575341144103      2.605545423591
    6      4.927039377196     -1.420164327054      2.614962397239
    6      6.180812378536      0.718639803005      2.602806644530
    6      1.250725514451     -0.718572375279      2.613590941537
    6      2.481019808924      1.413133930645      2.616504729213
    6      2.471320526684     -2.831715094603      2.587039790761
    6      4.922232720600      1.413157744420      2.584374637765
    6      3.701613215920     -4.986748224470      2.610208537690
    6      4.931830762962     -2.831635098490      2.618525193700
    6      6.152428005064     -0.718537137709      2.610117052305
    1    1
