   3   1   1 E -6.0866683796427E+02 DE 2.6E-09( 16)
  0.370158621205E+01 -0.641133538787E+01  0.000000000000E+00
  0.370158621205E+01  0.641133538787E+01  0.000000000000E+00
  0.000000000000E+00  0.000000000000E+00  0.868503800000E+01
    1
  0.100000000000E+01  0.000000000000E+00  0.000000000000E+00
  0.000000000000E+00  0.100000000000E+01  0.000000000000E+00
  0.000000000000E+00  0.000000000000E+00  0.100000000000E+01
  0.000000000000E+00  0.000000000000E+00  0.000000000000E+00
   16
    6      1.221568001900      0.719157171949      2.613576010722
    6      2.405920672564      2.814464199581      2.645947292844
    6      3.701386427277      5.057161919601      2.620606869012
    6      2.472835357294     -1.421953031992      2.600804894420
    6      3.701464218725      0.707668413788      2.593716845112
    6      4.997394248443      2.814172248883      2.549143291782
    6      3.701591898295     -3.576047531538      2.605534138424
    6      4.930192813827     -1.421838149765      2.615645557470
    6      6.181569020192      0.719135094112      2.602792519292
    6      1.252760596277     -0.717607895853      2.614232219661
    6      2.480994808781      1.411187530711      2.617348568951
    6      2.473216863965     -2.830980069400      2.587085824789
    6      4.922531692510      1.411214142984      2.584298861465
    6      3.701646440516     -4.986927952002      2.609689096675
    6      4.930001963255     -2.830722827916      2.618158455096
    6      6.150304368969     -0.717565657750      2.609601954284
    1    1
