   3   1   1 E -6.0867985550520E+02 DE 9.5E-10( 13)
  0.370158621205E+01 -0.641133538787E+01  0.000000000000E+00
  0.370158621205E+01  0.641133538787E+01  0.000000000000E+00
  0.000000000000E+00  0.000000000000E+00  0.868503800000E+01
    1
  0.100000000000E+01  0.000000000000E+00  0.000000000000E+00
  0.000000000000E+00  0.100000000000E+01  0.000000000000E+00
  0.000000000000E+00  0.000000000000E+00  0.100000000000E+01
  0.000000000000E+00  0.000000000000E+00  0.000000000000E+00
   16
    6      1.233745056175      0.689651879930      2.638582110567
    6      2.332693558867      2.826428757964      3.212317635054
    6      3.798337537118      4.937659914475      2.394983320245
    6      2.617049064178     -1.414704848876      2.376678518743
    6      3.701715678909      0.877410001937      2.861789014028
    6      4.946797160975      2.970681376942      2.370519361622
    6      3.675140583782     -3.620048889074      2.635405508883
    6      4.896769847569     -1.501542605815      2.523152915460
    6      6.148162573881      0.681493431965      2.481068235075
    6      1.339650163701     -0.731050119477      2.468415337058
    6      2.424794233100      1.458697082046      2.902927061710
    6      2.498477969920     -2.817813284738      2.489473666093
    6      4.889077039718      1.495932921604      2.510034575678
    6      3.679226197840     -5.038638095975      2.580796685751
    6      4.886733508267     -2.871869946275      2.814513650490
    6      6.157009218792     -0.791769971241      2.427524803543
    1    1
