   3   1   1 E -6.0867870842326E+02 DE 4.5E-10( 14)
  0.370158621205E+01 -0.641133538787E+01  0.000000000000E+00
  0.370158621205E+01  0.641133538787E+01  0.000000000000E+00
  0.000000000000E+00  0.000000000000E+00  0.868503800000E+01
    1
  0.100000000000E+01  0.000000000000E+00  0.000000000000E+00
  0.000000000000E+00  0.100000000000E+01  0.000000000000E+00
  0.000000000000E+00  0.000000000000E+00  0.100000000000E+01
  0.000000000000E+00  0.000000000000E+00  0.000000000000E+00
   16
    6      1.239273168919      0.692926444854      2.654323135240
    6      2.352554612746      2.848892201804      3.092103319578
    6      3.742848790801      4.935664884115      2.502783426213
    6      2.546346123520     -1.432681352622      2.358068514834
    6      3.733555443173      0.860088864963      2.889729251165
    6      4.978764991079      2.907168958148      2.297748980072
    6      3.685907355831     -3.610299165821      2.629754770608
    6      4.884673764191     -1.451430129021      2.587400197716
    6      6.174793314462      0.690406253923      2.485968121141
    6      1.308127354970     -0.742958199070      2.538879166860
    6      2.448883025376      1.459326786880      2.859214977485
    6      2.497445351114     -2.838607886172      2.453264322467
    6      4.914490322002      1.462150720163      2.497269878692
    6      3.698272552949     -5.024879094327      2.579532516521
    6      4.880046862856     -2.838044967712      2.781526015299
    6      6.139396358802     -0.767206714713      2.480615806110
    1    1
