   3   1   1 E -6.0867912978565E+02 DE 9.4E-11( 13)
  0.370158621205E+01 -0.641133538787E+01  0.000000000000E+00
  0.370158621205E+01  0.641133538787E+01  0.000000000000E+00
  0.000000000000E+00  0.000000000000E+00  0.868503800000E+01
    1
  0.100000000000E+01  0.000000000000E+00  0.000000000000E+00
  0.000000000000E+00  0.100000000000E+01  0.000000000000E+00
  0.000000000000E+00  0.000000000000E+00  0.100000000000E+01
  0.000000000000E+00  0.000000000000E+00  0.000000000000E+00
   16
    6      1.241583399921      0.692912041433      2.659511350187
    6      2.349512361100      2.847253095414      3.119893238798
    6      3.747598780581      4.938636148597      2.473476029827
    6      2.553653568229     -1.433717286584      2.358075058573
    6      3.733489768257      0.863071294889      2.906526319871
    6      4.975385479932      2.913889830433      2.304501691247
    6      3.685374012354     -3.610556515062      2.624151941220
    6      4.881724780516     -1.457000009347      2.564134039774
    6      6.171216098363      0.689519408017      2.487643137149
    6      1.312638641439     -0.742639590334      2.523363788943
    6      2.447604612074      1.460951154735      2.887892530676
    6      2.496249149218     -2.838370892956      2.449783974409
    6      4.911041531048      1.466655414211      2.507291920027
    6      3.698006264797     -5.027149762750      2.581627087896
    6      4.879852863342     -2.842682821972      2.792090309295
    6      6.140448081619     -0.770253903331      2.448219982107
    1    1
