   3   1   1 E -6.0866778528985E+02 DE-1.4E-10( 16)
  0.370158621205E+01 -0.641133538787E+01  0.000000000000E+00
  0.370158621205E+01  0.641133538787E+01  0.000000000000E+00
  0.000000000000E+00  0.000000000000E+00  0.868503800000E+01
    1
  0.100000000000E+01  0.000000000000E+00  0.000000000000E+00
  0.000000000000E+00  0.100000000000E+01  0.000000000000E+00
  0.000000000000E+00  0.000000000000E+00  0.100000000000E+01
  0.000000000000E+00  0.000000000000E+00  0.000000000000E+00
   16
    6      1.222290726697      0.717848303033      2.622672744441
    6      2.407412791159      2.823561011710      2.693924207498
    6      3.698381692763      5.044841320098      2.636928538777
    6      2.467887529666     -1.426860320835      2.595553214986
    6      3.701183916087      0.721240478817      2.579429312173
    6      4.998791659588      2.817138158520      2.484634456141
    6      3.702171646154     -3.577304245996      2.600094298812
    6      4.931882195978     -1.424042911883      2.638808311777
    6      6.181889849188      0.717625084478      2.596558445643
    6      1.251366575156     -0.721133717337      2.629609046665
    6      2.480883509960      1.415845682115      2.638127601612
    6      2.475047230040     -2.833094648050      2.569048909818
    6      4.925421029681      1.414605111425      2.564676948397
    6      3.702442499077     -4.988812271849      2.607330686458
    6      4.928608439079     -2.831248384877      2.623805036999
    6      6.149718102516     -0.719691043975      2.606980639805
    1    1
