   3   1   1 E -6.0866858016946E+02 DE 2.6E-07( 18)
  0.370158621205E+01 -0.641133538787E+01  0.000000000000E+00
  0.370158621205E+01  0.641133538787E+01  0.000000000000E+00
  0.000000000000E+00  0.000000000000E+00  0.868503800000E+01
    1
  0.100000000000E+01  0.000000000000E+00  0.000000000000E+00
  0.000000000000E+00  0.100000000000E+01  0.000000000000E+00
  0.000000000000E+00  0.000000000000E+00  0.100000000000E+01
  0.000000000000E+00  0.000000000000E+00  0.000000000000E+00
   16
    6      1.222332513317      0.716618062846      2.630878591890
    6      2.408127272585      2.830458743322      2.723662280971
    6      3.696021053925      5.035214075473      2.646554128948
    6      2.464164556007     -1.431640488143      2.590987734404
    6      3.701850209976      0.735714815790      2.567774134223
    6      5.000987457546      2.820088929449      2.441019334273
    6      3.702867485528     -3.580924127291      2.596534434162
    6      4.931317431179     -1.425578105490      2.661320546378
    6      6.183647903250      0.716642944640      2.591416177839
    6      1.253361737401     -0.723796057030      2.640075277392
    6      2.479994796112      1.418585878629      2.651393335103
    6      2.480503748207     -2.834632783264      2.555585432655
    6      4.929068257853      1.414840079924      2.550491842607
    6      3.703242957770     -4.990894011572      2.605688192339
    6      4.923142829340     -2.829533090255      2.628375142093
    6      6.144749182795     -0.720647261636      2.606425814722
    1    1
