   3   1   1 E -6.0866657371478E+02 DE-1.9E-10( 13)
  0.370158621205E+01 -0.641133538787E+01  0.000000000000E+00
  0.370158621205E+01  0.641133538787E+01  0.000000000000E+00
  0.000000000000E+00  0.000000000000E+00  0.868503800000E+01
    1
  0.100000000000E+01  0.000000000000E+00  0.000000000000E+00
  0.000000000000E+00  0.100000000000E+01  0.000000000000E+00
  0.000000000000E+00  0.000000000000E+00  0.100000000000E+01
  0.000000000000E+00  0.000000000000E+00  0.000000000000E+00
   16
    6      1.221325798499      0.719259174430      2.606178379167
    6      2.405791541760      2.814561802173      2.609460747203
    6      3.701540565489      5.056431063969      2.606897433987
    6      2.468439972959     -1.424555828423      2.604885368217
    6      3.701623363356      0.713182366371      2.603832501682
    6      4.997399174564      2.814498332953      2.600115807671
    6      3.701601445725     -3.576687077377      2.605681053996
    6      4.934634301178     -1.424456153947      2.607171930997
    6      6.181896953655      0.719270473880      2.605152785963
    6      1.251212728965     -0.717322927558      2.606121558330
    6      2.479898135790      1.412500539443      2.606395700543
    6      2.472952434352     -2.832235632761      2.603495712739
    6      4.923329663736      1.412489548719      2.602983427693
    6      3.701614167308     -4.986958256409      2.605935233209
    6      4.930203329836     -2.832173500199      2.607494405833
    6      6.151915815618     -0.717286319871      2.606380352769
    1    1
