   3   1   1 E -6.0866692057995E+02 DE-1.0E-09( 26)
  0.370158621205E+01 -0.641133538787E+01  0.000000000000E+00
  0.370158621205E+01  0.641133538787E+01  0.000000000000E+00
  0.000000000000E+00  0.000000000000E+00  0.868503800000E+01
    1
  0.100000000000E+01  0.000000000000E+00  0.000000000000E+00
  0.000000000000E+00  0.100000000000E+01  0.000000000000E+00
  0.000000000000E+00  0.000000000000E+00  0.100000000000E+01
  0.000000000000E+00  0.000000000000E+00  0.000000000000E+00
   16
    6      1.221284425951      0.719336685695      2.613929366839
    6      2.406353469155      2.815061400716      2.650565601748
    6      3.701255459689      5.056232049307      2.622226276724
    6      2.471322638923     -1.422744302460      2.600240627299
    6      3.701389778514      0.709433133157      2.592597551551
    6      4.997105004684      2.814509607293      2.543237708442
    6      3.701611850169     -3.576305078157      2.605278456361
    6      4.931624854390     -1.422654042592      2.617057563753
    6      6.181827328130      0.719281996384      2.602638248999
    6      1.252701177269     -0.717552149119      2.615668079888
    6      2.480787458925      1.411292218186      2.619070191782
    6      2.473495307929     -2.831259382412      2.586996357649
    6      4.922891920367      1.411229700733      2.583991594737
    6      3.701666733802     -4.986957750309      2.609128189139
    6      4.929795676282     -2.830905937381      2.617150053235
    6      6.150266308612     -0.717480543647      2.608406531855
    1    1
