   3   1   1 E -6.0867065171693E+02 DE 6.2E-09( 16)
  0.370158621205E+01 -0.641133538787E+01  0.000000000000E+00
  0.370158621205E+01  0.641133538787E+01  0.000000000000E+00
  0.000000000000E+00  0.000000000000E+00  0.868503800000E+01
    1
  0.100000000000E+01  0.000000000000E+00  0.000000000000E+00
  0.000000000000E+00  0.100000000000E+01  0.000000000000E+00
  0.000000000000E+00  0.000000000000E+00  0.100000000000E+01
  0.000000000000E+00  0.000000000000E+00  0.000000000000E+00
   16
    6      1.224200313088      0.712273805575      2.651177308653
    6      2.414102546505      2.851976334809      2.825972801189
    6      3.688634908224      5.000270369317      2.671788031858
    6      2.448497659343     -1.446359174473      2.575193733278
    6      3.702860043883      0.782549082739      2.535457979702
    6      5.005928938247      2.830269997044      2.305798390644
    6      3.705030598178     -3.589991221051      2.590485239164
    6      4.934221507026     -1.431734582090      2.718337387489
    6      6.187258815055      0.713559011520      2.577076271616
    6      1.255700290278     -0.733710711372      2.667456695577
    6      2.476618213026      1.430400302031      2.690976686109
    6      2.495959818227     -2.841185125285      2.519228060798
    6      4.940399410466      1.417609670756      2.506814591304
    6      3.704811185169     -4.995377107912      2.597870510026
    6      4.908482634993     -2.825815680888      2.648922672183
    6      6.132672511081     -0.724217365327      2.605626040413
    1    1
