   3   1   1 E -6.0868042289463E+02 DE-1.6E-09( 13)
  0.370158621205E+01 -0.641133538787E+01  0.000000000000E+00
  0.370158621205E+01  0.641133538787E+01  0.000000000000E+00
  0.000000000000E+00  0.000000000000E+00  0.868503800000E+01
    1
  0.100000000000E+01  0.000000000000E+00  0.000000000000E+00
  0.000000000000E+00  0.100000000000E+01  0.000000000000E+00
  0.000000000000E+00  0.000000000000E+00  0.100000000000E+01
  0.000000000000E+00  0.000000000000E+00  0.000000000000E+00
   16
    6      1.203798776968      0.713874650399      2.619108574506
    6      2.358211275172      2.803695981593      3.189920395958
    6      3.826955365114      4.957106686370      2.324072327873
    6      2.603530780809     -1.352299013698      2.491825811316
    6      3.654950581389      0.807650820420      2.813648335269
    6      4.922106130689      2.980319783087      2.486482738514
    6      3.659893013418     -3.599760242572      2.668803655345
    6      5.002595324893     -1.568124815662      2.374061180001
    6      6.131265335875      0.681611451420      2.491524193057
    6      1.332978120602     -0.699945546829      2.443384127364
    6      2.411800960333      1.441608568522      2.873183043877
    6      2.489018195606     -2.780465215688      2.596025540092
    6      4.864552185473      1.467034623147      2.546608722108
    6      3.651296493747     -5.018047877235      2.601546691023
    6      4.910575221762     -2.885052326719      2.780789727525
    6      6.201851630941     -0.798689921159      2.387197336172
    1    1
