   3   1   1 E -5.7060276730058E+02 DE-1.8E-10( 13)
  0.370158621205E+01 -0.641133538787E+01  0.000000000000E+00
  0.370158621205E+01  0.641133538787E+01  0.000000000000E+00
  0.000000000000E+00  0.000000000000E+00  0.868503800000E+01
    1
  0.100000000000E+01  0.000000000000E+00  0.000000000000E+00
  0.000000000000E+00  0.100000000000E+01  0.000000000000E+00
  0.000000000000E+00  0.000000000000E+00  0.100000000000E+01
  0.000000000000E+00  0.000000000000E+00  0.000000000000E+00
   15
    6      3.555845949400      5.073365379068      2.277230574432
    6      2.299965854616     -0.786126919056      2.401048916294
    6      3.913585831426      0.601647492106      3.482981847607
    6      4.390770832847      2.681739454799      2.448528840541
    6      4.207530431111     -3.887111648257      2.186157023684
    6      4.810369171617     -1.408224930346      2.384068425591
    6      6.095625072508      0.763616904066      2.399614570660
    6      1.043456550068     -0.586087156613      2.240295751660
    6      3.474167112919      0.864310284061      4.721412486997
    6      3.628742588976      3.677579222368      2.291762340760
    6      3.606976795783     -0.657217989515      2.714230120648
    6      4.877285455335      1.463169205640      2.753570139511
    6      3.652534986531     -5.066495945872      2.190780868433
    6      4.876678940436     -2.786331461313      2.221964365956
    6      6.025705889901     -0.660202489790      2.369024727225
    1    1
