   3   1   1 E -5.7066745333255E+02 DE 7.7E-10( 12)
  0.370158621205E+01 -0.641133538787E+01  0.000000000000E+00
  0.370158621205E+01  0.641133538787E+01  0.000000000000E+00
  0.000000000000E+00  0.000000000000E+00  0.868503800000E+01
    1
  0.100000000000E+01  0.000000000000E+00  0.000000000000E+00
  0.000000000000E+00  0.100000000000E+01  0.000000000000E+00
  0.000000000000E+00  0.000000000000E+00  0.100000000000E+01
  0.000000000000E+00  0.000000000000E+00  0.000000000000E+00
   15
    6      3.622545061105      5.148181168264      2.374893534564
    6      2.217554637812     -0.431045337081      2.269407947161
    6      3.960215476371      0.696935137581      3.469114366612
    6      4.666692626479      2.782326831935      2.609332556873
    6      4.204545100442     -4.012452973690      2.162173437706
    6      4.701974855157     -1.442895135508      2.372310788610
    6      6.102610374619      0.686150755523      2.406953953977
    6      0.880722063199     -0.167109111108      2.198404887752
    6      3.284083287899      0.143292605742      4.478946907002
    6      4.072432823994      3.863977822104      2.502492938345
    6      3.487863571753     -0.573998906805      2.639744615441
    6      4.990698829352      1.467846374637      2.803912185974
    6      3.783261177328     -5.321962716823      2.165353033272
    6      4.504476473390     -2.797581612365      2.221132817113
    6      5.979565104573     -0.754035501059      2.408497029598
    1    1
