   3   1   1 E -5.7064373377485E+02 DE-7.4E-11( 13)
  0.370158621205E+01 -0.641133538787E+01  0.000000000000E+00
  0.370158621205E+01  0.641133538787E+01  0.000000000000E+00
  0.000000000000E+00  0.000000000000E+00  0.868503800000E+01
    1
  0.100000000000E+01  0.000000000000E+00  0.000000000000E+00
  0.000000000000E+00  0.100000000000E+01  0.000000000000E+00
  0.000000000000E+00  0.000000000000E+00  0.100000000000E+01
  0.000000000000E+00  0.000000000000E+00  0.000000000000E+00
   15
    6      3.556706218585      5.088157182244      2.304890638138
    6      2.227557590806     -0.612862860325      2.268796603544
    6      3.923466262360      0.642528248976      3.428449447805
    6      4.503068379432      2.699467154863      2.493286257529
    6      4.242415694641     -4.044578257764      2.221247031750
    6      4.703085028106     -1.402686869246      2.284960442692
    6      6.108518116838      0.672945385245      2.512092162015
    6      0.900515218523     -0.311451882497      2.222648070946
    6      3.667889664632      0.857685819204      4.676501820955
    6      3.866397273916      3.764677440429      2.336137798067
    6      3.497488833230     -0.587261487416      2.681927528478
    6      4.929130596682      1.435065409096      2.811856295312
    6      3.816272813602     -5.357674848173      2.208145045584
    6      4.551559090563     -2.813584578202      2.214394102224
    6      5.965170681556     -0.742796455086      2.417337754960
    1    1
