   3   1   1 E -5.7066378069515E+02 DE-8.2E-11( 14)
  0.370158621205E+01 -0.641133538787E+01  0.000000000000E+00
  0.370158621205E+01  0.641133538787E+01  0.000000000000E+00
  0.000000000000E+00  0.000000000000E+00  0.868503800000E+01
    1
  0.100000000000E+01  0.000000000000E+00  0.000000000000E+00
  0.000000000000E+00  0.100000000000E+01  0.000000000000E+00
  0.000000000000E+00  0.000000000000E+00  0.100000000000E+01
  0.000000000000E+00  0.000000000000E+00  0.000000000000E+00
   15
    6      3.610773457540      5.094511216969      2.379980243365
    6      2.218644088165     -0.481264917039      2.245068165152
    6      3.920876373734      0.620098295959      3.445351619936
    6      4.667773355290      2.734587607931      2.629485874806
    6      4.207660753816     -4.051881963644      2.148739237382
    6      4.686088360236     -1.468662654515      2.330545867905
    6      6.098628727587      0.643401980518      2.391059598992
    6      0.878313433701     -0.217067592987      2.206488493854
    6      3.417341763451      0.787767309995      4.673423424465
    6      4.059987515303      3.806550818449      2.513423409753
    6      3.491182480545     -0.590585480815      2.592107028399
    6      4.972054039739      1.409099316377      2.781618538144
    6      3.783347494365     -5.367216000020      2.149066428217
    6      4.472134571341     -2.829869780292      2.207877135514
    6      5.974435048659     -0.801838755539      2.388435934117
    1    1
