   3   1   1 E -5.7059535339181E+02 DE-6.4E-10( 12)
  0.370158621205E+01 -0.641133538787E+01  0.000000000000E+00
  0.370158621205E+01  0.641133538787E+01  0.000000000000E+00
  0.000000000000E+00  0.000000000000E+00  0.868503800000E+01
    1
  0.100000000000E+01  0.000000000000E+00  0.000000000000E+00
  0.000000000000E+00  0.100000000000E+01  0.000000000000E+00
  0.000000000000E+00  0.000000000000E+00  0.100000000000E+01
  0.000000000000E+00  0.000000000000E+00  0.000000000000E+00
   15
    6      3.577992412472      5.059616987143      2.334131729667
    6      2.332089157608     -0.916858901582      2.437906114506
    6      3.845933861816      0.639507039065      3.378642640163
    6      4.438199637232      2.700392851909      2.404366607391
    6      4.316229234193     -3.923070422892      2.266620250621
    6      4.858985645537     -1.428752765410      2.452307692172
    6      6.131601111175      0.773013872103      2.447574129660
    6      1.088200636787     -0.649463293948      2.304770459995
    6      3.020546223771      1.119775118854      4.311417603588
    6      3.579744060047      3.661565397981      2.305056267059
    6      3.638729205804     -0.700025538297      2.731602979228
    6      4.897338333170      1.468366177554      2.742596913672
    6      3.691639729163     -5.055550532224      2.275520417416
    6      4.980453189831     -2.806760148493      2.271132402091
    6      6.061559024865     -0.654126440414      2.419024792772
    1    1
