   3   1   1 E -5.7066047184632E+02 DE 4.5E-10( 16)
  0.370158621205E+01 -0.641133538787E+01  0.000000000000E+00
  0.370158621205E+01  0.641133538787E+01  0.000000000000E+00
  0.000000000000E+00  0.000000000000E+00  0.868503800000E+01
    1
  0.100000000000E+01  0.000000000000E+00  0.000000000000E+00
  0.000000000000E+00  0.100000000000E+01  0.000000000000E+00
  0.000000000000E+00  0.000000000000E+00  0.100000000000E+01
  0.000000000000E+00  0.000000000000E+00  0.000000000000E+00
   15
    6      3.583218461935      5.063066874778      2.358451297633
    6      2.181161314053     -0.490864477745      2.238953247200
    6      3.870406852177      0.549732975607      3.468397401274
    6      4.635235111974      2.706332263664      2.684384594859
    6      4.221355619359     -4.080524868030      2.128457998227
    6      4.657168793807     -1.469671981223      2.301200395030
    6      6.094287689751      0.632198164403      2.398428397907
    6      0.849717782784     -0.238018099533      2.197400872011
    6      3.789093907296      1.074175894184      4.687098496452
    6      3.996478947407      3.768168059472      2.525701541782
    6      3.465301592902     -0.586871362376      2.592444455486
    6      4.963338007182      1.387096222411      2.828263159711
    6      3.768978883142     -5.374349172078      2.139774725297
    6      4.436647055180     -2.839504539206      2.176784334535
    6      5.946851444524     -0.813336552980      2.356930082597
    1    1
