   3   1   1 E -5.7062407790066E+02 DE 4.7E-10( 13)
  0.370158621205E+01 -0.641133538787E+01  0.000000000000E+00
  0.370158621205E+01  0.641133538787E+01  0.000000000000E+00
  0.000000000000E+00  0.000000000000E+00  0.868503800000E+01
    1
  0.100000000000E+01  0.000000000000E+00  0.000000000000E+00
  0.000000000000E+00  0.100000000000E+01  0.000000000000E+00
  0.000000000000E+00  0.000000000000E+00  0.100000000000E+01
  0.000000000000E+00  0.000000000000E+00  0.000000000000E+00
   15
    6      3.543494534308      5.088869390529      2.301085918486
    6      2.252813626624     -0.730553073538      2.387686405567
    6      3.908029670848      0.609427995381      3.470834161278
    6      4.446738519167      2.708545771452      2.486332949558
    6      4.241814604646     -3.952490309711      2.174626247980
    6      4.763964917245     -1.423956789149      2.355293566980
    6      6.105121715066      0.745994266491      2.414119827366
    6      0.954545564142     -0.417351412914      2.243459321948
    6      3.595266544978      0.838586224568      4.730539711881
    6      3.713595219779      3.717861407704      2.323182294695
    6      3.547686584523     -0.649988910281      2.689868610947
    6      4.904899397513      1.466826386986      2.758385489414
    6      3.734411259542     -5.220761341512      2.171778902547
    6      4.757183502311     -2.806685762216      2.200447190102
    6      5.989675802778     -0.686694442441      2.375030401250
    1    1
