   3   1   1 E -5.7067421121396E+02 DE-3.0E-09( 11)
  0.370158621205E+01 -0.641133538787E+01  0.000000000000E+00
  0.370158621205E+01  0.641133538787E+01  0.000000000000E+00
  0.000000000000E+00  0.000000000000E+00  0.868503800000E+01
    1
  0.100000000000E+01  0.000000000000E+00  0.000000000000E+00
  0.000000000000E+00  0.100000000000E+01  0.000000000000E+00
  0.000000000000E+00  0.000000000000E+00  0.100000000000E+01
  0.000000000000E+00  0.000000000000E+00  0.000000000000E+00
   15
    6      3.561766391048      5.167628710229      2.312409606024
    6      2.187353934711     -0.425490933542      2.254506824822
    6      4.070328987685      0.864040851494      3.630983689959
    6      4.676328675324      2.855875187621      2.570104285777
    6      4.209628485007     -4.014797087539      2.165327722820
    6      4.666112567097     -1.450692686403      2.408471805935
    6      6.096189714476      0.723438602581      2.446985063575
    6      0.857175305159     -0.169233821136      2.156988606871
    6      3.526870951261     -0.134373821842      4.238193413932
    6      4.003435655889      3.882489830478      2.426077941347
    6      3.361259539732     -0.734336749173      2.793365898349
    6      5.008693633537      1.552404056249      2.873171562589
    6      3.773187188372     -5.312082664929      2.167753598098
    6      4.529789878152     -2.803490327207      2.227095490837
    6      5.931120556022     -0.713749745531      2.411235489064
    1    1
