   3   1   1 E -5.7066527359018E+02 DE 6.5E-12( 13)
  0.370158621205E+01 -0.641133538787E+01  0.000000000000E+00
  0.370158621205E+01  0.641133538787E+01  0.000000000000E+00
  0.000000000000E+00  0.000000000000E+00  0.868503800000E+01
    1
  0.100000000000E+01  0.000000000000E+00  0.000000000000E+00
  0.000000000000E+00  0.100000000000E+01  0.000000000000E+00
  0.000000000000E+00  0.000000000000E+00  0.100000000000E+01
  0.000000000000E+00  0.000000000000E+00  0.000000000000E+00
   15
    6      3.614240578291      5.108895377212      2.363201668078
    6      2.213461666683     -0.482355199243      2.239454834789
    6      3.918869777380      0.640213720914      3.444989025868
    6      4.675020257320      2.747952236518      2.632661512900
    6      4.213812852448     -4.040073684502      2.163442652360
    6      4.686244162536     -1.451151231084      2.342242549844
    6      6.105610093884      0.658270612176      2.398753603449
    6      0.876093222382     -0.197513371372      2.190916802913
    6      3.356083852867      0.603602993772      4.642753875834
    6      4.087797068159      3.831439153477      2.511638923831
    6      3.489151964703     -0.587867085232      2.593072263899
    6      4.976600389720      1.422077336893      2.787677724076
    6      3.783937369350     -5.353488721599      2.162004036353
    6      4.487768530386     -2.822854078813      2.223378288612
    6      5.974549677365     -0.789518657768      2.386483237194
    1    1
