   3   1   1 E -5.7061571744968E+02 DE-1.6E-11( 20)
  0.370158621205E+01 -0.641133538787E+01  0.000000000000E+00
  0.370158621205E+01  0.641133538787E+01  0.000000000000E+00
  0.000000000000E+00  0.000000000000E+00  0.868503800000E+01
    1
  0.100000000000E+01  0.000000000000E+00  0.000000000000E+00
  0.000000000000E+00  0.100000000000E+01  0.000000000000E+00
  0.000000000000E+00  0.000000000000E+00  0.100000000000E+01
  0.000000000000E+00  0.000000000000E+00  0.000000000000E+00
   15
    6      3.542333723514      5.089486317309      2.300582630788
    6      2.260815636292     -0.732699682073      2.396018582810
    6      3.905914350457      0.601086454394      3.472979620319
    6      4.449358903301      2.698204581287      2.487374481120
    6      4.242155487597     -3.927563728659      2.170532913819
    6      4.763574320784     -1.435324107369      2.366759967668
    6      6.117803648411      0.755846615406      2.401254039255
    6      0.950841190870     -0.432672698128      2.238461200778
    6      3.585902628268      0.842196355343      4.748377845152
    6      3.705565690528      3.710955489176      2.323472091220
    6      3.552858300307     -0.655509300111      2.678329244417
    6      4.908082335233      1.481121705430      2.745050188414
    6      3.711727267258     -5.212554314545      2.183837022713
    6      4.768336619459     -2.810355140676      2.200340280700
    6      5.993971361194     -0.684589145435      2.369300890828
    1    1
