   3   1   1 E -5.7067831576096E+02 DE 6.1E-11(  8)
  0.370158621205E+01 -0.641133538787E+01  0.000000000000E+00
  0.370158621205E+01  0.641133538787E+01  0.000000000000E+00
  0.000000000000E+00  0.000000000000E+00  0.868503800000E+01
    1
  0.100000000000E+01  0.000000000000E+00  0.000000000000E+00
  0.000000000000E+00  0.100000000000E+01  0.000000000000E+00
  0.000000000000E+00  0.000000000000E+00  0.100000000000E+01
  0.000000000000E+00  0.000000000000E+00  0.000000000000E+00
   15
    6      3.518735290836      5.149835808303      2.281078905343
    6      2.147330054463     -0.497774238824      2.180857929106
    6      4.174226204370      0.930636695968      3.789645255227
    6      4.707943388322      2.893331165326      2.653973747025
    6      4.247933626014     -4.033471066635      2.154665323023
    6      4.641116182073     -1.451965495421      2.382065647015
    6      6.111950921685      0.741163946671      2.482534683605
    6      0.828455389114     -0.203645950795      2.111770079078
    6      3.493931683473     -0.083799495844      4.059086504268
    6      3.976167546493      3.871803207985      2.447520325129
    6      3.303975859782     -0.794632181209      2.754003681115
    6      5.087684553587      1.612024615532      3.002859803725
    6      3.781979486585     -5.325663482491      2.164635348643
    6      4.536971873976     -2.815311478618      2.210777450425
    6      5.900839402699     -0.704902648602      2.407196317271
    1    1
