   3   1   1 E -5.7067799205345E+02 DE 4.3E-10(  9)
  0.370158621205E+01 -0.641133538787E+01  0.000000000000E+00
  0.370158621205E+01  0.641133538787E+01  0.000000000000E+00
  0.000000000000E+00  0.000000000000E+00  0.868503800000E+01
    1
  0.100000000000E+01  0.000000000000E+00  0.000000000000E+00
  0.000000000000E+00  0.100000000000E+01  0.000000000000E+00
  0.000000000000E+00  0.000000000000E+00  0.100000000000E+01
  0.000000000000E+00  0.000000000000E+00  0.000000000000E+00
   15
    6      3.518657819409      5.149718436400      2.280094288997
    6      2.147758403206     -0.498645887280      2.186027694583
    6      4.176293247695      0.928956081694      3.785967194524
    6      4.705161450584      2.891174238714      2.648636545879
    6      4.247240726117     -4.032575879768      2.155001101396
    6      4.640519840867     -1.451373165269      2.383565129382
    6      6.112836122667      0.741024417272      2.479553335600
    6      0.829318336836     -0.204186776911      2.113077749011
    6      3.493098035493     -0.079750010906      4.069422625371
    6      3.974891390418      3.870740146175      2.442573614345
    6      3.304054212175     -0.793757669986      2.759184808873
    6      5.088206037438      1.610994160402      2.997813235773
    6      3.783218280449     -5.325600735393      2.163494204894
    6      4.536938144348     -2.814603681654      2.212236331308
    6      5.901049415770     -0.704484272143      2.406023140062
    1    1
