   3   1   1 E -5.7066163811914E+02 DE 2.9E-09( 12)
  0.370158621205E+01 -0.641133538787E+01  0.000000000000E+00
  0.370158621205E+01  0.641133538787E+01  0.000000000000E+00
  0.000000000000E+00  0.000000000000E+00  0.868503800000E+01
    1
  0.100000000000E+01  0.000000000000E+00  0.000000000000E+00
  0.000000000000E+00  0.100000000000E+01  0.000000000000E+00
  0.000000000000E+00  0.000000000000E+00  0.100000000000E+01
  0.000000000000E+00  0.000000000000E+00  0.000000000000E+00
   15
    6      3.592731573554      5.074207313074      2.375619509705
    6      2.194283632997     -0.516602279587      2.230314648858
    6      3.860644594934      0.555709287858      3.427983850829
    6      4.645049269856      2.721009907221      2.661216380346
    6      4.197528803409     -4.064163920609      2.166423728770
    6      4.667447488707     -1.471647330266      2.311883786976
    6      6.086089976583      0.630337213434      2.419412771510
    6      0.864835910081     -0.238985926704      2.206686410909
    6      3.750468800929      1.053845985440      4.639359732671
    6      4.018760921279      3.784820498859      2.516313802960
    6      3.472903532568     -0.593339658665      2.578323070670
    6      4.953390872034      1.389013695118      2.806493303816
    6      3.764971659655     -5.381490603703      2.170453502189
    6      4.438195462646     -2.843972103893      2.193142400096
    6      5.951938964239     -0.811112676228      2.379044099695
    1    1
