   3   1   1 E -5.7066264353415E+02 DE-1.2E-09( 10)
  0.370158621205E+01 -0.641133538787E+01  0.000000000000E+00
  0.370158621205E+01  0.641133538787E+01  0.000000000000E+00
  0.000000000000E+00  0.000000000000E+00  0.868503800000E+01
    1
  0.100000000000E+01  0.000000000000E+00  0.000000000000E+00
  0.000000000000E+00  0.100000000000E+01  0.000000000000E+00
  0.000000000000E+00  0.000000000000E+00  0.100000000000E+01
  0.000000000000E+00  0.000000000000E+00  0.000000000000E+00
   15
    6      3.597839768968      5.076882356568      2.379756534877
    6      2.197746021611     -0.510283643108      2.233949033770
    6      3.865721044147      0.563418723810      3.425024894829
    6      4.632346443836      2.709651453335      2.652896135850
    6      4.194913987579     -4.068504195402      2.162782066827
    6      4.674400258530     -1.481479080629      2.319314379061
    6      6.089466297005      0.627258162880      2.422122546055
    6      0.861991831365     -0.232977913095      2.207645270070
    6      3.676910792900      1.089734377837      4.619001309990
    6      4.045376413344      3.794644356976      2.512177097102
    6      3.471586378562     -0.615420270993      2.590537614740
    6      4.949296901614      1.385276896289      2.795844623282
    6      3.764419499080     -5.383312059687      2.176192351563
    6      4.480282090257     -2.851893752173      2.196037050285
    6      5.956943734675     -0.815366011262      2.389390091700
    1    1
