   3   1   1 E -5.7065911022537E+02 DE-4.1E-11( 15)
  0.370158621205E+01 -0.641133538787E+01  0.000000000000E+00
  0.370158621205E+01  0.641133538787E+01  0.000000000000E+00
  0.000000000000E+00  0.000000000000E+00  0.868503800000E+01
    1
  0.100000000000E+01  0.000000000000E+00  0.000000000000E+00
  0.000000000000E+00  0.100000000000E+01  0.000000000000E+00
  0.000000000000E+00  0.000000000000E+00  0.100000000000E+01
  0.000000000000E+00  0.000000000000E+00  0.000000000000E+00
   15
    6      3.561919117679      5.066435242594      2.372234781159
    6      2.189292580837     -0.551472109236      2.227276500157
    6      3.867718439170      0.590886222464      3.399557827156
    6      4.628504158542      2.727256688720      2.640910809090
    6      4.249615566922     -4.067405309090      2.172011007854
    6      4.651408659461     -1.448123603042      2.286891469176
    6      6.102951722782      0.647763156986      2.466269785089
    6      0.853853958244     -0.266653259326      2.192217968094
    6      3.764881922607      0.989864632965      4.641322950404
    6      3.963331156911      3.764281214860      2.492153068983
    6      3.462228583460     -0.586903217130      2.571478620151
    6      4.970377770184      1.418084593913      2.821064107202
    6      3.780557665013     -5.370056371731      2.203807942710
    6      4.472236442853     -2.830312226127      2.180067975869
    6      5.940363718808     -0.796016255475      2.415406186908
    1    1
