   3   1   1 E -5.7067831956711E+02 DE-2.6E-10(  9)
  0.370158621205E+01 -0.641133538787E+01  0.000000000000E+00
  0.370158621205E+01  0.641133538787E+01  0.000000000000E+00
  0.000000000000E+00  0.000000000000E+00  0.868503800000E+01
    1
  0.100000000000E+01  0.000000000000E+00  0.000000000000E+00
  0.000000000000E+00  0.100000000000E+01  0.000000000000E+00
  0.000000000000E+00  0.000000000000E+00  0.100000000000E+01
  0.000000000000E+00  0.000000000000E+00  0.000000000000E+00
   15
    6      3.518455330183      5.149827963819      2.281757351467
    6      2.147026446369     -0.497699127125      2.179167805823
    6      4.174984079247      0.931461171889      3.792529514279
    6      4.708226219227      2.893502475637      2.654955129210
    6      4.247486739825     -4.033523278379      2.154245942062
    6      4.641126029493     -1.452217465852      2.380842699216
    6      6.111752326707      0.741282428177      2.483294324624
    6      0.828072129176     -0.203728783852      2.111092613593
    6      3.494929258436     -0.084009035050      4.056907091032
    6      3.976045779945      3.871788047661      2.448385353505
    6      3.303309581186     -0.795238875195      2.752924472746
    6      5.088135355804      1.612487472676      3.004719735961
    6      3.781477305312     -5.325697869741      2.164395082556
    6      4.537719753739     -2.815738667018      2.210726495765
    6      5.900495128822     -0.704867056299      2.406727388161
    1    1
