   3   1   1 E -5.7066280283886E+02 DE-1.2E-10( 13)
  0.370158621205E+01 -0.641133538787E+01  0.000000000000E+00
  0.370158621205E+01  0.641133538787E+01  0.000000000000E+00
  0.000000000000E+00  0.000000000000E+00  0.868503800000E+01
    1
  0.100000000000E+01  0.000000000000E+00  0.000000000000E+00
  0.000000000000E+00  0.100000000000E+01  0.000000000000E+00
  0.000000000000E+00  0.000000000000E+00  0.100000000000E+01
  0.000000000000E+00  0.000000000000E+00  0.000000000000E+00
   15
    6      3.606757631088      5.078284165322      2.374729799480
    6      2.207233447935     -0.505717581776      2.224490361934
    6      3.857944513604      0.576952245539      3.416518743349
    6      4.636910455684      2.709563694254      2.651588340032
    6      4.203376366620     -4.068810192949      2.171388081966
    6      4.682987066728     -1.480418930733      2.325675003079
    6      6.095047554178      0.627998221177      2.429729998375
    6      0.870319982150     -0.229261149059      2.203454266649
    6      3.582736824915      1.070723219607      4.611943549000
    6      4.055549234187      3.796827746646      2.504772399039
    6      3.478443842391     -0.623431759834      2.587753921486
    6      4.954666052821      1.385567745835      2.796905821915
    6      3.771719576185     -5.382926065948      2.182842384917
    6      4.491000619305     -2.853415148136      2.206123763516
    6      5.964548295684     -0.814306808597      2.394754565263
    1    1
