   3   1   1 E -5.7066845632107E+02 DE 1.0E-12( 12)
  0.370158621205E+01 -0.641133538787E+01  0.000000000000E+00
  0.370158621205E+01  0.641133538787E+01  0.000000000000E+00
  0.000000000000E+00  0.000000000000E+00  0.868503800000E+01
    1
  0.100000000000E+01  0.000000000000E+00  0.000000000000E+00
  0.000000000000E+00  0.100000000000E+01  0.000000000000E+00
  0.000000000000E+00  0.000000000000E+00  0.100000000000E+01
  0.000000000000E+00  0.000000000000E+00  0.000000000000E+00
   15
    6      3.621926608503      5.147724765583      2.372447855403
    6      2.217586086720     -0.428987419267      2.267047515832
    6      3.957142345245      0.695430915792      3.476276888122
    6      4.668108933703      2.783706708879      2.613962332722
    6      4.204868921465     -4.012187820688      2.164523479269
    6      4.700914330569     -1.440973503712      2.369100036144
    6      6.102319723675      0.686917170424      2.410151046320
    6      0.879546027116     -0.166659140680      2.196252004431
    6      3.295686419608      0.143805086645      4.461834954710
    6      4.074399046556      3.864149057935      2.502805048005
    6      3.483421338401     -0.578871482568      2.645545217013
    6      4.986604562772      1.466833902403      2.807866955532
    6      3.782014242500     -5.321657426848      2.167119567874
    6      4.505325355449     -2.797544455930      2.222197230163
    6      5.979377521192     -0.754056956621      2.405540868459
    1    1
