   3   1   1 E -5.7067653642058E+02 DE-1.3E-10( 12)
  0.370158621205E+01 -0.641133538787E+01  0.000000000000E+00
  0.370158621205E+01  0.641133538787E+01  0.000000000000E+00
  0.000000000000E+00  0.000000000000E+00  0.868503800000E+01
    1
  0.100000000000E+01  0.000000000000E+00  0.000000000000E+00
  0.000000000000E+00  0.100000000000E+01  0.000000000000E+00
  0.000000000000E+00  0.000000000000E+00  0.100000000000E+01
  0.000000000000E+00  0.000000000000E+00  0.000000000000E+00
   15
    6      3.538373383441      5.157693191029      2.289198618559
    6      2.170084101360     -0.472243314331      2.222898407055
    6      4.119206301007      0.929431046341      3.699583025515
    6      4.699076279801      2.876846275942      2.575924331917
    6      4.235235476215     -4.029216755683      2.176185313102
    6      4.649867768561     -1.457118303089      2.417202131302
    6      6.109320219006      0.729965620696      2.462092586143
    6      0.841706193096     -0.195397253202      2.140493067801
    6      3.500215137350     -0.070303115116      4.153387453363
    6      3.978966386175      3.870779499887      2.403977521094
    6      3.317004625026     -0.794811985180      2.793027513614
    6      5.056935682492      1.592968287985      2.917856478457
    6      3.783998064480     -5.323288760601      2.175419590123
    6      4.545821809657     -2.817031494378      2.241628172871
    6      5.913430035807     -0.710643538952      2.413796789085
    1    1
