   3   1   1 E -5.7059596064361E+02 DE-2.0E-09( 11)
  0.370158621205E+01 -0.641133538787E+01  0.000000000000E+00
  0.370158621205E+01  0.641133538787E+01  0.000000000000E+00
  0.000000000000E+00  0.000000000000E+00  0.868503800000E+01
    1
  0.100000000000E+01  0.000000000000E+00  0.000000000000E+00
  0.000000000000E+00  0.100000000000E+01  0.000000000000E+00
  0.000000000000E+00  0.000000000000E+00  0.100000000000E+01
  0.000000000000E+00  0.000000000000E+00  0.000000000000E+00
   15
    6      3.566919452652      5.051690108408      2.292878009773
    6      2.344899176545     -0.886317758236      2.380408411503
    6      3.871396328189      0.624248349051      3.402290223677
    6      4.393335952429      2.703559207497      2.412325005177
    6      4.319528039532     -3.911709808354      2.300017349341
    6      4.859447722332     -1.419804686558      2.442003233609
    6      6.126132786748      0.778371618911      2.449576711278
    6      1.075798910606     -0.657821019216      2.261664213898
    6      3.092140014144      1.066339232951      4.403492118967
    6      3.558137698728      3.652748807950      2.257965410377
    6      3.639459555898     -0.690966330560      2.731107219508
    6      4.888770574360      1.477162595443      2.731558091417
    6      3.684458612480     -5.045124617283      2.275293137201
    6      4.980204076805     -2.805774805445      2.340588321735
    6      6.058612562027     -0.648971493209      2.401503542539
    1    1
