   3   1   1 E -5.7067098556303E+02 DE-2.0E-10( 14)
  0.370158621205E+01 -0.641133538787E+01  0.000000000000E+00
  0.370158621205E+01  0.641133538787E+01  0.000000000000E+00
  0.000000000000E+00  0.000000000000E+00  0.868503800000E+01
    1
  0.100000000000E+01  0.000000000000E+00  0.000000000000E+00
  0.000000000000E+00  0.100000000000E+01  0.000000000000E+00
  0.000000000000E+00  0.000000000000E+00  0.100000000000E+01
  0.000000000000E+00  0.000000000000E+00  0.000000000000E+00
   15
    6      3.591356689449      5.156744041676      2.326540194642
    6      2.200627952753     -0.423973054204      2.226828424044
    6      4.007284773447      0.796434022495      3.543016480111
    6      4.701328955079      2.835525543031      2.616718124102
    6      4.224252361635     -4.006288446412      2.181498719200
    6      4.668078320783     -1.427363576347      2.400225873970
    6      6.104583733881      0.711947829443      2.424331688880
    6      0.873085683512     -0.160870619546      2.167539246177
    6      3.409591137484     -0.100100824001      4.284623419656
    6      4.057834255698      3.887433746185      2.489659821316
    6      3.408948698324     -0.660022512474      2.789034579936
    6      4.979730631803      1.505398211133      2.807496325806
    6      3.779500591027     -5.306500749568      2.173912911990
    6      4.501821008336     -2.787626469631      2.248898973690
    6      5.951216670260     -0.733107740430      2.402346216480
    1    1
