   3   1   1 E -5.7066239662775E+02 DE-5.4E-10( 12)
  0.370158621205E+01 -0.641133538787E+01  0.000000000000E+00
  0.370158621205E+01  0.641133538787E+01  0.000000000000E+00
  0.000000000000E+00  0.000000000000E+00  0.868503800000E+01
    1
  0.100000000000E+01  0.000000000000E+00  0.000000000000E+00
  0.000000000000E+00  0.100000000000E+01  0.000000000000E+00
  0.000000000000E+00  0.000000000000E+00  0.100000000000E+01
  0.000000000000E+00  0.000000000000E+00  0.000000000000E+00
   15
    6      3.596410566776      5.077939927486      2.374226044685
    6      2.195261035226     -0.507135158226      2.239344290294
    6      3.874023718597      0.556149629083      3.438994197370
    6      4.628365507321      2.707626215064      2.654932049639
    6      4.186311005820     -4.071550746807      2.155422114830
    6      4.669954396667     -1.485374715055      2.314589463870
    6      6.086257361084      0.625849134067      2.418363601184
    6      0.860362078189     -0.230146579807      2.202079132491
    6      3.720547058408      1.100722532554      4.637333267988
    6      4.039725395643      3.795858767200      2.508078983460
    6      3.468474942277     -0.611584332736      2.599745266704
    6      4.946451364957      1.385094244617      2.796058014397
    6      3.760212857090     -5.385679774372      2.173101547759
    6      4.472833945104     -2.852923360178      2.186957706557
    6      5.954050230316     -0.817216381542      2.383445318772
    1    1
