   3   1   1 E -5.7066259570273E+02 DE 4.9E-09(  9)
  0.370158621205E+01 -0.641133538787E+01  0.000000000000E+00
  0.370158621205E+01  0.641133538787E+01  0.000000000000E+00
  0.000000000000E+00  0.000000000000E+00  0.868503800000E+01
    1
  0.100000000000E+01  0.000000000000E+00  0.000000000000E+00
  0.000000000000E+00  0.100000000000E+01  0.000000000000E+00
  0.000000000000E+00  0.000000000000E+00  0.100000000000E+01
  0.000000000000E+00  0.000000000000E+00  0.000000000000E+00
   15
    6      3.596676412710      5.076788635418      2.383221615617
    6      2.196938095464     -0.510581766458      2.237769847822
    6      3.869250537372      0.561124846418      3.426815421780
    6      4.629266540199      2.709387340959      2.651159047961
    6      4.192803977135     -4.068497567397      2.159560777427
    6      4.673945527072     -1.481722010938      2.319664924126
    6      6.087858830820      0.626946722365      2.417366535191
    6      0.861078574553     -0.234095550942      2.212671112892
    6      3.690331046834      1.092119026353      4.619418503872
    6      4.043734238145      3.794981130703      2.514211488176
    6      3.471056015367     -0.614107324032      2.591471310481
    6      4.947113541604      1.384880801955      2.792587026423
    6      3.763351079883     -5.383420367027      2.172816744471
    6      4.479715167493     -2.850763794966      2.194702096038
    6      5.956121878823     -0.815410721065      2.389234547723
    1    1
