   3   1   1 E -5.7067127155361E+02 DE 3.0E-10( 13)
  0.370158621205E+01 -0.641133538787E+01  0.000000000000E+00
  0.370158621205E+01  0.641133538787E+01  0.000000000000E+00
  0.000000000000E+00  0.000000000000E+00  0.868503800000E+01
    1
  0.100000000000E+01  0.000000000000E+00  0.000000000000E+00
  0.000000000000E+00  0.100000000000E+01  0.000000000000E+00
  0.000000000000E+00  0.000000000000E+00  0.100000000000E+01
  0.000000000000E+00  0.000000000000E+00  0.000000000000E+00
   15
    6      3.578294961866      5.161965099598      2.324475987383
    6      2.191761762516     -0.444345900393      2.254649311276
    6      4.027596710792      0.822342079306      3.571402430318
    6      4.705969491547      2.849518634084      2.579308315117
    6      4.220873557573     -4.010888460014      2.175787089928
    6      4.665408011644     -1.441217583379      2.411946555149
    6      6.102807307245      0.714183587992      2.409577763301
    6      0.876024304779     -0.166356725177      2.174777996738
    6      3.470987893984     -0.074783391050      4.269602172884
    6      4.030682950493      3.886239169470      2.475407313805
    6      3.373190359845     -0.707278845162      2.833821670109
    6      4.986119648060      1.520323150538      2.786666775528
    6      3.786381224034     -5.309588160463      2.170209749529
    6      4.500477004520     -2.790504945560      2.249087997225
    6      5.942666274577     -0.721978308441      2.395949871710
    1    1
