   3   1   1 E -5.7063795947042E+02 DE-6.9E-11( 14)
  0.370158621205E+01 -0.641133538787E+01  0.000000000000E+00
  0.370158621205E+01  0.641133538787E+01  0.000000000000E+00
  0.000000000000E+00  0.000000000000E+00  0.868503800000E+01
    1
  0.100000000000E+01  0.000000000000E+00  0.000000000000E+00
  0.000000000000E+00  0.100000000000E+01  0.000000000000E+00
  0.000000000000E+00  0.000000000000E+00  0.100000000000E+01
  0.000000000000E+00  0.000000000000E+00  0.000000000000E+00
   15
    6      3.542409408364      5.099266719789      2.311600266786
    6      2.234293810484     -0.699807613878      2.363846271698
    6      3.910167489733      0.627272079351      3.439372564888
    6      4.466501731897      2.717846552956      2.494544259837
    6      4.277410062562     -4.005529045763      2.186217779624
    6      4.735235476555     -1.418776007280      2.319232504894
    6      6.104423667637      0.725374673426      2.458603315431
    6      0.917584177973     -0.336405069396      2.253284884978
    6      3.633414837743      0.832387906044      4.700678141119
    6      3.758422661960      3.741641793784      2.327284105428
    6      3.518272753038     -0.635205416157      2.698136860418
    6      4.911207637841      1.464247715937      2.782094048807
    6      3.791394881363     -5.309510440028      2.149934442866
    6      4.683077479116     -2.814014099482      2.196655308661
    6      5.975425387207     -0.701160347956      2.401186244566
    1    1
