   3   1   1 E -5.7067832063278E+02 DE 4.4E-10(  7)
  0.370158621205E+01 -0.641133538787E+01  0.000000000000E+00
  0.370158621205E+01  0.641133538787E+01  0.000000000000E+00
  0.000000000000E+00  0.000000000000E+00  0.868503800000E+01
    1
  0.100000000000E+01  0.000000000000E+00  0.000000000000E+00
  0.000000000000E+00  0.100000000000E+01  0.000000000000E+00
  0.000000000000E+00  0.000000000000E+00  0.100000000000E+01
  0.000000000000E+00  0.000000000000E+00  0.000000000000E+00
   15
    6      3.518097720835      5.149688634283      2.281295765704
    6      2.146659123844     -0.498053847464      2.177597904940
    6      4.175584770346      0.932120581648      3.794512833231
    6      4.708617881519      2.893966441180      2.656282162505
    6      4.247390595377     -4.033644521502      2.154306594105
    6      4.641157768329     -1.452386460835      2.380139605107
    6      6.111471470585      0.741495477536      2.483576021401
    6      0.827686255841     -0.203868977038      2.110512727899
    6      3.495204965944     -0.083911372274      4.054363286296
    6      3.975978429412      3.871828154614      2.448929464841
    6      3.302711043395     -0.795945131421      2.751782139326
    6      5.088682907228      1.613064123433      3.006282401580
    6      3.781249992031     -5.325764314544      2.164839006364
    6      4.538505137340     -2.816111773658      2.210889680652
    6      5.900243401446     -0.704847612611      2.407361406049
    1    1
