   3   1   1 E -5.7059295921344E+02 DE-7.1E-11( 13)
  0.370158621205E+01 -0.641133538787E+01  0.000000000000E+00
  0.370158621205E+01  0.641133538787E+01  0.000000000000E+00
  0.000000000000E+00  0.000000000000E+00  0.868503800000E+01
    1
  0.100000000000E+01  0.000000000000E+00  0.000000000000E+00
  0.000000000000E+00  0.100000000000E+01  0.000000000000E+00
  0.000000000000E+00  0.000000000000E+00  0.100000000000E+01
  0.000000000000E+00  0.000000000000E+00  0.000000000000E+00
   15
    6      3.579705045279      5.064974979449      2.353048126278
    6      2.326507219758     -0.917352731849      2.481613085085
    6      3.840795324074      0.634892506453      3.360604836770
    6      4.438104887797      2.706331968612      2.330213880327
    6      4.327684947313     -3.929444938141      2.263461516860
    6      4.860639598580     -1.433187312181      2.455923252452
    6      6.133081348914      0.776625215774      2.430607764613
    6      1.088339885543     -0.639754193091      2.316028717617
    6      3.003542318339      1.117696697251      4.295809658295
    6      3.577528831848      3.665452648792      2.352187938014
    6      3.637294671993     -0.703649711296      2.773733940163
    6      4.898814327011      1.469273383760      2.665230475562
    6      3.696035514641     -5.057397959653      2.272758467898
    6      4.987904828378     -2.814290974888      2.296230745514
    6      6.063262714005     -0.652540177643      2.435218594551
    1    1
