   3   1   1 E -5.7066733062548E+02 DE 3.2E-09( 13)
  0.370158621205E+01 -0.641133538787E+01  0.000000000000E+00
  0.370158621205E+01  0.641133538787E+01  0.000000000000E+00
  0.000000000000E+00  0.000000000000E+00  0.868503800000E+01
    1
  0.100000000000E+01  0.000000000000E+00  0.000000000000E+00
  0.000000000000E+00  0.100000000000E+01  0.000000000000E+00
  0.000000000000E+00  0.000000000000E+00  0.100000000000E+01
  0.000000000000E+00  0.000000000000E+00  0.000000000000E+00
   15
    6      3.622028553648      5.142842095958      2.388394014691
    6      2.217527656764     -0.439373762787      2.287727304702
    6      3.958241109630      0.696120853305      3.455875899157
    6      4.666817184985      2.778393857534      2.602286852661
    6      4.197591047313     -4.018432340764      2.167251208413
    6      4.702525888112     -1.451545350810      2.366802961006
    6      6.102540740708      0.676414065928      2.402909468002
    6      0.881282737067     -0.177490840767      2.211997285595
    6      3.294682398798      0.222991281827      4.481952727339
    6      4.068274990567      3.856299348759      2.506483372098
    6      3.487457464649     -0.570587916302      2.633110484083
    6      4.993142649074      1.464408527771      2.792371295109
    6      3.783436672970     -5.330389205094      2.170371405773
    6      4.502454265784     -2.801792247996      2.213816118565
    6      5.981238103404     -0.760228965213      2.401320602809
    1    1
