   3   1   1 E -5.7066654458633E+02 DE-4.8E-11( 14)
  0.370158621205E+01 -0.641133538787E+01  0.000000000000E+00
  0.370158621205E+01  0.641133538787E+01  0.000000000000E+00
  0.000000000000E+00  0.000000000000E+00  0.868503800000E+01
    1
  0.100000000000E+01  0.000000000000E+00  0.000000000000E+00
  0.000000000000E+00  0.100000000000E+01  0.000000000000E+00
  0.000000000000E+00  0.000000000000E+00  0.100000000000E+01
  0.000000000000E+00  0.000000000000E+00  0.000000000000E+00
   15
    6      3.619594860544      5.122496846640      2.373533830586
    6      2.216475147050     -0.467728379396      2.257104878523
    6      3.934612865069      0.666901141359      3.454283269191
    6      4.669290514155      2.757841654610      2.610380690108
    6      4.208724313023     -4.029463268481      2.162167431349
    6      4.694876453233     -1.448283732958      2.357655728153
    6      6.106352961874      0.668110567658      2.399064677449
    6      0.880563086631     -0.188609556200      2.200488779262
    6      3.304093557822      0.432486605645      4.590161626959
    6      4.086035786110      3.844751812842      2.505011651007
    6      3.491146784996     -0.579868040340      2.607758164079
    6      4.982426422940      1.439650813704      2.785104778481
    6      3.784772431356     -5.340734119183      2.161977510936
    6      4.501048225892     -2.813397533309      2.220784219154
    6      5.979228052776     -0.776525411244      2.397193764762
    1    1
