   3   1   1 E -5.7066874536559E+02 DE 1.6E-10( 12)
  0.370158621205E+01 -0.641133538787E+01  0.000000000000E+00
  0.370158621205E+01  0.641133538787E+01  0.000000000000E+00
  0.000000000000E+00  0.000000000000E+00  0.868503800000E+01
    1
  0.100000000000E+01  0.000000000000E+00  0.000000000000E+00
  0.000000000000E+00  0.100000000000E+01  0.000000000000E+00
  0.000000000000E+00  0.000000000000E+00  0.100000000000E+01
  0.000000000000E+00  0.000000000000E+00  0.000000000000E+00
   15
    6      3.619620334554      5.147364738788      2.367551616507
    6      2.216083060691     -0.427340895847      2.262180033058
    6      3.959554184477      0.701388649638      3.481054255864
    6      4.670998816159      2.786870068685      2.618482707564
    6      4.207710442184     -4.011209074452      2.166519870106
    6      4.697544796450     -1.436944594246      2.368409639815
    6      6.103052998959      0.689728838362      2.413086992516
    6      0.877757614641     -0.165200404554      2.193477214928
    6      3.301929060787      0.122505900424      4.446933699040
    6      4.077528030975      3.866822095921      2.502780824243
    6      3.479014498860     -0.584194483731      2.653646779518
    6      4.984005236983      1.468017520980      2.810391438780
    6      3.780785257426     -5.319788568169      2.167908209625
    6      4.506378773711     -2.796854012382      2.225206528243
    6      5.977278356614     -0.753536378070      2.405041190194
    1    1
