   3   1   1 E -5.7055781440911E+02 DE 1.0E-10( 13)
  0.370158621205E+01 -0.641133538787E+01  0.000000000000E+00
  0.370158621205E+01  0.641133538787E+01  0.000000000000E+00
  0.000000000000E+00  0.000000000000E+00  0.868503800000E+01
    1
  0.100000000000E+01  0.000000000000E+00  0.000000000000E+00
  0.000000000000E+00  0.100000000000E+01  0.000000000000E+00
  0.000000000000E+00  0.000000000000E+00  0.100000000000E+01
  0.000000000000E+00  0.000000000000E+00  0.000000000000E+00
   15
    6      3.661016946299      5.010164303240      2.640409337832
    6      2.441366793951     -1.207054420919      2.513209523441
    6      3.677740045915      0.726077037318      2.662000071859
    6      4.733608661516      2.763543626051      2.513389757405
    6      3.979923319322     -3.722540173955      2.480149441413
    6      4.926836335310     -1.413673870787      2.588928362325
    6      6.155356603332      0.714416475371      2.588335547958
    6      1.239216494366     -0.849556181803      2.585748282904
    6      2.532614431310      1.386772620607      3.095187229522
    6      3.823155893644      3.626020947669      2.586158319826
    6      3.706354143437     -0.694095919485      2.570418650535
    6      4.921936173298      1.411558403677      2.570272296849
    6      3.624107116887     -4.971949656887      2.528867290208
    6      4.884119187082     -2.789848114978      2.530638701878
    6      6.151889317803     -0.702205673771      2.628958186047
    1    1
