   3   1   1 E -5.7064492959381E+02 DE 1.9E-11( 16)
  0.370158621205E+01 -0.641133538787E+01  0.000000000000E+00
  0.370158621205E+01  0.641133538787E+01  0.000000000000E+00
  0.000000000000E+00  0.000000000000E+00  0.868503800000E+01
    1
  0.100000000000E+01  0.000000000000E+00  0.000000000000E+00
  0.000000000000E+00  0.100000000000E+01  0.000000000000E+00
  0.000000000000E+00  0.000000000000E+00  0.100000000000E+01
  0.000000000000E+00  0.000000000000E+00  0.000000000000E+00
   15
    6      3.557191045700      5.095413040387      2.331861523050
    6      2.205503474913     -0.596577649234      2.334326488997
    6      3.914024558873      0.641058059222      3.424194619087
    6      4.578267802858      2.728591419483      2.578870443643
    6      4.190525265244     -4.030338127515      2.140907294655
    6      4.674178427914     -1.443008217865      2.294423714879
    6      6.101322983497      0.652644663750      2.474521804297
    6      0.894277533289     -0.314367529324      2.268473436257
    6      3.752306501985      0.873685045189      4.708949650774
    6      3.938301349326      3.790714890073      2.391836924521
    6      3.489338956054     -0.595195615225      2.669709536328
    6      4.966286619010      1.446838051968      2.827756615364
    6      3.738401160428     -5.347455839598      2.092519900861
    6      4.514050881035     -2.837997113988      2.158435742482
    6      5.945264903348     -0.776375675975      2.385883304805
    1    1
