   3   1   1 E -5.7067832682495E+02 DE 4.8E-10(  8)
  0.370158621205E+01 -0.641133538787E+01  0.000000000000E+00
  0.370158621205E+01  0.641133538787E+01  0.000000000000E+00
  0.000000000000E+00  0.000000000000E+00  0.868503800000E+01
    1
  0.100000000000E+01  0.000000000000E+00  0.000000000000E+00
  0.000000000000E+00  0.100000000000E+01  0.000000000000E+00
  0.000000000000E+00  0.000000000000E+00  0.100000000000E+01
  0.000000000000E+00  0.000000000000E+00  0.000000000000E+00
   15
    6      3.518141009965      5.149668893427      2.281362369484
    6      2.146697319895     -0.498038067161      2.177794859402
    6      4.175577871400      0.932088172158      3.794420065036
    6      4.708639251976      2.893935532868      2.656302947761
    6      4.247372517639     -4.033650116204      2.154099419477
    6      4.641136194930     -1.452397308544      2.380342001229
    6      6.111558755112      0.741446708893      2.483650516598
    6      0.827722671568     -0.203868066402      2.110628707616
    6      3.495104094896     -0.083817073686      4.054548324424
    6      3.976005949315      3.871804268890      2.448979245630
    6      3.302773666633     -0.795870114621      2.751931732735
    6      5.088732560855      1.613034167933      3.006278506335
    6      3.781244376163     -5.325780494410      2.164517817199
    6      4.538277397864     -2.816063088742      2.210660453049
    6      5.900257825262     -0.704864013049      2.407154034023
    1    1
