   3   1   1 E -5.7060102504397E+02 DE-2.0E-09( 10)
  0.370158621205E+01 -0.641133538787E+01  0.000000000000E+00
  0.370158621205E+01  0.641133538787E+01  0.000000000000E+00
  0.000000000000E+00  0.000000000000E+00  0.868503800000E+01
    1
  0.100000000000E+01  0.000000000000E+00  0.000000000000E+00
  0.000000000000E+00  0.100000000000E+01  0.000000000000E+00
  0.000000000000E+00  0.000000000000E+00  0.100000000000E+01
  0.000000000000E+00  0.000000000000E+00  0.000000000000E+00
   15
    6      3.570072056422      5.064331781061      2.290777377000
    6      2.337599054948     -0.835142825359      2.400863940673
    6      3.886878357418      0.603056136250      3.461729460112
    6      4.386658905230      2.676063815138      2.423830203069
    6      4.221703992232     -3.868759994963      2.218812802514
    6      4.842283676985     -1.405620795057      2.403733233767
    6      6.107686042756      0.772696058224      2.418005448522
    6      1.080718787887     -0.645041677897      2.259866518881
    6      3.303088433340      0.931316169668      4.602885855608
    6      3.605379720139      3.666680733185      2.273189972755
    6      3.629801452096     -0.667615146642      2.731802438147
    6      4.870233866070      1.461914479008      2.744295930018
    6      3.645518712870     -5.032863954458      2.238498575020
    6      4.921858293980     -2.782842808578      2.226588913952
    6      6.049760111099     -0.650542568232      2.387790329961
    1    1
