   3   1   1 E -5.7059587740564E+02 DE-4.9E-10( 12)
  0.370158621205E+01 -0.641133538787E+01  0.000000000000E+00
  0.370158621205E+01  0.641133538787E+01  0.000000000000E+00
  0.000000000000E+00  0.000000000000E+00  0.868503800000E+01
    1
  0.100000000000E+01  0.000000000000E+00  0.000000000000E+00
  0.000000000000E+00  0.100000000000E+01  0.000000000000E+00
  0.000000000000E+00  0.000000000000E+00  0.100000000000E+01
  0.000000000000E+00  0.000000000000E+00  0.000000000000E+00
   15
    6      3.571694122465      5.053833951927      2.319591662666
    6      2.338108083511     -0.899887515104      2.410253254482
    6      3.857368040296      0.635031996020      3.425107515484
    6      4.418020232628      2.697658477514      2.426456627897
    6      4.322178549310     -3.920602808494      2.246926649387
    6      4.856665585013     -1.424121180482      2.472129371585
    6      6.129112433415      0.776539770891      2.409104546861
    6      1.080647548326     -0.650278055066      2.290697979006
    6      3.058107284062      1.096190160949      4.396189689409
    6      3.567051535118      3.652932925515      2.288597307039
    6      3.638071930798     -0.694583029612      2.755203194104
    6      4.893473331230      1.473720438399      2.724482721821
    6      3.689684920151     -5.053336288293      2.223912064081
    6      4.981728564231     -2.804152197602      2.278323750533
    6      6.057329302918     -0.651317245214      2.415694665646
    1    1
