   3   1   1 E -5.7066990629764E+02 DE 3.4E-09( 12)
  0.370158621205E+01 -0.641133538787E+01  0.000000000000E+00
  0.370158621205E+01  0.641133538787E+01  0.000000000000E+00
  0.000000000000E+00  0.000000000000E+00  0.868503800000E+01
    1
  0.100000000000E+01  0.000000000000E+00  0.000000000000E+00
  0.000000000000E+00  0.100000000000E+01  0.000000000000E+00
  0.000000000000E+00  0.000000000000E+00  0.100000000000E+01
  0.000000000000E+00  0.000000000000E+00  0.000000000000E+00
   15
    6      3.607189976432      5.151331487935      2.345244261290
    6      2.209672257024     -0.418580455846      2.243877556131
    6      3.980242962778      0.743921030917      3.508046870688
    6      4.685156640399      2.809689214022      2.627018801442
    6      4.217459613514     -4.006581256853      2.175654595036
    6      4.682306424972     -1.425132500047      2.379092730881
    6      6.104187734064      0.702570493492      2.423760812590
    6      0.872617427627     -0.160989688285      2.178127991081
    6      3.345603631978     -0.017949437669      4.365605708006
    6      4.074091511449      3.878298065068      2.496985421966
    6      3.453008936335     -0.607410168761      2.709680390815
    6      4.979731499894      1.485094570195      2.817307023345
    6      3.777643875837     -5.311365942763      2.171263204523
    6      4.504870181042     -2.790496831325      2.236690057094
    6      5.965458790127     -0.744769178733      2.404315575111
    1    1
