   3   1   1 E -5.7066577369797E+02 DE-3.0E-12( 16)
  0.370158621205E+01 -0.641133538787E+01  0.000000000000E+00
  0.370158621205E+01  0.641133538787E+01  0.000000000000E+00
  0.000000000000E+00  0.000000000000E+00  0.868503800000E+01
    1
  0.100000000000E+01  0.000000000000E+00  0.000000000000E+00
  0.000000000000E+00  0.100000000000E+01  0.000000000000E+00
  0.000000000000E+00  0.000000000000E+00  0.100000000000E+01
  0.000000000000E+00  0.000000000000E+00  0.000000000000E+00
   15
    6      3.616827197987      5.112437198200      2.367543201851
    6      2.215246705689     -0.477907214294      2.245158607771
    6      3.923852333690      0.649555362267      3.450872043669
    6      4.670832286360      2.749674178069      2.621725246416
    6      4.211265634906     -4.036202947965      2.162872971552
    6      4.690220343716     -1.450125604214      2.349156494946
    6      6.106194817251      0.661807060912      2.398615068454
    6      0.878530687574     -0.195584234431      2.195036451661
    6      3.334580194555      0.549074573298      4.627422665589
    6      4.087335900657      3.835850369216      2.507166242559
    6      3.490665235270     -0.585525181577      2.598927103553
    6      4.977989420750      1.427630669709      2.784557766857
    6      3.783917735995     -5.348093105575      2.160303012193
    6      4.494900779943     -2.819740204732      2.221377204483
    6      5.976882189131     -0.785221517537      2.391936918444
    1    1
