   3   1   1 E -5.7066272222711E+02 DE 2.3E-10( 13)
  0.370158621205E+01 -0.641133538787E+01  0.000000000000E+00
  0.370158621205E+01  0.641133538787E+01  0.000000000000E+00
  0.000000000000E+00  0.000000000000E+00  0.868503800000E+01
    1
  0.100000000000E+01  0.000000000000E+00  0.000000000000E+00
  0.000000000000E+00  0.100000000000E+01  0.000000000000E+00
  0.000000000000E+00  0.000000000000E+00  0.100000000000E+01
  0.000000000000E+00  0.000000000000E+00  0.000000000000E+00
   15
    6      3.602845369576      5.076881968904      2.375840959793
    6      2.203622932207     -0.508834425572      2.228663428179
    6      3.859764925715      0.569893928149      3.422169008551
    6      4.634043048366      2.709378598627      2.651349902824
    6      4.198823856820     -4.069054412574      2.168727226960
    6      4.678457085906     -1.479989156987      2.320964888725
    6      6.092764540997      0.627710879876      2.427035943887
    6      0.866707186377     -0.231851218150      2.206950620978
    6      3.631235916967      1.082559114981      4.617279368908
    6      4.050218869998      3.796038351051      2.503878314791
    6      3.474434865186     -0.619422545618      2.590481694374
    6      4.951799347919      1.385099794172      2.795903136459
    6      3.768665604380     -5.383446105389      2.182682090396
    6      4.484751869684     -2.852539582719      2.199886362803
    6      5.961106043377     -0.814795787403      2.390858052372
    1    1
