   3   1   1 E -5.7067446389723E+02 DE-2.0E-10( 14)
  0.370158621205E+01 -0.641133538787E+01  0.000000000000E+00
  0.370158621205E+01  0.641133538787E+01  0.000000000000E+00
  0.000000000000E+00  0.000000000000E+00  0.868503800000E+01
    1
  0.100000000000E+01  0.000000000000E+00  0.000000000000E+00
  0.000000000000E+00  0.100000000000E+01  0.000000000000E+00
  0.000000000000E+00  0.000000000000E+00  0.100000000000E+01
  0.000000000000E+00  0.000000000000E+00  0.000000000000E+00
   15
    6      3.546402382415      5.168810519473      2.295495269005
    6      2.180295075212     -0.433683092918      2.245037373698
    6      4.103944977148      0.907008464164      3.680985873631
    6      4.675497107154      2.869234542552      2.559291502992
    6      4.212077708610     -4.019668535661      2.164661287353
    6      4.657515291291     -1.455704357823      2.417822617403
    6      6.097085203008      0.729994192352      2.458701583045
    6      0.849136399613     -0.177191109815      2.143312771173
    6      3.566478566075     -0.153029127826      4.198474156918
    6      3.981928781316      3.880543097662      2.400062104539
    6      3.330852165205     -0.774360224939      2.810147488472
    6      5.025530529011      1.577190237340      2.901709531252
    6      3.772709698343     -5.315224889907      2.166133510932
    6      4.540647343845     -2.809821933769      2.227323033567
    6      5.919140235226     -0.706468379538      2.413512896020
    1    1
