   3   1   1 E -5.7067794630048E+02 DE-5.5E-09(  9)
  0.370158621205E+01 -0.641133538787E+01  0.000000000000E+00
  0.370158621205E+01  0.641133538787E+01  0.000000000000E+00
  0.000000000000E+00  0.000000000000E+00  0.868503800000E+01
    1
  0.100000000000E+01  0.000000000000E+00  0.000000000000E+00
  0.000000000000E+00  0.100000000000E+01  0.000000000000E+00
  0.000000000000E+00  0.000000000000E+00  0.100000000000E+01
  0.000000000000E+00  0.000000000000E+00  0.000000000000E+00
   15
    6      3.514628214146      5.148969999681      2.282885936902
    6      2.145577384849     -0.504867689181      2.191768530706
    6      4.178417313776      0.930968900235      3.776729353055
    6      4.711824918797      2.897409429989      2.649043779340
    6      4.252150771596     -4.034691963405      2.151021864004
    6      4.638194570476     -1.450844044134      2.384268250027
    6      6.113587338307      0.742163899256      2.478173270425
    6      0.827924414484     -0.207082303827      2.114907965205
    6      3.494703728513     -0.077365150079      4.068021231416
    6      3.971911052507      3.870670389387      2.448266328759
    6      3.303913576978     -0.794896037187      2.762078666254
    6      5.088426706029      1.613165271241      2.994026043247
    6      3.784938380802     -5.327435011140      2.162392210290
    6      4.534211451738     -2.814742630641      2.211929578509
    6      5.898831640473     -0.703793658847      2.407157991862
    1    1
