   3   1   1 E -5.7067831754504E+02 DE-2.3E-09(  6)
  0.370158621205E+01 -0.641133538787E+01  0.000000000000E+00
  0.370158621205E+01  0.641133538787E+01  0.000000000000E+00
  0.000000000000E+00  0.000000000000E+00  0.868503800000E+01
    1
  0.100000000000E+01  0.000000000000E+00  0.000000000000E+00
  0.000000000000E+00  0.100000000000E+01  0.000000000000E+00
  0.000000000000E+00  0.000000000000E+00  0.100000000000E+01
  0.000000000000E+00  0.000000000000E+00  0.000000000000E+00
   15
    6      3.518609416723      5.149804640643      2.281015872404
    6      2.147217866479     -0.497705432818      2.180334378143
    6      4.174462664711      0.930951734199      3.790646699427
    6      4.708045342308      2.893400972769      2.654250160708
    6      4.247662855361     -4.033463929620      2.154405108864
    6      4.641145457700     -1.452074013754      2.381627289613
    6      6.111844599399      0.741199337689      2.482777092249
    6      0.828312924566     -0.203654890691      2.111591192525
    6      3.494321286466     -0.083868799482      4.058459333774
    6      3.976134529602      3.871794847031      2.447632043574
    6      3.303755341363     -0.794841682908      2.753685635716
    6      5.087830469813      1.612203032972      3.003508042654
    6      3.781744990151     -5.325670402477      2.164503361206
    6      4.537413418555     -2.815518697104      2.210950221887
    6      5.900740300278     -0.704927315103      2.407284567255
    1    1
