   3   1   1 E -5.7066293399945E+02 DE-1.2E-10( 14)
  0.370158621205E+01 -0.641133538787E+01  0.000000000000E+00
  0.370158621205E+01  0.641133538787E+01  0.000000000000E+00
  0.000000000000E+00  0.000000000000E+00  0.868503800000E+01
    1
  0.100000000000E+01  0.000000000000E+00  0.000000000000E+00
  0.000000000000E+00  0.100000000000E+01  0.000000000000E+00
  0.000000000000E+00  0.000000000000E+00  0.100000000000E+01
  0.000000000000E+00  0.000000000000E+00  0.000000000000E+00
   15
    6      3.611295867871      5.079457107967      2.374598205909
    6      2.213393898601     -0.501376381605      2.222465249456
    6      3.860835766464      0.588070215714      3.413827343279
    6      4.641395660856      2.711770334071      2.650463415629
    6      4.206383437767     -4.067088922278      2.172322181044
    6      4.688064468977     -1.479206864345      2.326664317046
    6      6.098852909061      0.629105390885      2.429183521135
    6      0.875271341738     -0.227397442139      2.204644960471
    6      3.520579951909      1.039569997879      4.613048457073
    6      4.059156160461      3.796745831212      2.504659374744
    6      3.483718811448     -0.623709124809      2.586028463323
    6      4.959023412645      1.388040717987      2.796600761913
    6      3.777608042159     -5.381595519935      2.182046930410
    6      4.493879219640     -2.851696247413      2.210678250229
    6      5.969782513876     -0.813059691842      2.395439568340
    1    1
