   3   1   1 E -5.7067799737243E+02 DE-6.1E-10(  9)
  0.370158621205E+01 -0.641133538787E+01  0.000000000000E+00
  0.370158621205E+01  0.641133538787E+01  0.000000000000E+00
  0.000000000000E+00  0.000000000000E+00  0.868503800000E+01
    1
  0.100000000000E+01  0.000000000000E+00  0.000000000000E+00
  0.000000000000E+00  0.100000000000E+01  0.000000000000E+00
  0.000000000000E+00  0.000000000000E+00  0.100000000000E+01
  0.000000000000E+00  0.000000000000E+00  0.000000000000E+00
   15
    6      3.518612475412      5.149913357752      2.280345922103
    6      2.147409654706     -0.498615886259      2.183072622010
    6      4.177031676178      0.929356867148      3.789855310374
    6      4.705424405385      2.891321426912      2.650704906670
    6      4.247742261326     -4.032984913629      2.153775588479
    6      4.640648714376     -1.451681762940      2.383161061050
    6      6.112554069967      0.741309347257      2.480718104537
    6      0.828966602648     -0.203878527352      2.111666917761
    6      3.492564792360     -0.080784969281      4.065550851159
    6      3.975197424413      3.870993134220      2.444279927530
    6      3.303600711534     -0.794149779221      2.756955448850
    6      5.088766963713      1.611762679092      3.001426420171
    6      3.782727680133     -5.325610801243      2.163212612675
    6      4.537081410666     -2.814909330930      2.211333915573
    6      5.900912620656     -0.704411440175      2.406611391058
    1    1
