   3   1   1 E -5.7066254134871E+02 DE 2.1E-10( 13)
  0.370158621205E+01 -0.641133538787E+01  0.000000000000E+00
  0.370158621205E+01  0.641133538787E+01  0.000000000000E+00
  0.000000000000E+00  0.000000000000E+00  0.868503800000E+01
    1
  0.100000000000E+01  0.000000000000E+00  0.000000000000E+00
  0.000000000000E+00  0.100000000000E+01  0.000000000000E+00
  0.000000000000E+00  0.000000000000E+00  0.100000000000E+01
  0.000000000000E+00  0.000000000000E+00  0.000000000000E+00
   15
    6      3.597366555559      5.076523042500      2.384764048894
    6      2.197378683282     -0.508309019105      2.236918067172
    6      3.873443616473      0.559161228548      3.433355791836
    6      4.626348317436      2.707644707091      2.652351241707
    6      4.186566530103     -4.067665932217      2.151885444024
    6      4.675035147997     -1.483900394005      2.318757852833
    6      6.087353127877      0.626326685730      2.413165236684
    6      0.860460819318     -0.232100665226      2.213014872900
    6      3.693476308378      1.097825055089      4.622050688576
    6      4.044189442278      3.794388383360      2.517606410906
    6      3.471788541095     -0.614623159564      2.593991107988
    6      4.944947013618      1.384209061286      2.793449143042
    6      3.762204926111     -5.382939374356      2.167627704480
    6      4.481712294612     -2.852597122907      2.194079780307
    6      5.956970139335     -0.816313094875      2.389653608650
    1    1
