   3   1   1 E -5.7056271147360E+02 DE-1.9E-10( 12)
  0.370158621205E+01 -0.641133538787E+01  0.000000000000E+00
  0.370158621205E+01  0.641133538787E+01  0.000000000000E+00
  0.000000000000E+00  0.000000000000E+00  0.868503800000E+01
    1
  0.100000000000E+01  0.000000000000E+00  0.000000000000E+00
  0.000000000000E+00  0.100000000000E+01  0.000000000000E+00
  0.000000000000E+00  0.000000000000E+00  0.100000000000E+01
  0.000000000000E+00  0.000000000000E+00  0.000000000000E+00
   15
    6      3.648919261673      5.017245503454      2.637811686694
    6      2.428186240595     -1.186955120083      2.473285759287
    6      3.669755085214      0.730626727274      2.753889593879
    6      4.709453286913      2.764877502157      2.473608900775
    6      4.041163804355     -3.757721040191      2.419938695447
    6      4.921429919704     -1.412779930516      2.561200894176
    6      6.151798956927      0.718732647192      2.559575046927
    6      1.221987308227     -0.839383210510      2.553495737140
    6      2.561930536764      1.369497938661      3.321959598894
    6      3.805751149001      3.636010556609      2.554023044115
    6      3.696830051826     -0.690281297801      2.576014921827
    6      4.913759081811      1.417893799037      2.575509710519
    6      3.637835923078     -4.994013137672      2.502909060912
    6      4.910254144186     -2.790718616295      2.500220361748
    6      6.140186713200     -0.695402919970      2.619227987659
    1    1
