   3   1   1 E -5.7067773528930E+02 DE 1.6E-12( 12)
  0.370158621205E+01 -0.641133538787E+01  0.000000000000E+00
  0.370158621205E+01  0.641133538787E+01  0.000000000000E+00
  0.000000000000E+00  0.000000000000E+00  0.868503800000E+01
    1
  0.100000000000E+01  0.000000000000E+00  0.000000000000E+00
  0.000000000000E+00  0.100000000000E+01  0.000000000000E+00
  0.000000000000E+00  0.000000000000E+00  0.100000000000E+01
  0.000000000000E+00  0.000000000000E+00  0.000000000000E+00
   15
    6      3.518608963906      5.151410558854      2.281265634954
    6      2.149645197150     -0.499273145975      2.203549750086
    6      4.165430671817      0.937809560298      3.756847208149
    6      4.714733670158      2.896071465040      2.620101379424
    6      4.250301555739     -4.036493538082      2.162938033080
    6      4.640042570600     -1.453482909143      2.397427667039
    6      6.112875072868      0.738580861057      2.474414295507
    6      0.830718201048     -0.204997967531      2.118466136270
    6      3.499132214238     -0.067850531323      4.093769637867
    6      3.971729375968      3.870003792821      2.431296835624
    6      3.303051034991     -0.805116967600      2.780204305700
    6      5.081169672463      1.610869483294      2.969625691944
    6      3.786157731631     -5.328047532819      2.164122931883
    6      4.534577155769     -2.816566065553      2.219185419782
    6      5.901068375128     -0.705287661990      2.409456072690
    1    1
