   3   1   1 E -5.7059993111525E+02 DE-2.6E-10( 12)
  0.370158621205E+01 -0.641133538787E+01  0.000000000000E+00
  0.370158621205E+01  0.641133538787E+01  0.000000000000E+00
  0.000000000000E+00  0.000000000000E+00  0.868503800000E+01
    1
  0.100000000000E+01  0.000000000000E+00  0.000000000000E+00
  0.000000000000E+00  0.100000000000E+01  0.000000000000E+00
  0.000000000000E+00  0.000000000000E+00  0.100000000000E+01
  0.000000000000E+00  0.000000000000E+00  0.000000000000E+00
   15
    6      3.574612940067      5.065961390295      2.303749875941
    6      2.335533156201     -0.848271092159      2.396104296099
    6      3.880390603932      0.606157080242      3.461109082648
    6      4.384102537578      2.678060849980      2.409364899528
    6      4.256435853056     -3.887190503644      2.229747577879
    6      4.852521466388     -1.408594031200      2.416990062712
    6      6.113305171795      0.773048819725      2.438744301220
    6      1.086573500354     -0.652315415448      2.266897687357
    6      3.221816793097      0.977527982464      4.549679422082
    6      3.592689182464      3.668510800704      2.276096336519
    6      3.628835554350     -0.676363468578      2.718793071256
    6      4.871905333121      1.465467732153      2.735752013302
    6      3.658920902557     -5.035199497995      2.244661180115
    6      4.946184022843     -2.790876030391      2.228313098114
    6      6.055414445669     -0.648295214800      2.406668095229
    1    1
