   3   1   1 E -5.7067746886359E+02 DE 1.6E-09( 10)
  0.370158621205E+01 -0.641133538787E+01  0.000000000000E+00
  0.370158621205E+01  0.641133538787E+01  0.000000000000E+00
  0.000000000000E+00  0.000000000000E+00  0.868503800000E+01
    1
  0.100000000000E+01  0.000000000000E+00  0.000000000000E+00
  0.000000000000E+00  0.100000000000E+01  0.000000000000E+00
  0.000000000000E+00  0.000000000000E+00  0.100000000000E+01
  0.000000000000E+00  0.000000000000E+00  0.000000000000E+00
   15
    6      3.529610436713      5.154912124497      2.290618985758
    6      2.157020901363     -0.492982311678      2.203636971195
    6      4.143725152228      0.937023663144      3.729791547185
    6      4.716778733924      2.890843973829      2.603145405502
    6      4.251667974452     -4.036346285633      2.169680600726
    6      4.645938707112     -1.456513528876      2.410147350830
    6      6.111613611406      0.734671063437      2.468788204743
    6      0.838326631847     -0.199805720478      2.127518959197
    6      3.471235521341     -0.060096232939      4.092665022693
    6      3.980873645172      3.872501863449      2.431362776007
    6      3.306871206937     -0.808441072793      2.786832008969
    6      5.072193068453      1.603868295824      2.946437882569
    6      3.787707874829     -5.327059731589      2.171422807424
    6      4.538390209310     -2.817478422050      2.235400685885
    6      5.907287788387     -0.707468276797      2.415221791318
    1    1
