   3   1   1 E -5.7067574011095E+02 DE-8.6E-11( 11)
  0.370158621205E+01 -0.641133538787E+01  0.000000000000E+00
  0.370158621205E+01  0.641133538787E+01  0.000000000000E+00
  0.000000000000E+00  0.000000000000E+00  0.868503800000E+01
    1
  0.100000000000E+01  0.000000000000E+00  0.000000000000E+00
  0.000000000000E+00  0.100000000000E+01  0.000000000000E+00
  0.000000000000E+00  0.000000000000E+00  0.100000000000E+01
  0.000000000000E+00  0.000000000000E+00  0.000000000000E+00
   15
    6      3.546304657181      5.164287840328      2.293703460496
    6      2.179801665919     -0.444810894654      2.226710109521
    6      4.113164376753      0.924691725528      3.691142014034
    6      4.679557165689      2.868451883854      2.566213908982
    6      4.219939358916     -4.026741790971      2.171632310193
    6      4.658867609401     -1.462941234477      2.427281013740
    6      6.102407211226      0.727891438178      2.466955042998
    6      0.844233659227     -0.185312287305      2.138965034855
    6      3.505353322855     -0.096780500853      4.164604469900
    6      3.985199909025      3.875212205750      2.393786853938
    6      3.329129761522     -0.789965545930      2.792584130983
    6      5.044213023762      1.586577814737      2.922801153764
    6      3.774655006810     -5.321621326175      2.170067145412
    6      4.557751147515     -2.820410055880      2.235308408596
    6      5.918663587672     -0.710899870782      2.420915942587
    1    1
