   3   1   1 E -5.7067330815366E+02 DE 4.7E-10( 12)
  0.370158621205E+01 -0.641133538787E+01  0.000000000000E+00
  0.370158621205E+01  0.641133538787E+01  0.000000000000E+00
  0.000000000000E+00  0.000000000000E+00  0.868503800000E+01
    1
  0.100000000000E+01  0.000000000000E+00  0.000000000000E+00
  0.000000000000E+00  0.100000000000E+01  0.000000000000E+00
  0.000000000000E+00  0.000000000000E+00  0.100000000000E+01
  0.000000000000E+00  0.000000000000E+00  0.000000000000E+00
   15
    6      3.569785831736      5.164400835237      2.319985798724
    6      2.189662917710     -0.432833885286      2.254299865134
    6      4.045644069853      0.839428107472      3.593550982310
    6      4.691509852093      2.852921124310      2.574218533151
    6      4.216469344739     -4.012593314389      2.172268203302
    6      4.664520963339     -1.442550250667      2.409907476532
    6      6.098024382789      0.719277436940      2.427470346129
    6      0.866790323753     -0.166020825040      2.164405020512
    6      3.510150160559     -0.118201016659      4.261545839995
    6      4.017942540250      3.885378793663      2.453470297291
    6      3.369826109090     -0.712480257401      2.816339405045
    6      4.992812596321      1.534994250655      2.825488538004
    6      3.778010323563     -5.310403945798      2.167453432498
    6      4.511507362093     -2.795569952906      2.237989079563
    6      5.936584685585     -0.718117698783      2.404278181809
    1    1
