   3   1   1 E -5.7066821235433E+02 DE 1.8E-10( 15)
  0.370158621205E+01 -0.641133538787E+01  0.000000000000E+00
  0.370158621205E+01  0.641133538787E+01  0.000000000000E+00
  0.000000000000E+00  0.000000000000E+00  0.868503800000E+01
    1
  0.100000000000E+01  0.000000000000E+00  0.000000000000E+00
  0.000000000000E+00  0.100000000000E+01  0.000000000000E+00
  0.000000000000E+00  0.000000000000E+00  0.100000000000E+01
  0.000000000000E+00  0.000000000000E+00  0.000000000000E+00
   15
    6      3.622862748187      5.148415522084      2.375066230414
    6      2.218306342623     -0.429812204672      2.268787201137
    6      3.956834446517      0.693375826554      3.473686151877
    6      4.667042978454      2.782260866692      2.610257601469
    6      4.204403759771     -4.012608307452      2.162463211025
    6      4.702264470073     -1.443445288778      2.371254536215
    6      6.101771067628      0.685733988779      2.407563707143
    6      0.880775545338     -0.167534292659      2.198091585836
    6      3.291946494659      0.151648445047      4.470661679504
    6      4.071846714106      3.863150380435      2.502594643018
    6      3.485844347936     -0.576079705649      2.641865607949
    6      4.988328695963      1.466574228679      2.805669616268
    6      3.783064844580     -5.322545546723      2.166048051692
    6      4.504097444272     -2.797549802037      2.221033182267
    6      5.979851563366     -0.753954708952      2.407627994187
    1    1
