   3   1   1 E -5.7066229463256E+02 DE 3.5E-10( 12)
  0.370158621205E+01 -0.641133538787E+01  0.000000000000E+00
  0.370158621205E+01  0.641133538787E+01  0.000000000000E+00
  0.000000000000E+00  0.000000000000E+00  0.868503800000E+01
    1
  0.100000000000E+01  0.000000000000E+00  0.000000000000E+00
  0.000000000000E+00  0.100000000000E+01  0.000000000000E+00
  0.000000000000E+00  0.000000000000E+00  0.100000000000E+01
  0.000000000000E+00  0.000000000000E+00  0.000000000000E+00
   15
    6      3.587349760503      5.073865100721      2.384104279424
    6      2.189924087548     -0.511784054774      2.235692938488
    6      3.871664814082      0.560446804134      3.429705857990
    6      4.633894134827      2.713250752303      2.657088874602
    6      4.201623727518     -4.070001336035      2.153521924992
    6      4.665234356012     -1.476925868712      2.307956293761
    6      6.089644614111      0.629060844841      2.419646645418
    6      0.856335502480     -0.241622959244      2.212653470596
    6      3.743989035079      1.075268971518      4.636024577376
    6      4.022192796239      3.786342220084      2.520567093316
    6      3.468598879516     -0.599923247230      2.581735664396
    6      4.953612747557      1.390778497961      2.802770780562
    6      3.765006525568     -5.382430440616      2.168722902254
    6      4.459479121769     -2.845196320509      2.187152453603
    6      5.950691360666     -0.813499563094      2.385327243221
    1    1
