   3   1   1 E -5.7066347315138E+02 DE-6.3E-11( 14)
  0.370158621205E+01 -0.641133538787E+01  0.000000000000E+00
  0.370158621205E+01  0.641133538787E+01  0.000000000000E+00
  0.000000000000E+00  0.000000000000E+00  0.868503800000E+01
    1
  0.100000000000E+01  0.000000000000E+00  0.000000000000E+00
  0.000000000000E+00  0.100000000000E+01  0.000000000000E+00
  0.000000000000E+00  0.000000000000E+00  0.100000000000E+01
  0.000000000000E+00  0.000000000000E+00  0.000000000000E+00
   15
    6      3.611596242137      5.086253588614      2.381523946402
    6      2.217387376898     -0.487247066823      2.230481252044
    6      3.892950558720      0.605170879901      3.429183927062
    6      4.653884564655      2.722508558115      2.644473664381
    6      4.206562592040     -4.059479329821      2.152602610347
    6      4.688309991063     -1.475396192134      2.327365742480
    6      6.098845111281      0.635177383138      2.407767591583
    6      0.877828163249     -0.221826088497      2.207871911052
    6      3.462644660789      0.914725528634      4.643777105257
    6      4.057805930544      3.799221818790      2.516412112820
    6      3.490356260267     -0.606256374284      2.583970968518
    6      4.966383759448      1.398217660672      2.792871386458
    6      3.782230330455     -5.375282279905      2.158574984149
    6      4.479522613274     -2.840014268653      2.210518087361
    6      5.972933308652     -0.808144416399      2.395275710085
    1    1
