   3   1   1 E -5.7066205382448E+02 DE-1.5E-10( 13)
  0.370158621205E+01 -0.641133538787E+01  0.000000000000E+00
  0.370158621205E+01  0.641133538787E+01  0.000000000000E+00
  0.000000000000E+00  0.000000000000E+00  0.868503800000E+01
    1
  0.100000000000E+01  0.000000000000E+00  0.000000000000E+00
  0.000000000000E+00  0.100000000000E+01  0.000000000000E+00
  0.000000000000E+00  0.000000000000E+00  0.100000000000E+01
  0.000000000000E+00  0.000000000000E+00  0.000000000000E+00
   15
    6      3.584977210730      5.074436180941      2.380345923652
    6      2.190464932499     -0.515557153530      2.226876115072
    6      3.868813547330      0.561093677518      3.429846670631
    6      4.638420908800      2.717022980426      2.662406732713
    6      4.203679713128     -4.067927105890      2.159162499719
    6      4.662575871844     -1.472934529426      2.300359754822
    6      6.090108477402      0.630960750225      2.428596886343
    6      0.856952083929     -0.243756651374      2.208970296214
    6      3.757464280212      1.057696121014      4.643295902250
    6      4.016500787578      3.785235637879      2.515566127252
    6      3.468856378398     -0.595711939184      2.573249110667
    6      4.956614726025      1.393444383772      2.811617422734
    6      3.765621934945     -5.382557497261      2.175097973810
    6      4.449309402617     -2.842733486833      2.182931501094
    6      5.948881208036     -0.811081966929      2.384348083028
    1    1
