   3   1   1 E -5.7067703576223E+02 DE-2.4E-10( 14)
  0.370158621205E+01 -0.641133538787E+01  0.000000000000E+00
  0.370158621205E+01  0.641133538787E+01  0.000000000000E+00
  0.000000000000E+00  0.000000000000E+00  0.868503800000E+01
    1
  0.100000000000E+01  0.000000000000E+00  0.000000000000E+00
  0.000000000000E+00  0.100000000000E+01  0.000000000000E+00
  0.000000000000E+00  0.000000000000E+00  0.100000000000E+01
  0.000000000000E+00  0.000000000000E+00  0.000000000000E+00
   15
    6      3.529848790840      5.155137342108      2.289042526272
    6      2.158462863551     -0.498311006126      2.207112750554
    6      4.143056926447      0.955576975179      3.729393922904
    6      4.718324664163      2.892026972624      2.594367219606
    6      4.251766925720     -4.036456899641      2.176169314517
    6      4.646539030273     -1.461077498902      2.414396717430
    6      6.114824709380      0.733911243465      2.470262559346
    6      0.837842917297     -0.204134292429      2.134630355070
    6      3.459114423738     -0.049597497829      4.074636731929
    6      3.974960776064      3.869981841291      2.418285637136
    6      3.297849782638     -0.823854585872      2.782785284718
    6      5.079576132472      1.610175275100      2.948291792084
    6      3.791401836578     -5.327433671377      2.182063452308
    6      4.548439316682     -2.821100771646      2.245937009800
    6      5.907232367629     -0.707214024598      2.415295726326
    1    1
