   3   1   1 E -5.7064921066338E+02 DE-2.0E-10( 12)
  0.370158621205E+01 -0.641133538787E+01  0.000000000000E+00
  0.370158621205E+01  0.641133538787E+01  0.000000000000E+00
  0.000000000000E+00  0.000000000000E+00  0.868503800000E+01
    1
  0.100000000000E+01  0.000000000000E+00  0.000000000000E+00
  0.000000000000E+00  0.100000000000E+01  0.000000000000E+00
  0.000000000000E+00  0.000000000000E+00  0.100000000000E+01
  0.000000000000E+00  0.000000000000E+00  0.000000000000E+00
   15
    6      3.552862238197      5.089715289462      2.334217430577
    6      2.203192691921     -0.598436671318      2.323545933017
    6      3.907286707351      0.640608897866      3.419470525966
    6      4.579863283017      2.729799471606      2.577440713016
    6      4.222738799032     -4.045254013030      2.149134025515
    6      4.669058689870     -1.442123291101      2.290614853649
    6      6.106424256311      0.657508917808      2.484486830653
    6      0.883675520031     -0.303301476859      2.246910226156
    6      3.736484253346      0.890583036791      4.689741712031
    6      3.923648561541      3.782460935800      2.396655068012
    6      3.483920576284     -0.596197418100      2.665619002256
    6      4.968461298644      1.451182859255      2.825039094511
    6      3.757836716514     -5.357704467266      2.116605723003
    6      4.521076626912     -2.835441499305      2.161641072643
    6      5.942711244502     -0.775771170260      2.401548788994
    1    1
