   3   1   1 E -5.7066490992543E+02 DE-6.8E-11( 13)
  0.370158621205E+01 -0.641133538787E+01  0.000000000000E+00
  0.370158621205E+01  0.641133538787E+01  0.000000000000E+00
  0.000000000000E+00  0.000000000000E+00  0.868503800000E+01
    1
  0.100000000000E+01  0.000000000000E+00  0.000000000000E+00
  0.000000000000E+00  0.100000000000E+01  0.000000000000E+00
  0.000000000000E+00  0.000000000000E+00  0.100000000000E+01
  0.000000000000E+00  0.000000000000E+00  0.000000000000E+00
   15
    6      3.610907440456      5.107462806871      2.362896728448
    6      2.211657977541     -0.483505830293      2.244962322172
    6      3.925804022109      0.634588625562      3.448010471839
    6      4.679910886480      2.748671758315      2.631781042997
    6      4.213067928316     -4.042194273326      2.161832356723
    6      4.681750159460     -1.453219716143      2.338883452626
    6      6.102771854204      0.656108781583      2.392379830866
    6      0.873560099234     -0.200698222106      2.190452544255
    6      3.380369573573      0.627503283377      4.662005004667
    6      4.083648890917      3.828595108288      2.511367063990
    6      3.486434826233     -0.584251699946      2.595538702229
    6      4.976270350481      1.420188943111      2.782559449978
    6      3.781751196409     -5.356139608010      2.160370641737
    6      4.479196661575     -2.823300320812      2.218801596068
    6      5.972139596485     -0.792180235123      2.380829791406
    1    1
