   3   1   1 E -5.7059099651889E+02 DE 5.8E-10( 12)
  0.370158621205E+01 -0.641133538787E+01  0.000000000000E+00
  0.370158621205E+01  0.641133538787E+01  0.000000000000E+00
  0.000000000000E+00  0.000000000000E+00  0.868503800000E+01
    1
  0.100000000000E+01  0.000000000000E+00  0.000000000000E+00
  0.000000000000E+00  0.100000000000E+01  0.000000000000E+00
  0.000000000000E+00  0.000000000000E+00  0.100000000000E+01
  0.000000000000E+00  0.000000000000E+00  0.000000000000E+00
   15
    6      3.578922934738      5.063027033089      2.360313396643
    6      2.326488466343     -0.918591720852      2.407939773169
    6      3.841415886649      0.632441818295      3.337821167024
    6      4.435381169580      2.716503321750      2.355023853592
    6      4.328843933369     -3.929246070652      2.280102098750
    6      4.862692631077     -1.435073752020      2.445633761909
    6      6.135862436126      0.778613143014      2.454410574442
    6      1.086583318254     -0.638803812000      2.311235471355
    6      2.994558902878      1.118928581549      4.264755089222
    6      3.573762567441      3.661931887220      2.389270938441
    6      3.637721267855     -0.704609334037      2.750821047229
    6      4.901745908510      1.472149109863      2.671511010676
    6      3.698664740300     -5.056066710718      2.359782916358
    6      4.990987819025     -2.820795158776      2.250401119288
    6      6.065609481327     -0.652778934379      2.443648781901
    1    1
