   3   1   1 E -5.7067799931996E+02 DE 3.9E-10(  8)
  0.370158621205E+01 -0.641133538787E+01  0.000000000000E+00
  0.370158621205E+01  0.641133538787E+01  0.000000000000E+00
  0.000000000000E+00  0.000000000000E+00  0.868503800000E+01
    1
  0.100000000000E+01  0.000000000000E+00  0.000000000000E+00
  0.000000000000E+00  0.100000000000E+01  0.000000000000E+00
  0.000000000000E+00  0.000000000000E+00  0.100000000000E+01
  0.000000000000E+00  0.000000000000E+00  0.000000000000E+00
   15
    6      3.518658258618      5.149954863368      2.280795039975
    6      2.147310531412     -0.498776883689      2.182413348371
    6      4.176369717906      0.929999844836      3.789951154074
    6      4.706032076967      2.891793267670      2.651153574532
    6      4.247973825420     -4.033267109340      2.153853924937
    6      4.640861373104     -1.451948136501      2.382544368001
    6      6.112343656562      0.741272478175      2.481343891320
    6      0.828745614618     -0.203778238272      2.111784628949
    6      3.492800849122     -0.080918632973      4.063920618058
    6      3.975383323684      3.871227616797      2.445428748104
    6      3.303707598856     -0.794529662311      2.755974205934
    6      5.088404989630      1.611979837802      3.001900039046
    6      3.782484279239     -5.325627679736      2.163851568845
    6      4.537213656179     -2.815152244951      2.211091231548
    6      5.900951712156     -0.704599919527      2.406664658304
    1    1
