   3   1   1 E -5.7058270203823E+02 DE 1.4E-10( 16)
  0.370158621205E+01 -0.641133538787E+01  0.000000000000E+00
  0.370158621205E+01  0.641133538787E+01  0.000000000000E+00
  0.000000000000E+00  0.000000000000E+00  0.868503800000E+01
    1
  0.100000000000E+01  0.000000000000E+00  0.000000000000E+00
  0.000000000000E+00  0.100000000000E+01  0.000000000000E+00
  0.000000000000E+00  0.000000000000E+00  0.100000000000E+01
  0.000000000000E+00  0.000000000000E+00  0.000000000000E+00
   15
    6      3.572579316370      5.053090101501      2.343891349439
    6      2.338829666767     -0.916415344046      2.475349607671
    6      3.840062909539      0.631173917221      3.366408142032
    6      4.421738642277      2.736404782110      2.321186796830
    6      4.337956303971     -3.932055474583      2.246179209010
    6      4.864691860366     -1.434010056732      2.483597365494
    6      6.142016314460      0.783470410249      2.433951802586
    6      1.078600127706     -0.639961580488      2.274228384778
    6      2.989435397543      1.117667939500      4.273833731705
    6      3.555875711724      3.647205805399      2.426729182832
    6      3.637637562383     -0.701408436814      2.765927094714
    6      4.904657030579      1.480295981293      2.709607006180
    6      3.707125281069     -5.056748654208      2.331982246086
    6      5.000599739397     -2.828982612707      2.191538427271
    6      6.067435599323     -0.652097376347      2.438260653371
    1    1
