   3   1   1 E -5.7062087189542E+02 DE-1.5E-10( 16)
  0.370158621205E+01 -0.641133538787E+01  0.000000000000E+00
  0.370158621205E+01  0.641133538787E+01  0.000000000000E+00
  0.000000000000E+00  0.000000000000E+00  0.868503800000E+01
    1
  0.100000000000E+01  0.000000000000E+00  0.000000000000E+00
  0.000000000000E+00  0.100000000000E+01  0.000000000000E+00
  0.000000000000E+00  0.000000000000E+00  0.100000000000E+01
  0.000000000000E+00  0.000000000000E+00  0.000000000000E+00
   15
    6      3.542461380622      5.087203242585      2.300266689249
    6      2.255373799916     -0.732882099368      2.392834621724
    6      3.908256649400      0.606323920607      3.472913817303
    6      4.445387543662      2.706765049158      2.485759267065
    6      4.237924539233     -3.944901306002      2.172078790840
    6      4.765707007000     -1.427505198427      2.361059793149
    6      6.108803643168      0.750653902040      2.407508261061
    6      0.956236879367     -0.431161903438      2.241230028470
    6      3.590371032581      0.840488113504      4.739154319168
    6      3.707143693361      3.711704716271      2.323196522774
    6      3.553404531598     -0.652725005490      2.684088284491
    6      4.906100473290      1.471965632621      2.752134652474
    6      3.722095759686     -5.208559257388      2.177551824878
    6      4.769272019411     -2.804279090797      2.200660379152
    6      5.990702511179     -0.685461314527      2.372233748202
    1    1
