   3   1   1 E -5.7067832000240E+02 DE-4.9E-10(  9)
  0.370158621205E+01 -0.641133538787E+01  0.000000000000E+00
  0.370158621205E+01  0.641133538787E+01  0.000000000000E+00
  0.000000000000E+00  0.000000000000E+00  0.868503800000E+01
    1
  0.100000000000E+01  0.000000000000E+00  0.000000000000E+00
  0.000000000000E+00  0.100000000000E+01  0.000000000000E+00
  0.000000000000E+00  0.000000000000E+00  0.100000000000E+01
  0.000000000000E+00  0.000000000000E+00  0.000000000000E+00
   15
    6      3.517996394664      5.149500386166      2.280400180687
    6      2.146665486004     -0.497742648472      2.177832454393
    6      4.175873442463      0.932467094649      3.795465502778
    6      4.708712299175      2.893859314539      2.655968823276
    6      4.246842790009     -4.033554649009      2.153430964269
    6      4.641172706155     -1.452462847771      2.380292428179
    6      6.111555283548      0.741346007136      2.484242040562
    6      0.827621829838     -0.203793956768      2.110896660234
    6      3.495710143487     -0.083897507608      4.054528264946
    6      3.976015754631      3.871658278875      2.448238037273
    6      3.302617945643     -0.795925385649      2.752108986936
    6      5.088821344419      1.613144974246      3.006759184131
    6      3.780827342884     -5.325759060400      2.163643092374
    6      4.538528008237     -2.816177223897      2.210832261414
    6      5.900280692315     -0.705033374687      2.408032118548
    1    1
