   3   1   1 E -5.7057654539262E+02 DE-6.9E-09( 10)
  0.370158621205E+01 -0.641133538787E+01  0.000000000000E+00
  0.370158621205E+01  0.641133538787E+01  0.000000000000E+00
  0.000000000000E+00  0.000000000000E+00  0.868503800000E+01
    1
  0.100000000000E+01  0.000000000000E+00  0.000000000000E+00
  0.000000000000E+00  0.100000000000E+01  0.000000000000E+00
  0.000000000000E+00  0.000000000000E+00  0.100000000000E+01
  0.000000000000E+00  0.000000000000E+00  0.000000000000E+00
   15
    6      3.610864771812      5.039410431273      2.541902615185
    6      2.387709267235     -1.101326973720      2.430074309385
    6      3.686475600244      0.721140789343      3.014616709710
    6      4.614757950682      2.757132634995      2.425824842134
    6      4.220285993957     -3.861272548688      2.334516191422
    6      4.898534230906     -1.417071000068      2.537356239002
    6      6.143907473129      0.740601057359      2.544130306931
    6      1.160529004569     -0.778935947381      2.425970417427
    6      2.680857766928      1.300982880879      3.772721932094
    6      3.722765076777      3.659170647068      2.426564307388
    6      3.671590517690     -0.686053824666      2.638854636509
    6      4.897494714141      1.437477701490      2.635293606146
    6      3.681307648697     -5.046485406782      2.410487508763
    6      4.977165513631     -2.802128873799      2.390314198838
    6      6.104995933073     -0.675012165955      2.554043179066
    1    1
