   3   1   1 E -5.7058499836491E+02 DE-7.3E-11( 14)
  0.370158621205E+01 -0.641133538787E+01  0.000000000000E+00
  0.370158621205E+01  0.641133538787E+01  0.000000000000E+00
  0.000000000000E+00  0.000000000000E+00  0.868503800000E+01
    1
  0.100000000000E+01  0.000000000000E+00  0.000000000000E+00
  0.000000000000E+00  0.100000000000E+01  0.000000000000E+00
  0.000000000000E+00  0.000000000000E+00  0.100000000000E+01
  0.000000000000E+00  0.000000000000E+00  0.000000000000E+00
   15
    6      3.601910561335      5.044343462534      2.464236656729
    6      2.378759382573     -1.039621084583      2.416144549448
    6      3.745451218004      0.687373407049      3.134957112101
    6      4.557028997398      2.733173519674      2.427208689554
    6      4.248976130166     -3.877954952086      2.333738010031
    6      4.881171631544     -1.428323446207      2.504001648276
    6      6.145412774111      0.761124278138      2.495072857210
    6      1.136422444740     -0.715459293964      2.412064263904
    6      2.784083216814      1.242450157376      3.881480019968
    6      3.655660580756      3.647914362450      2.407852595051
    6      3.664284901511     -0.696341453239      2.668273195949
    6      4.902782399775      1.448726153003      2.672789256826
    6      3.687280408200     -5.042344965293      2.345181991526
    6      4.976008035517     -2.808678977784      2.362108357688
    6      6.094008781030     -0.668751765718      2.557561795740
    1    1
