   3   1   1 E -5.7064260129887E+02 DE-1.2E-10( 16)
  0.370158621205E+01 -0.641133538787E+01  0.000000000000E+00
  0.370158621205E+01  0.641133538787E+01  0.000000000000E+00
  0.000000000000E+00  0.000000000000E+00  0.868503800000E+01
    1
  0.100000000000E+01  0.000000000000E+00  0.000000000000E+00
  0.000000000000E+00  0.100000000000E+01  0.000000000000E+00
  0.000000000000E+00  0.000000000000E+00  0.100000000000E+01
  0.000000000000E+00  0.000000000000E+00  0.000000000000E+00
   15
    6      3.526184554190      5.091753439807      2.366627298246
    6      2.206940427997     -0.659068760900      2.309988844723
    6      3.907435167470      0.658660088317      3.358619705513
    6      4.519706615306      2.734271697609      2.503549144773
    6      4.293078861788     -4.053231304440      2.196487388116
    6      4.687945631726     -1.414779884719      2.273440527987
    6      6.109797882208      0.695310477814      2.525170815635
    6      0.865948238120     -0.295240594692      2.277901450411
    6      3.711891378916      0.853816213762      4.644038072013
    6      3.830795548777      3.753399142936      2.358999047339
    6      3.484463536941     -0.604020144918      2.632220711929
    6      4.935536956026      1.465203644477      2.783191993718
    6      3.831919800974     -5.385507681198      2.197364077762
    6      4.598249840400     -2.823358277744      2.191269753215
    6      5.949347022633     -0.729578654764      2.463802168621
    1    1
