   3   1   1 E -5.7067831017044E+02 DE-1.4E-10( 15)
  0.370158621205E+01 -0.641133538787E+01  0.000000000000E+00
  0.370158621205E+01  0.641133538787E+01  0.000000000000E+00
  0.000000000000E+00  0.000000000000E+00  0.868503800000E+01
    1
  0.100000000000E+01  0.000000000000E+00  0.000000000000E+00
  0.000000000000E+00  0.100000000000E+01  0.000000000000E+00
  0.000000000000E+00  0.000000000000E+00  0.100000000000E+01
  0.000000000000E+00  0.000000000000E+00  0.000000000000E+00
   15
    6      3.518760818633      5.149971525983      2.281000703963
    6      2.147379797672     -0.498672404079      2.182016949669
    6      4.174945614964      0.931076553481      3.789746953090
    6      4.707090121896      2.892406766635      2.651320434690
    6      4.248024369422     -4.033549840947      2.154050461047
    6      4.641161425184     -1.452170796603      2.382230400467
    6      6.112100316814      0.741101703136      2.482152105050
    6      0.828482187486     -0.203720889832      2.112131835579
    6      3.493139037989     -0.081117005640      4.062683824947
    6      3.975655434122      3.871427773378      2.445891829721
    6      3.304045344372     -0.795008933990      2.755009551193
    6      5.087732467148      1.611973243285      3.001670107392
    6      3.782280582445     -5.325702009387      2.164390855312
    6      4.537476292456     -2.815509220972      2.211082978962
    6      5.900967652870     -0.704877063100      2.407292008917
    1    1
