   3   1   1 E -5.7058929095166E+02 DE-1.5E-10( 15)
  0.370158621205E+01 -0.641133538787E+01  0.000000000000E+00
  0.370158621205E+01  0.641133538787E+01  0.000000000000E+00
  0.000000000000E+00  0.000000000000E+00  0.868503800000E+01
    1
  0.100000000000E+01  0.000000000000E+00  0.000000000000E+00
  0.000000000000E+00  0.100000000000E+01  0.000000000000E+00
  0.000000000000E+00  0.000000000000E+00  0.100000000000E+01
  0.000000000000E+00  0.000000000000E+00  0.000000000000E+00
   15
    6      3.570717556138      5.062556565639      2.332730633483
    6      2.336811450076     -0.956859793079      2.383474661784
    6      3.788434777020      0.661840785252      3.346726785265
    6      4.463839341853      2.729949240708      2.344284632588
    6      4.380327941229     -3.952731926443      2.352504349686
    6      4.865170230113     -1.434836118445      2.471473318408
    6      6.141936694753      0.778991569653      2.469414831525
    6      1.080100766916     -0.656370480973      2.274912671424
    6      2.906301112426      1.169678255978      4.223941148175
    6      3.576307037661      3.667609079956      2.281199037349
    6      3.645021327986     -0.703045887525      2.740827553879
    6      4.898980604812      1.469061632901      2.717479227869
    6      3.714957752106     -5.077782168341      2.376259379968
    6      5.021932947757     -2.816843977557      2.308835727036
    6      6.068401922628     -0.653587376377      2.458607041561
    1    1
