   3   1   1 E -5.7067831458260E+02 DE-3.9E-10(  9)
  0.370158621205E+01 -0.641133538787E+01  0.000000000000E+00
  0.370158621205E+01  0.641133538787E+01  0.000000000000E+00
  0.000000000000E+00  0.000000000000E+00  0.868503800000E+01
    1
  0.100000000000E+01  0.000000000000E+00  0.000000000000E+00
  0.000000000000E+00  0.100000000000E+01  0.000000000000E+00
  0.000000000000E+00  0.000000000000E+00  0.100000000000E+01
  0.000000000000E+00  0.000000000000E+00  0.000000000000E+00
   15
    6      3.518797943918      5.149830681672      2.280883742995
    6      2.147405608389     -0.497859741831      2.181042568770
    6      4.174035713224      0.930525020409      3.789191308724
    6      4.707977047638      2.893364119647      2.653969829699
    6      4.248065084090     -4.033482940305      2.154846194255
    6      4.641105096542     -1.451941983309      2.382437608348
    6      6.111986631586      0.741158609744      2.482382462609
    6      0.828532224096     -0.203656593287      2.111780890537
    6      3.493701557037     -0.083741596429      4.059287483150
    6      3.976245912163      3.871813871347      2.447353073340
    6      3.304048582695     -0.794584893772      2.754140845815
    6      5.087657077563      1.611988374836      3.002654210532
    6      3.782102603981     -5.325671214813      2.164730569271
    6      4.536679084700     -2.815205017656      2.210697146159
    6      5.900901295852     -0.704907294906      2.407273065794
    1    1
