   3   1   1 E -5.7067831438867E+02 DE-4.3E-10( 10)
  0.370158621205E+01 -0.641133538787E+01  0.000000000000E+00
  0.370158621205E+01  0.641133538787E+01  0.000000000000E+00
  0.000000000000E+00  0.000000000000E+00  0.868503800000E+01
    1
  0.100000000000E+01  0.000000000000E+00  0.000000000000E+00
  0.000000000000E+00  0.100000000000E+01  0.000000000000E+00
  0.000000000000E+00  0.000000000000E+00  0.100000000000E+01
  0.000000000000E+00  0.000000000000E+00  0.000000000000E+00
   15
    6      3.518924942390      5.150230977324      2.281521540822
    6      2.147446548435     -0.498421254347      2.181283580106
    6      4.173139718067      0.930467171200      3.788296376745
    6      4.707644490206      2.893248406635      2.653393563575
    6      4.247746251362     -4.033188867448      2.153772879690
    6      4.641352361406     -1.451997257972      2.382018622155
    6      6.112108504601      0.741280114456      2.483010620577
    6      0.828542483787     -0.203515467810      2.111570506698
    6      3.493090844189     -0.083379417128      4.060308630660
    6      3.976183640433      3.871961823314      2.446992076888
    6      3.303958494175     -0.795474580811      2.754287174882
    6      5.087367678963      1.612056533381      3.002451833873
    6      3.782039096286     -5.325441001410      2.164221080771
    6      4.538705483115     -2.815581273156      2.212133625148
    6      5.900990926058     -0.704616504880      2.407408887408
    1    1
