   3   1   1 E -5.7060945550019E+02 DE-1.4E-10( 16)
  0.370158621205E+01 -0.641133538787E+01  0.000000000000E+00
  0.370158621205E+01  0.641133538787E+01  0.000000000000E+00
  0.000000000000E+00  0.000000000000E+00  0.868503800000E+01
    1
  0.100000000000E+01  0.000000000000E+00  0.000000000000E+00
  0.000000000000E+00  0.100000000000E+01  0.000000000000E+00
  0.000000000000E+00  0.000000000000E+00  0.100000000000E+01
  0.000000000000E+00  0.000000000000E+00  0.000000000000E+00
   15
    6      3.539754234107      5.087499527063      2.295968213079
    6      2.251448804387     -0.748371675136      2.396228643395
    6      3.917596267997      0.626250583500      3.447040612900
    6      4.434334188959      2.717247432026      2.484552963074
    6      4.232120304833     -3.955259331327      2.177442268171
    6      4.763538049702     -1.414847138768      2.338328559637
    6      6.082717064409      0.738512166460      2.432638103481
    6      0.988131159721     -0.482196366839      2.253987373645
    6      3.605255141794      0.838791516187      4.730937350392
    6      3.683120434153      3.706500612871      2.312890718304
    6      3.565293298979     -0.644882013436      2.701060823069
    6      4.896641559350      1.464253571990      2.776972763647
    6      3.702198137635     -5.159621104508      2.148918613203
    6      4.806488575574     -2.804506034185      2.200182964820
    6      5.990604241873     -0.681742344551      2.385521029184
    1    1
