   3   1   1 E -5.7066453545758E+02 DE-2.2E-10( 12)
  0.370158621205E+01 -0.641133538787E+01  0.000000000000E+00
  0.370158621205E+01  0.641133538787E+01  0.000000000000E+00
  0.000000000000E+00  0.000000000000E+00  0.868503800000E+01
    1
  0.100000000000E+01  0.000000000000E+00  0.000000000000E+00
  0.000000000000E+00  0.100000000000E+01  0.000000000000E+00
  0.000000000000E+00  0.000000000000E+00  0.100000000000E+01
  0.000000000000E+00  0.000000000000E+00  0.000000000000E+00
   15
    6      3.607542061022      5.103929620330      2.370560039414
    6      2.210683667372     -0.485689481394      2.255956551202
    6      3.931806418843      0.623089414761      3.453979483140
    6      4.677421308311      2.743987685326      2.618148961281
    6      4.210429983816     -4.047116819428      2.155269711715
    6      4.678909808355     -1.460632999608      2.340524837198
    6      6.096775818467      0.651804341955      2.385473769337
    6      0.872103015970     -0.208610777367      2.197127754960
    6      3.425508337049      0.694510253668      4.678326432347
    6      4.071297712365      3.822461266016      2.504174564000
    6      3.483256275278     -0.582971589615      2.603341647870
    6      4.971926809129      1.415456458817      2.770300785448
    6      3.777406589754     -5.360038102145      2.157372605464
    6      4.474577528177     -2.826434997769      2.208713702192
    6      5.969596129566     -0.796114872198      2.383400154432
    1    1
