   3   1   1 E -5.7060050188229E+02 DE 2.2E-11( 13)
  0.370158621205E+01 -0.641133538787E+01  0.000000000000E+00
  0.370158621205E+01  0.641133538787E+01  0.000000000000E+00
  0.000000000000E+00  0.000000000000E+00  0.868503800000E+01
    1
  0.100000000000E+01  0.000000000000E+00  0.000000000000E+00
  0.000000000000E+00  0.100000000000E+01  0.000000000000E+00
  0.000000000000E+00  0.000000000000E+00  0.100000000000E+01
  0.000000000000E+00  0.000000000000E+00  0.000000000000E+00
   15
    6      3.572410763243      5.066340782992      2.299023382562
    6      2.335223836618     -0.839247944278      2.401542774067
    6      3.885122071897      0.601716236500      3.454643347740
    6      4.382386523339      2.677677083979      2.413626093717
    6      4.235498666179     -3.878371240534      2.221287230016
    6      4.848339851371     -1.405708328249      2.431088975201
    6      6.111786768416      0.772312324625      2.424004893926
    6      1.083789197449     -0.651507132984      2.264350662903
    6      3.264774716292      0.949580815808      4.566464901092
    6      3.600390195161      3.671294403527      2.269839953289
    6      3.630431129609     -0.671598791555      2.736636588819
    6      4.871267017127      1.462821399200      2.733073142182
    6      3.651969279827     -5.032623653997      2.236395463987
    6      4.932160388960     -2.785851647901      2.233998198228
    6      6.053691057985     -0.649204905785      2.396695392273
    1    1
