   3   1   1 E -5.7059908523367E+02 DE-1.9E-10( 13)
  0.370158621205E+01 -0.641133538787E+01  0.000000000000E+00
  0.370158621205E+01  0.641133538787E+01  0.000000000000E+00
  0.000000000000E+00  0.000000000000E+00  0.868503800000E+01
    1
  0.100000000000E+01  0.000000000000E+00  0.000000000000E+00
  0.000000000000E+00  0.100000000000E+01  0.000000000000E+00
  0.000000000000E+00  0.000000000000E+00  0.100000000000E+01
  0.000000000000E+00  0.000000000000E+00  0.000000000000E+00
   15
    6      3.576922252126      5.062289875086      2.303338109764
    6      2.338634834163     -0.870323896379      2.397085415534
    6      3.866181946414      0.616512801270      3.425700935776
    6      4.401755996952      2.681042671659      2.406485779058
    6      4.273284085672     -3.893367380441      2.274623808626
    6      4.857198005356     -1.411427763290      2.432094396204
    6      6.118252103130      0.772575036004      2.432628597921
    6      1.089116707645     -0.657345690838      2.263030158366
    6      3.153102425861      1.022202125831      4.469485140198
    6      3.591999776987      3.662626898884      2.278908693585
    6      3.630347851165     -0.680645442934      2.726565110496
    6      4.875281689411      1.466324740137      2.732530310964
    6      3.668778447409     -5.038211619594      2.269268940194
    6      4.959256093963     -2.795055267790      2.263749859921
    6      6.059129247220     -0.649567686258      2.407175743394
    1    1
