   3   1   1 E -5.7057057011317E+02 DE 1.7E-09( 14)
  0.370158621205E+01 -0.641133538787E+01  0.000000000000E+00
  0.370158621205E+01  0.641133538787E+01  0.000000000000E+00
  0.000000000000E+00  0.000000000000E+00  0.868503800000E+01
    1
  0.100000000000E+01  0.000000000000E+00  0.000000000000E+00
  0.000000000000E+00  0.100000000000E+01  0.000000000000E+00
  0.000000000000E+00  0.000000000000E+00  0.100000000000E+01
  0.000000000000E+00  0.000000000000E+00  0.000000000000E+00
   15
    6      3.560062539747      5.069096785033      2.297108649286
    6      2.320659594983     -0.916944570392      2.374067052214
    6      3.805466982635      0.652698595873      3.473710424185
    6      4.420560828596      2.720177984479      2.614316325032
    6      4.428881014311     -3.980609952956      2.186594212336
    6      4.859178383150     -1.431910711926      2.472335941137
    6      6.136766543499      0.782374391697      2.428418104119
    6      1.061435540805     -0.631704082906      2.259186643030
    6      2.975870467715      1.131768992098      4.421177273321
    6      3.543840054200      3.672251449302      2.252197395013
    6      3.631244907837     -0.701368467567      2.725426163894
    6      4.888939745274      1.479541177689      2.826220731525
    6      3.729106912896     -5.091982437268      2.007324142449
    6      5.041551682270     -2.819330034653      2.341623372386
    6      6.055676265553     -0.646429717155      2.402964570075
    1    1
