   3   1   1 E -5.7059722812801E+02 DE 1.4E-10( 11)
  0.370158621205E+01 -0.641133538787E+01  0.000000000000E+00
  0.370158621205E+01  0.641133538787E+01  0.000000000000E+00
  0.000000000000E+00  0.000000000000E+00  0.868503800000E+01
    1
  0.100000000000E+01  0.000000000000E+00  0.000000000000E+00
  0.000000000000E+00  0.100000000000E+01  0.000000000000E+00
  0.000000000000E+00  0.000000000000E+00  0.100000000000E+01
  0.000000000000E+00  0.000000000000E+00  0.000000000000E+00
   15
    6      3.571571160955      5.057048735005      2.296833338719
    6      2.343872225106     -0.884954306821      2.386902180099
    6      3.868040020285      0.622074747531      3.409470575521
    6      4.395708165297      2.699450478044      2.408700588510
    6      4.308596965058     -3.910263475489      2.297266387858
    6      4.859774453441     -1.416556949056      2.440720322266
    6      6.123721630894      0.775482614776      2.452404562752
    6      1.083636527429     -0.657683860846      2.264164420191
    6      3.099838421273      1.058113823951      4.405515280856
    6      3.567546181383      3.658074524050      2.260775256717
    6      3.635757365470     -0.688889025431      2.731543815311
    6      4.884947755612      1.474094852022      2.728326188693
    6      3.680697352528     -5.045940211301      2.276946153744
    6      4.975457669088     -2.804344585647      2.318710998396
    6      6.060075569654     -0.648077959441      2.404390930367
    1    1
