   3   1   1 E -5.7065281838454E+02 DE 3.0E-10( 13)
  0.370158621205E+01 -0.641133538787E+01  0.000000000000E+00
  0.370158621205E+01  0.641133538787E+01  0.000000000000E+00
  0.000000000000E+00  0.000000000000E+00  0.868503800000E+01
    1
  0.100000000000E+01  0.000000000000E+00  0.000000000000E+00
  0.000000000000E+00  0.100000000000E+01  0.000000000000E+00
  0.000000000000E+00  0.000000000000E+00  0.100000000000E+01
  0.000000000000E+00  0.000000000000E+00  0.000000000000E+00
   15
    6      3.547174148815      5.077163242887      2.349574955830
    6      2.197008391341     -0.572596798618      2.268862986925
    6      3.911691837586      0.626839100970      3.421223892466
    6      4.569779356507      2.724253716880      2.579997840552
    6      4.228434218873     -4.048045597251      2.142449770115
    6      4.657046714010     -1.426175444807      2.274574674496
    6      6.099480265185      0.656220910136      2.476729674954
    6      0.868196710920     -0.280680395346      2.216431406446
    6      3.815493246702      0.871255281241      4.722895750518
    6      3.921431850316      3.769778253486      2.433791317520
    6      3.471735015905     -0.582360203265      2.632849101866
    6      4.961232563174      1.437430786832      2.829429604361
    6      3.780962105120     -5.366526446188      2.133929940192
    6      4.493388225398     -2.821460505748      2.175365709194
    6      5.936186813623     -0.777466499860      2.424564374565
    1    1
