   3   1   1 E -5.7060159797160E+02 DE 4.3E-11( 14)
  0.370158621205E+01 -0.641133538787E+01  0.000000000000E+00
  0.370158621205E+01  0.641133538787E+01  0.000000000000E+00
  0.000000000000E+00  0.000000000000E+00  0.868503800000E+01
    1
  0.100000000000E+01  0.000000000000E+00  0.000000000000E+00
  0.000000000000E+00  0.100000000000E+01  0.000000000000E+00
  0.000000000000E+00  0.000000000000E+00  0.100000000000E+01
  0.000000000000E+00  0.000000000000E+00  0.000000000000E+00
   15
    6      3.564704585141      5.067553477765      2.273958705923
    6      2.321344265577     -0.812381235868      2.393805839433
    6      3.902024871793      0.599543635968      3.481800504070
    6      4.388040182629      2.675477415397      2.425240710858
    6      4.203773011542     -3.868258441862      2.216844677816
    6      4.827987896012     -1.406872927197      2.406690613979
    6      6.102154014141      0.770107425524      2.392232468166
    6      1.066257891580     -0.620335546879      2.240748679672
    6      3.391227114865      0.893842828231      4.671517050653
    6      3.615942002101      3.668619090321      2.281377243527
    6      3.620906136526     -0.663462265418      2.713416234671
    6      4.873172269267      1.462030933748      2.739804373330
    6      3.642810754649     -5.041241602850      2.225716611389
    6      4.899013508057     -2.782339957402      2.250697569798
    6      6.039882959593     -0.654653428130      2.368819716714
    1    1
