   3   1   1 E -5.7067231083234E+02 DE-1.6E-10( 13)
  0.370158621205E+01 -0.641133538787E+01  0.000000000000E+00
  0.370158621205E+01  0.641133538787E+01  0.000000000000E+00
  0.000000000000E+00  0.000000000000E+00  0.868503800000E+01
    1
  0.100000000000E+01  0.000000000000E+00  0.000000000000E+00
  0.000000000000E+00  0.100000000000E+01  0.000000000000E+00
  0.000000000000E+00  0.000000000000E+00  0.100000000000E+01
  0.000000000000E+00  0.000000000000E+00  0.000000000000E+00
   15
    6      3.575095693510      5.161395733548      2.324485264638
    6      2.191012303129     -0.442381740829      2.254691547267
    6      4.031188426879      0.826282889746      3.572664816321
    6      4.702153443885      2.850430980372      2.579484342204
    6      4.220715233850     -4.011899669195      2.175590866695
    6      4.663631514365     -1.439088378721      2.410119717384
    6      6.101155962701      0.715734512020      2.415589509764
    6      0.872136357288     -0.167463010676      2.170581862192
    6      3.487661143544     -0.089366680714      4.273769064862
    6      4.027025951269      3.885505408663      2.470427560698
    6      3.373846002900     -0.701773058196      2.821384517318
    6      4.987796532180      1.524807824130      2.799705343554
    6      3.783276265454     -5.310962598507      2.169108653035
    6      4.502173723455     -2.791906532136      2.246177983167
    6      5.940372909064     -0.721686278157      2.398889950900
    1    1
