   3   1   1 E -5.7065617927238E+02 DE 3.6E-10( 12)
  0.370158621205E+01 -0.641133538787E+01  0.000000000000E+00
  0.370158621205E+01  0.641133538787E+01  0.000000000000E+00
  0.000000000000E+00  0.000000000000E+00  0.868503800000E+01
    1
  0.100000000000E+01  0.000000000000E+00  0.000000000000E+00
  0.000000000000E+00  0.100000000000E+01  0.000000000000E+00
  0.000000000000E+00  0.000000000000E+00  0.100000000000E+01
  0.000000000000E+00  0.000000000000E+00  0.000000000000E+00
   15
    6      3.551880207978      5.074917141664      2.359131469535
    6      2.188368641006     -0.559824678102      2.251913728227
    6      3.889001971661      0.613130482355      3.399691626131
    6      4.596889567974      2.730854883467      2.605281106368
    6      4.265565266499     -4.070627696210      2.177238520160
    6      4.651550233439     -1.435615744236      2.272300781515
    6      6.105399359157      0.650681659421      2.479937823825
    6      0.852204142044     -0.257791951169      2.211149525533
    6      3.774087934859      0.924214891332      4.660211317800
    6      3.937077520596      3.771628404397      2.453923499514
    6      3.461838207741     -0.584622348905      2.606372650080
    6      4.968817245062      1.433542561400      2.827007212942
    6      3.798579884318     -5.386236621523      2.181269279767
    6      4.482085822008     -2.829616767864      2.177824165055
    6      5.935895459131     -0.787004814679      2.419418293550
    1    1
