   3   1   1 E -5.7062954398964E+02 DE 1.1E-09( 13)
  0.370158621205E+01 -0.641133538787E+01  0.000000000000E+00
  0.370158621205E+01  0.641133538787E+01  0.000000000000E+00
  0.000000000000E+00  0.000000000000E+00  0.868503800000E+01
    1
  0.100000000000E+01  0.000000000000E+00  0.000000000000E+00
  0.000000000000E+00  0.100000000000E+01  0.000000000000E+00
  0.000000000000E+00  0.000000000000E+00  0.100000000000E+01
  0.000000000000E+00  0.000000000000E+00  0.000000000000E+00
   15
    6      3.543604084687      5.091355251469      2.303549670250
    6      2.248552162061     -0.720636243526      2.378550166318
    6      3.909726733545      0.616357352913      3.461077167463
    6      4.451476929972      2.709934488386      2.488472571791
    6      4.251242633930     -3.974103118767      2.178763326952
    6      4.755887048049     -1.418104728140      2.341815568853
    6      6.103098706455      0.738925143718      2.428652268563
    6      0.944371154572     -0.392231689109      2.246676842987
    6      3.607464328049      0.836204862457      4.720834411512
    6      3.728663698867      3.724245260130      2.326144145762
    6      3.537986605074     -0.643007297776      2.695956069159
    6      4.904584880403      1.464008189145      2.765878854572
    6      3.755427701173     -5.249966103679      2.163760633151
    6      4.731030523680     -2.805256514822      2.200156184398
    6      5.986124272956     -0.690095451052      2.382383118267
    1    1
