   3   1   1 E -5.7056950092864E+02 DE 1.4E-10( 15)
  0.370158621205E+01 -0.641133538787E+01  0.000000000000E+00
  0.370158621205E+01  0.641133538787E+01  0.000000000000E+00
  0.000000000000E+00  0.000000000000E+00  0.868503800000E+01
    1
  0.100000000000E+01  0.000000000000E+00  0.000000000000E+00
  0.000000000000E+00  0.100000000000E+01  0.000000000000E+00
  0.000000000000E+00  0.000000000000E+00  0.100000000000E+01
  0.000000000000E+00  0.000000000000E+00  0.000000000000E+00
   15
    6      3.612620192104      5.038409276055      2.601500132510
    6      2.387024871870     -1.124823648533      2.455139961410
    6      3.658272821981      0.737164869671      2.996260986231
    6      4.634679164936      2.769302349199      2.456547387656
    6      4.228384954813     -3.865336502335      2.324525603149
    6      4.904318713396     -1.414078465885      2.490238018810
    6      6.144204932449      0.734325199729      2.476972231375
    6      1.163610470561     -0.803555955189      2.445694270206
    6      2.642090210643      1.322527053156      3.665504762604
    6      3.745596647237      3.668995681887      2.446219192798
    6      3.670253530194     -0.682766284525      2.631630783490
    6      4.893729865553      1.437074653441      2.625659579258
    6      3.683995442391     -5.050156056257      2.454184307927
    6      4.982171364143     -2.802498783531      2.427007176208
    6      6.108288281199     -0.676953985535      2.585586606368
    1    1
