   3   1   1 E -5.7059813483078E+02 DE-1.2E-09( 12)
  0.370158621205E+01 -0.641133538787E+01  0.000000000000E+00
  0.370158621205E+01  0.641133538787E+01  0.000000000000E+00
  0.000000000000E+00  0.000000000000E+00  0.868503800000E+01
    1
  0.100000000000E+01  0.000000000000E+00  0.000000000000E+00
  0.000000000000E+00  0.100000000000E+01  0.000000000000E+00
  0.000000000000E+00  0.000000000000E+00  0.100000000000E+01
  0.000000000000E+00  0.000000000000E+00  0.000000000000E+00
   15
    6      3.575155954583      5.063493004861      2.303653898346
    6      2.339796725984     -0.875200623744      2.388853331032
    6      3.865427379745      0.619099850598      3.408069286159
    6      4.396991868264      2.688058335938      2.401025043145
    6      4.297021938044     -3.910640811421      2.291031951766
    6      4.856811024731     -1.413279594844      2.438792913805
    6      6.121497131377      0.773894651645      2.426601444063
    6      1.088198888442     -0.653104568062      2.267693827365
    6      3.125233658736      1.041426423232      4.444419962875
    6      3.578209742075      3.663691505458      2.276270229669
    6      3.629782076247     -0.684002690875      2.720453010588
    6      4.878736398242      1.469278568905      2.734706704923
    6      3.678630253396     -5.046610368488      2.275061299250
    6      4.968821339632     -2.801186115845      2.294705442366
    6      6.058927083976     -0.647288166009      2.411332654649
    1    1
