   3   1   1 E -5.7055471352614E+02 DE 5.2E-11( 12)
  0.370158621205E+01 -0.641133538787E+01  0.000000000000E+00
  0.370158621205E+01  0.641133538787E+01  0.000000000000E+00
  0.000000000000E+00  0.000000000000E+00  0.868503800000E+01
    1
  0.100000000000E+01  0.000000000000E+00  0.000000000000E+00
  0.000000000000E+00  0.100000000000E+01  0.000000000000E+00
  0.000000000000E+00  0.000000000000E+00  0.100000000000E+01
  0.000000000000E+00  0.000000000000E+00  0.000000000000E+00
   15
    6      3.666794986923      5.006783465416      2.625843742868
    6      2.449359358881     -1.219076538690      2.549609069041
    6      3.689878306831      0.719072470949      2.619277860821
    6      4.748046282216      2.762589563016      2.549822978665
    6      3.935605279099     -3.696952394414      2.527125664820
    6      4.928472243363     -1.418817964911      2.592878693097
    6      6.160613185637      0.715529597716      2.592276219432
    6      1.246046673449     -0.856002639344      2.592214798714
    6      2.516752437513      1.396180451864      3.004559080561
    6      3.832073324925      3.623279751658      2.592424147153
    6      3.714000353631     -0.697272204009      2.568856736624
    6      4.928479846904      1.406485643092      2.568987684015
    6      3.620632896554     -4.947827593937      2.534600705960
    6      4.861513102509     -2.798855214270      2.536300077694
    6      6.160973185039     -0.707486992789      2.627893540534
    1    1
