   3   1   1 E -5.7066914864588E+02 DE-1.9E-10( 13)
  0.370158621205E+01 -0.641133538787E+01  0.000000000000E+00
  0.370158621205E+01  0.641133538787E+01  0.000000000000E+00
  0.000000000000E+00  0.000000000000E+00  0.868503800000E+01
    1
  0.100000000000E+01  0.000000000000E+00  0.000000000000E+00
  0.000000000000E+00  0.100000000000E+01  0.000000000000E+00
  0.000000000000E+00  0.000000000000E+00  0.100000000000E+01
  0.000000000000E+00  0.000000000000E+00  0.000000000000E+00
   15
    6      3.616331909181      5.148918793091      2.360512755452
    6      2.214394705089     -0.423832273207      2.257737248857
    6      3.964803745010      0.713885408596      3.489859880103
    6      4.676138901679      2.794431342015      2.622797857268
    6      4.210767209498     -4.009155388070      2.170206537885
    6      4.693220001279     -1.432077715403      2.370436422147
    6      6.103779452396      0.694293697021      2.416597508461
    6      0.875985600929     -0.163242815184      2.188789235021
    6      3.311314099906      0.072966800615      4.418228996963
    6      4.078546222255      3.871000992719      2.501967366982
    6      3.471425074550     -0.590981914042      2.670150572562
    6      4.982122566376      1.473181735691      2.813215909237
    6      3.779760368845     -5.316679999408      2.169109765623
    6      4.506449020994     -2.794483479426      2.229330704108
    6      5.974202585485     -0.750595783660      2.403730239331
    1    1
