   3   1   1 E -5.7066312763920E+02 DE-3.0E-10( 13)
  0.370158621205E+01 -0.641133538787E+01  0.000000000000E+00
  0.370158621205E+01  0.641133538787E+01  0.000000000000E+00
  0.000000000000E+00  0.000000000000E+00  0.868503800000E+01
    1
  0.100000000000E+01  0.000000000000E+00  0.000000000000E+00
  0.000000000000E+00  0.100000000000E+01  0.000000000000E+00
  0.000000000000E+00  0.000000000000E+00  0.100000000000E+01
  0.000000000000E+00  0.000000000000E+00  0.000000000000E+00
   15
    6      3.615931757741      5.084554497156      2.377139136071
    6      2.220800431977     -0.491615494979      2.221867435828
    6      3.875640029084      0.603803661342      3.417568833901
    6      4.648444293857      2.716933896180      2.644844219060
    6      4.212030195507     -4.063153387748      2.163233187778
    6      4.693409111799     -1.477030725511      2.331684803088
    6      6.101144057640      0.633401115074      2.421367674311
    6      0.881683698145     -0.222474484635      2.205026430708
    6      3.439699002413      0.961266021517      4.626504816306
    6      4.061145340302      3.799200667577      2.507012918057
    6      3.491718039266     -0.618403430309      2.583912699985
    6      4.964685137393      1.393876684564      2.795024278351
    6      3.784172585782     -5.377500729780      2.171101674227
    6      4.493366902630     -2.846133765300      2.215517922750
    6      5.975370879938     -0.809095123800      2.400864969577
    1    1
