   3   1   1 E -5.7066424073516E+02 DE-2.2E-09( 11)
  0.370158621205E+01 -0.641133538787E+01  0.000000000000E+00
  0.370158621205E+01  0.641133538787E+01  0.000000000000E+00
  0.000000000000E+00  0.000000000000E+00  0.868503800000E+01
    1
  0.100000000000E+01  0.000000000000E+00  0.000000000000E+00
  0.000000000000E+00  0.100000000000E+01  0.000000000000E+00
  0.000000000000E+00  0.000000000000E+00  0.100000000000E+01
  0.000000000000E+00  0.000000000000E+00  0.000000000000E+00
   15
    6      3.607305834178      5.099454803187      2.376639897744
    6      2.211054524508     -0.487352420817      2.257686564469
    6      3.927730616804      0.614776232753      3.453646376136
    6      4.671502010315      2.737761155207      2.613591229046
    6      4.207441203519     -4.050454132264      2.153750859304
    6      4.679866434449     -1.466420006365      2.341210211984
    6      6.094572054190      0.647612853824      2.385677061651
    6      0.872288222184     -0.214254985383      2.203485062818
    6      3.450451615112      0.758608862921      4.675464084102
    6      4.065042316258      3.816903790553      2.501495275544
    6      3.482745450502     -0.586819654947      2.605583804077
    6      4.968299612942      1.410329071676      2.766355141726
    6      3.775553746092     -5.362890605407      2.157189326841
    6      4.476039788561     -2.830004756482      2.204053939790
    6      5.969348033859     -0.799620807108      2.386842164767
    1    1
