   3   1   1 E -5.7057275304739E+02 DE 4.8E-11( 15)
  0.370158621205E+01 -0.641133538787E+01  0.000000000000E+00
  0.370158621205E+01  0.641133538787E+01  0.000000000000E+00
  0.000000000000E+00  0.000000000000E+00  0.868503800000E+01
    1
  0.100000000000E+01  0.000000000000E+00  0.000000000000E+00
  0.000000000000E+00  0.100000000000E+01  0.000000000000E+00
  0.000000000000E+00  0.000000000000E+00  0.100000000000E+01
  0.000000000000E+00  0.000000000000E+00  0.000000000000E+00
   15
    6      3.619139767852      5.034451024021      2.592626058170
    6      2.391334273463     -1.129762638569      2.399557824142
    6      3.669332782557      0.731041550264      2.995515410229
    6      4.641200981677      2.768194944198      2.399568401453
    6      4.191994310173     -3.845156285936      2.320455562372
    6      4.905360181023     -1.413716515493      2.538043004269
    6      6.144766811408      0.732914067643      2.535722101507
    6      1.175198556682     -0.801877786422      2.460366954924
    6      2.642771635325      1.323183301882      3.703011928398
    6      3.749851583786      3.657760008205      2.460530542607
    6      3.674834182715     -0.685671866878      2.641124800496
    6      4.898860168653      1.434488327202      2.642824509740
    6      3.673819149173     -5.041721827540      2.397565481806
    6      4.968953925216     -2.797409253337      2.412574165875
    6      6.111823153771     -0.679087647893      2.583184254012
    1    1
