   3   1   1 E -5.7067034637027E+02 DE 2.9E-10( 14)
  0.370158621205E+01 -0.641133538787E+01  0.000000000000E+00
  0.370158621205E+01  0.641133538787E+01  0.000000000000E+00
  0.000000000000E+00  0.000000000000E+00  0.868503800000E+01
    1
  0.100000000000E+01  0.000000000000E+00  0.000000000000E+00
  0.000000000000E+00  0.100000000000E+01  0.000000000000E+00
  0.000000000000E+00  0.000000000000E+00  0.100000000000E+01
  0.000000000000E+00  0.000000000000E+00  0.000000000000E+00
   15
    6      3.599425629247      5.150002804637      2.335491773318
    6      2.205442303163     -0.422279385737      2.229336500489
    6      3.992372463483      0.765400189670      3.517346337967
    6      4.691419185935      2.817897524796      2.627182582974
    6      4.221992714083     -4.008229447641      2.178421705714
    6      4.673562902341     -1.425309910321      2.386309916989
    6      6.104411666245      0.704833851261      2.425704413774
    6      0.871867899392     -0.163245565988      2.171757234162
    6      3.376899565410     -0.033653517961      4.348189086340
    6      4.067569893694      3.880291405324      2.494263700011
    6      3.437731749074     -0.624883658930      2.737637469065
    6      4.979580847769      1.491284749800      2.814084700868
    6      3.777175567584     -5.310801099157      2.172687052313
    6      4.501636725613     -2.790519967379      2.240383594476
    6      5.958152350441     -0.743158571027      2.403874931539
    1    1
