   3   1   1 E -5.7067789734703E+02 DE-1.1E-10( 10)
  0.370158621205E+01 -0.641133538787E+01  0.000000000000E+00
  0.370158621205E+01  0.641133538787E+01  0.000000000000E+00
  0.000000000000E+00  0.000000000000E+00  0.868503800000E+01
    1
  0.100000000000E+01  0.000000000000E+00  0.000000000000E+00
  0.000000000000E+00  0.100000000000E+01  0.000000000000E+00
  0.000000000000E+00  0.000000000000E+00  0.100000000000E+01
  0.000000000000E+00  0.000000000000E+00  0.000000000000E+00
   15
    6      3.515842175611      5.149665262541      2.280882858573
    6      2.147058401552     -0.501870157608      2.195004293016
    6      4.175067411042      0.925111377829      3.777585886075
    6      4.713665627110      2.898011746236      2.649994979993
    6      4.250270897473     -4.033479807470      2.152856217703
    6      4.639521115652     -1.449629192236      2.379979058169
    6      6.114188420029      0.742124550652      2.476744001960
    6      0.828267835033     -0.206361352919      2.114061927047
    6      3.492741467721     -0.083650353001      4.081422061414
    6      3.971749057332      3.870023262511      2.448417354304
    6      3.307677903885     -0.791415808336      2.761239714002
    6      5.087075876526      1.611954278211      2.992500456510
    6      3.785440081786     -5.326371289053      2.160809602306
    6      4.530109707794     -2.812851989728      2.207860089792
    6      5.900565484927     -0.703631126281      2.403312499136
    1    1
