   3   1   1 E -5.7067797798442E+02 DE-6.1E-11( 10)
  0.370158621205E+01 -0.641133538787E+01  0.000000000000E+00
  0.370158621205E+01  0.641133538787E+01  0.000000000000E+00
  0.000000000000E+00  0.000000000000E+00  0.868503800000E+01
    1
  0.100000000000E+01  0.000000000000E+00  0.000000000000E+00
  0.000000000000E+00  0.100000000000E+01  0.000000000000E+00
  0.000000000000E+00  0.000000000000E+00  0.100000000000E+01
  0.000000000000E+00  0.000000000000E+00  0.000000000000E+00
   15
    6      3.516684527684      5.149444576444      2.280947823751
    6      2.147040628111     -0.501629656194      2.186707586758
    6      4.178214212095      0.930984940225      3.783851178774
    6      4.707693192815      2.894434206474      2.647262919428
    6      4.250360604079     -4.033975802827      2.153446709696
    6      4.639229847214     -1.451296009778      2.384646397597
    6      6.112906512606      0.741769944348      2.478547732209
    6      0.828916160951     -0.205700059533      2.112679007852
    6      3.493599740753     -0.078045611031      4.069867883052
    6      3.973003291127      3.870802315014      2.444230381998
    6      3.303175895142     -0.796105866108      2.762229514084
    6      5.088392419284      1.612844238378      2.996713410310
    6      3.783828549597     -5.326868633761      2.162109803184
    6      4.536497736536     -2.815071256511      2.213007775184
    6      5.899698145480     -0.703957923793      2.406422876122
    1    1
