   3   1   1 E -5.7026229473344E+02 DE-3.7E-10( 15)
  0.370158621205E+01 -0.641133538787E+01  0.000000000000E+00
  0.370158621205E+01  0.641133538787E+01  0.000000000000E+00
  0.000000000000E+00  0.000000000000E+00  0.868503800000E+01
    1
  0.100000000000E+01  0.000000000000E+00  0.000000000000E+00
  0.000000000000E+00  0.100000000000E+01  0.000000000000E+00
  0.000000000000E+00  0.000000000000E+00  0.100000000000E+01
  0.000000000000E+00  0.000000000000E+00  0.000000000000E+00
   15
    6      2.467290217434      2.849664140937      2.605556713840
    6      3.702021342105      4.986777609722      2.605512654951
    6      2.467289964364     -1.424557168313      2.605464857826
    6      3.702020767061      0.712553636111      2.605500585156
    6      3.702021347398     -3.561669548853      2.605524192317
    6      6.168874197249      0.712554161004      2.605509774526
    6      1.233862492887     -0.731506906821      2.605465100901
    6      2.484495327165      1.434125090222      2.605554204305
    6      3.684814160739      3.571238276641      2.605556331914
    6      2.484497153192     -2.840096023437      2.605489639805
    6      3.684814620096     -0.702984900625      2.605450077396
    6      4.935447326071      1.405604684313      2.605491796287
    6      3.684812621620     -4.977208646446      2.605521933712
    6      4.935449365079     -2.868620641352      2.605557318451
    6      6.186082278278     -0.702985559058      2.605515818613
    1    1
