   3   1   1 E -5.7028830967309E+02 DE 2.5E-10( 18)
  0.370158621205E+01 -0.641133538787E+01  0.000000000000E+00
  0.370158621205E+01  0.641133538787E+01  0.000000000000E+00
  0.000000000000E+00  0.000000000000E+00  0.868503800000E+01
    1
  0.100000000000E+01  0.000000000000E+00  0.000000000000E+00
  0.000000000000E+00  0.100000000000E+01  0.000000000000E+00
  0.000000000000E+00  0.000000000000E+00  0.100000000000E+01
  0.000000000000E+00  0.000000000000E+00  0.000000000000E+00
   15
    6      2.507008851068      2.863473992553      2.772342126920
    6      3.677512951680      4.978379308130      2.544977026866
    6      2.443671041066     -1.405710234118      2.334713862983
    6      3.689943303153      0.722668342808      2.548565663399
    6      3.708750645721     -3.559612765750      2.769604495559
    6      6.163877700565      0.681063301087      2.617335734768
    6      1.172232718976     -0.753259603382      2.137719517255
    6      2.533739226555      1.455120822867      2.936994767619
    6      3.701987348377      3.599058238471      2.945434611062
    6      2.503045534048     -2.813194517011      2.633800143300
    6      3.634680664168     -0.636313970267      2.246489141154
    6      4.973755243940      1.372218241603      2.290014589461
    6      3.670762657571     -4.996751771259      2.737015990847
    6      4.970842855324     -2.887819097588      2.883945212627
    6      6.171982438527     -0.756432084098      2.683718116179
    1    1
