   3   1   1 E -5.7029868132798E+02 DE 4.3E-10( 16)
  0.370158621205E+01 -0.641133538787E+01  0.000000000000E+00
  0.370158621205E+01  0.641133538787E+01  0.000000000000E+00
  0.000000000000E+00  0.000000000000E+00  0.868503800000E+01
    1
  0.100000000000E+01  0.000000000000E+00  0.000000000000E+00
  0.000000000000E+00  0.100000000000E+01  0.000000000000E+00
  0.000000000000E+00  0.000000000000E+00  0.100000000000E+01
  0.000000000000E+00  0.000000000000E+00  0.000000000000E+00
   15
    6      2.589077470370      2.889845393624      2.950049303527
    6      3.686965587784      4.952748437630      2.571906000831
    6      2.371118192185     -1.388281214998      2.282458348846
    6      3.638869102596      0.723579541811      2.528560564972
    6      3.744968417680     -3.528438844141      2.690324563874
    6      6.143869410886      0.613012273344      2.648462084257
    6      1.101340083491     -0.722212019348      2.167226619476
    6      2.557310567974      1.496449778920      3.006336333110
    6      3.849274167002      3.601018585515      2.976978755083
    6      2.472013495998     -2.778113603843      2.597446991317
    6      3.529045753678     -0.592315742203      2.130634635351
    6      4.975975075782      1.310909713463      2.346471649434
    6      3.706598800286     -5.019349034666      2.620087605477
    6      5.041619501660     -2.825344835272      2.859140306713
    6      6.115747553367     -0.870620225792      2.706587237733
    1    1
