   3   1   1 E -5.7029888343714E+02 DE 2.5E-11( 20)
  0.370158621205E+01 -0.641133538787E+01  0.000000000000E+00
  0.370158621205E+01  0.641133538787E+01  0.000000000000E+00
  0.000000000000E+00  0.000000000000E+00  0.868503800000E+01
    1
  0.100000000000E+01  0.000000000000E+00  0.000000000000E+00
  0.000000000000E+00  0.100000000000E+01  0.000000000000E+00
  0.000000000000E+00  0.000000000000E+00  0.100000000000E+01
  0.000000000000E+00  0.000000000000E+00  0.000000000000E+00
   15
    6      2.593794540312      2.889881568100      2.926577347619
    6      3.690076970415      4.947190710816      2.586139192766
    6      2.369162074060     -1.381037146120      2.283251105505
    6      3.630083424662      0.726271021339      2.487177382971
    6      3.754517672307     -3.524541735885      2.713801858524
    6      6.138295212113      0.602029804146      2.685496119805
    6      1.095396476459     -0.709468581750      2.197414749263
    6      2.547035092639      1.499482370505      2.997833383236
    6      3.861807790052      3.595729355460      2.945438809986
    6      2.477969546258     -2.775666928652      2.593514719650
    6      3.522458687671     -0.581346708602      2.067422222027
    6      4.972857548651      1.302623288021      2.341476799194
    6      3.714365917720     -5.027961621731      2.675311466178
    6      5.056399286502     -2.804965287751      2.844431852909
    6      6.099572940916     -0.895331903850      2.737383990366
    1    1
