   3   1   1 E -5.7026224266929E+02 DE-6.0E-07( 21)
  0.370158621205E+01 -0.641133538787E+01  0.000000000000E+00
  0.370158621205E+01  0.641133538787E+01  0.000000000000E+00
  0.000000000000E+00  0.000000000000E+00  0.868503800000E+01
    1
  0.100000000000E+01  0.000000000000E+00  0.000000000000E+00
  0.000000000000E+00  0.100000000000E+01  0.000000000000E+00
  0.000000000000E+00  0.000000000000E+00  0.100000000000E+01
  0.000000000000E+00  0.000000000000E+00  0.000000000000E+00
   15
    6      2.467394042980      2.849623735593      2.605512809814
    6      3.701917502331      4.986737268042      2.605511207085
    6      2.467392854077     -1.424598884338      2.605510190741
    6      3.701916935640      0.712512468956      2.605510171913
    6      3.701918152197     -3.561710934993      2.605512427110
    6      6.168978358443      0.712513259748      2.605511415921
    6      1.233862252903     -0.727336432347      2.605509794108
    6      2.480794529940      1.432081284554      2.605512855246
    6      3.688514921478      3.569194906686      2.605512682958
    6      2.480796140671     -2.842141455251      2.605512247387
    6      3.688514732495     -0.705029877910      2.605508536493
    6      4.935447459953      1.409775010109      2.605510791104
    6      3.688514414003     -4.979253285667      2.605511228249
    6      4.935449365864     -2.864449654165      2.605512952998
    6      6.182381517765     -0.705029204971      2.605511688873
    1    1
