   3   1   1 E -5.7026229578962E+02 DE 2.8E-10( 13)
  0.370158621205E+01 -0.641133538787E+01  0.000000000000E+00
  0.370158621205E+01  0.641133538787E+01  0.000000000000E+00
  0.000000000000E+00  0.000000000000E+00  0.868503800000E+01
    1
  0.100000000000E+01  0.000000000000E+00  0.000000000000E+00
  0.000000000000E+00  0.100000000000E+01  0.000000000000E+00
  0.000000000000E+00  0.000000000000E+00  0.100000000000E+01
  0.000000000000E+00  0.000000000000E+00  0.000000000000E+00
   15
    6      2.467275938637      2.849654474130      2.606572100987
    6      3.702035201690      4.986768369596      2.605563167339
    6      2.467276660623     -1.424566129026      2.604329325085
    6      3.702034691118      0.712544430984      2.605310407678
    6      3.702035126181     -3.561678598193      2.605720599045
    6      6.168859989820      0.712545159963      2.605568030971
    6      1.233862740683     -0.731328009674      2.604345336079
    6      2.484283892174      1.434044366218      2.606530185121
    6      3.685025626176      3.571157756258      2.606555861890
    6      2.484286059969     -2.840175505232      2.604735580813
    6      3.685026760314     -0.703065108089      2.604168893673
    6      4.935446888100      1.405784117253      2.605187934287
    6      3.685023863985     -4.977288694544      2.605783455127
    6      4.935449395562     -2.868442570498      2.606572034934
    6      6.185870345708     -0.703065855102      2.605728086970
    1    1
