   3   1   1 E -5.7029957802631E+02 DE-6.0E-10( 16)
  0.370158621205E+01 -0.641133538787E+01  0.000000000000E+00
  0.370158621205E+01  0.641133538787E+01  0.000000000000E+00
  0.000000000000E+00  0.000000000000E+00  0.868503800000E+01
    1
  0.100000000000E+01  0.000000000000E+00  0.000000000000E+00
  0.000000000000E+00  0.100000000000E+01  0.000000000000E+00
  0.000000000000E+00  0.000000000000E+00  0.100000000000E+01
  0.000000000000E+00  0.000000000000E+00  0.000000000000E+00
   15
    6      2.609562666361      2.888104547738      2.953762490119
    6      3.689927979652      4.939773803755      2.574176691800
    6      2.357208076163     -1.366171635461      2.258897261030
    6      3.626210405613      0.725434643845      2.508233233989
    6      3.759853399747     -3.511761508007      2.705651122748
    6      6.128790467646      0.583096615281      2.673877680807
    6      1.081986805716     -0.691426908939      2.199679484781
    6      2.552713742934      1.499004081540      3.006998219893
    6      3.885002127634      3.584413841457      2.974751162124
    6      2.476529015593     -2.761268325139      2.602454570373
    6      3.507247136020     -0.571554496809      2.062052230819
    6      4.973429884402      1.286114486330      2.374992020340
    6      3.714723872763     -5.034520073272      2.646600174351
    6      5.080178851573     -2.771969826390      2.856836800646
    6      6.080428748923     -0.934381041884      2.683707856178
    1    1
