   3   1   1 E -5.7030001296148E+02 DE 1.8E-10( 17)
  0.370158621205E+01 -0.641133538787E+01  0.000000000000E+00
  0.370158621205E+01  0.641133538787E+01  0.000000000000E+00
  0.000000000000E+00  0.000000000000E+00  0.868503800000E+01
    1
  0.100000000000E+01  0.000000000000E+00  0.000000000000E+00
  0.000000000000E+00  0.100000000000E+01  0.000000000000E+00
  0.000000000000E+00  0.000000000000E+00  0.100000000000E+01
  0.000000000000E+00  0.000000000000E+00  0.000000000000E+00
   15
    6      2.614910284092      2.889272946256      2.951515786178
    6      3.689828911170      4.937655334199      2.590696853105
    6      2.351639623464     -1.361084613692      2.277442770385
    6      3.627503155806      0.722220509214      2.491678153219
    6      3.760913643025     -3.503769314705      2.707229242098
    6      6.123734091980      0.574379950491      2.664534733043
    6      1.077080618239     -0.685614005703      2.207824261720
    6      2.557965134422      1.498737384595      2.999724263686
    6      3.891810443906      3.581699449030      2.963588045773
    6      2.477826983784     -2.755225862661      2.618354193246
    6      3.501845389423     -0.573127726296      2.051727397980
    6      4.973553135575      1.277001483888      2.382900711445
    6      3.710197014180     -5.034600698963      2.620885122266
    6      5.090839963326     -2.750661952825      2.849887289830
    6      6.074144788348     -0.953994678783      2.704682176027
    1    1
