   3   1   1 E -5.7030089597480E+02 DE 5.7E-10( 19)
  0.370158621205E+01 -0.641133538787E+01  0.000000000000E+00
  0.370158621205E+01  0.641133538787E+01  0.000000000000E+00
  0.000000000000E+00  0.000000000000E+00  0.868503800000E+01
    1
  0.100000000000E+01  0.000000000000E+00  0.000000000000E+00
  0.000000000000E+00  0.100000000000E+01  0.000000000000E+00
  0.000000000000E+00  0.000000000000E+00  0.100000000000E+01
  0.000000000000E+00  0.000000000000E+00  0.000000000000E+00
   15
    6      2.633213783525      2.892922088589      2.941962609257
    6      3.690849571538      4.930335716714      2.588701148084
    6      2.338038204978     -1.346608376075      2.306479431707
    6      3.622618134761      0.720702764946      2.485214510479
    6      3.768027138227     -3.486408694590      2.687040754856
    6      6.109517348365      0.548461014327      2.670902140428
    6      1.061380231305     -0.668493969817      2.220038807252
    6      2.564837699341      1.505546202723      3.002811073719
    6      3.917306083449      3.571913060922      2.933018188354
    6      2.482590037469     -2.740461222086      2.621972967170
    6      3.484608577377     -0.569192016275      2.015349180242
    6      4.973154333369      1.255751773112      2.404151599498
    6      3.700874961478     -5.040508796539      2.646751904672
    6      5.124906015770     -2.700487387135      2.834646668935
    6      6.051871059786     -1.010583954772      2.723630015347
    1    1
