   3   1   1 E -5.7029906129420E+02 DE-3.4E-10( 16)
  0.370158621205E+01 -0.641133538787E+01  0.000000000000E+00
  0.370158621205E+01  0.641133538787E+01  0.000000000000E+00
  0.000000000000E+00  0.000000000000E+00  0.868503800000E+01
    1
  0.100000000000E+01  0.000000000000E+00  0.000000000000E+00
  0.000000000000E+00  0.100000000000E+01  0.000000000000E+00
  0.000000000000E+00  0.000000000000E+00  0.100000000000E+01
  0.000000000000E+00  0.000000000000E+00  0.000000000000E+00
   15
    6      2.596061539032      2.890011296813      2.934326147202
    6      3.690137910817      4.945856288260      2.587346819196
    6      2.367584448656     -1.379287891808      2.288293369554
    6      3.628687989824      0.726821854680      2.484154761027
    6      3.756011159806     -3.523325977823      2.710073590251
    6      6.137169127574      0.599246151381      2.679136818534
    6      1.093243156706     -0.706834805686      2.201640028585
    6      2.546628822512      1.500440386465      3.005988510497
    6      3.865679264824      3.594383512702      2.952121244905
    6      2.478060626438     -2.774560706842      2.600590941472
    6      3.519999238853     -0.579039592937      2.057090635397
    6      4.972858827751      1.300519699257      2.348410043002
    6      3.715510044059     -5.029669030323      2.663557482996
    6      5.059979517994     -2.800688748306      2.849633370208
    6      6.096181505895     -0.900984231789      2.720307237173
    1    1
