   3   1   1 E -5.7022456476806E+02 DE-8.2E-11( 22)
  0.370158621205E+01 -0.641133538787E+01  0.000000000000E+00
  0.370158621205E+01  0.641133538787E+01  0.000000000000E+00
  0.000000000000E+00  0.000000000000E+00  0.868503800000E+01
    1
  0.100000000000E+01  0.000000000000E+00  0.000000000000E+00
  0.000000000000E+00  0.100000000000E+01  0.000000000000E+00
  0.000000000000E+00  0.000000000000E+00  0.100000000000E+01
  0.000000000000E+00  0.000000000000E+00  0.000000000000E+00
   15
    6      2.480089452603      2.856546593522      2.583430916516
    6      3.689357719151      4.993334656567      2.581356592509
    6      2.479666589403     -1.417832440279      2.590981893052
    6      3.689541185114      0.719352684848      2.618566862723
    6      3.689539320244     -3.555115209519      2.601774486532
    6      6.181387372950      0.719265386647      2.759022766295
    6      1.233393981463     -0.829699178871      2.444549441447
    6      2.596425602813      1.476489464179      2.746153177418
    6      3.572942640986      3.613513611150      2.762558704085
    6      2.596507811928     -2.798152092143      2.508523473889
    6      3.572915391913     -0.660328937126      2.448618073394
    6      4.935768322621      1.307484704147      2.486786145531
    6      3.572636866195     -4.935055187616      2.584353608338
    6      4.935527342162     -2.966256000475      2.752192709457
    6      6.298093581193     -0.660659850986      2.613802148815
    1    1
