   3   1   1 E -5.7029633477962E+02 DE 1.7E-10( 19)
  0.370158621205E+01 -0.641133538787E+01  0.000000000000E+00
  0.370158621205E+01  0.641133538787E+01  0.000000000000E+00
  0.000000000000E+00  0.000000000000E+00  0.868503800000E+01
    1
  0.100000000000E+01  0.000000000000E+00  0.000000000000E+00
  0.000000000000E+00  0.100000000000E+01  0.000000000000E+00
  0.000000000000E+00  0.000000000000E+00  0.100000000000E+01
  0.000000000000E+00  0.000000000000E+00  0.000000000000E+00
   15
    6      2.569635736134      2.886400364942      2.912293973215
    6      3.684624563530      4.960376072458      2.542189997750
    6      2.387710232600     -1.401178771338      2.272245695023
    6      3.653095609034      0.722081706624      2.517381781735
    6      3.728281178977     -3.534422980478      2.728903529420
    6      6.153828177947      0.634081191921      2.665899936437
    6      1.126100951687     -0.742980944604      2.133204050664
    6      2.563314615765      1.492193060729      2.972625063436
    6      3.811520403636      3.605374220720      2.954303329245
    6      2.474132710792     -2.785145634261      2.646636629784
    6      3.546853418084     -0.614091890303      2.099641530181
    6      4.978252721804      1.328635553383      2.400695051187
    6      3.692607897063     -5.004726174981      2.666912079065
    6      5.013287569187     -2.851157149348      2.823686319127
    6      6.140547394497     -0.832550421418      2.746052033732
    1    1
