   3   1   1 E -5.7026232910842E+02 DE-4.5E-09( 13)
  0.370158621205E+01 -0.641133538787E+01  0.000000000000E+00
  0.370158621205E+01  0.641133538787E+01  0.000000000000E+00
  0.000000000000E+00  0.000000000000E+00  0.868503800000E+01
    1
  0.100000000000E+01  0.000000000000E+00  0.000000000000E+00
  0.000000000000E+00  0.100000000000E+01  0.000000000000E+00
  0.000000000000E+00  0.000000000000E+00  0.100000000000E+01
  0.000000000000E+00  0.000000000000E+00  0.000000000000E+00
   15
    6      2.467302662912      2.849667036617      2.606403729790
    6      3.702008576500      4.986779774357      2.605471684214
    6      2.467302614876     -1.424554066499      2.604295386724
    6      3.702008648885      0.712556670714      2.605367410320
    6      3.702009006379     -3.561667035667      2.605705828094
    6      6.168885968896      0.712557311761      2.606144023370
    6      1.233860968946     -0.731535581315      2.603768320686
    6      2.484493999185      1.434135759455      2.607057136422
    6      3.684816046528      3.571248935780      2.607148423786
    6      2.484496692278     -2.840084848962      2.604390879715
    6      3.684817414086     -0.702972271427      2.603600141846
    6      4.935447810369      1.405577241755      2.604745839153
    6      3.684812819783     -4.977197633415      2.605697831277
    6      4.935449710694     -2.868648658298      2.607125120715
    6      6.186080240422     -0.702974430810      2.605749243889
    1    1
