   3   1   1 E -5.7029427764232E+02 DE 3.0E-11( 18)
  0.370158621205E+01 -0.641133538787E+01  0.000000000000E+00
  0.370158621205E+01  0.641133538787E+01  0.000000000000E+00
  0.000000000000E+00  0.000000000000E+00  0.868503800000E+01
    1
  0.100000000000E+01  0.000000000000E+00  0.000000000000E+00
  0.000000000000E+00  0.100000000000E+01  0.000000000000E+00
  0.000000000000E+00  0.000000000000E+00  0.100000000000E+01
  0.000000000000E+00  0.000000000000E+00  0.000000000000E+00
   15
    6      2.539068386965      2.875841721741      2.853867848437
    6      3.687841755951      4.966244294878      2.549857696782
    6      2.408078293901     -1.408104808709      2.391483663875
    6      3.672952165086      0.719103071165      2.515252550176
    6      3.716529330640     -3.542832129902      2.706835962583
    6      6.157471850099      0.654987588184      2.646959952916
    6      1.149465684195     -0.751746540899      2.199845023682
    6      2.550351796823      1.473817063421      2.926635455970
    6      3.766492568063      3.606554870655      2.927213284203
    6      2.477840385742     -2.793120208092      2.666329110601
    6      3.587877228092     -0.627897462536      2.235455587359
    6      4.978479592267      1.352177459393      2.266092733413
    6      3.682284445210     -4.998433555594      2.648906024587
    6      4.992623994631     -2.865520761328      2.834925695505
    6      6.156435703074     -0.798182398331      2.713010409910
    1    1
