   3   1   1 E -5.7025737454973E+02 DE 1.6E-05( 30)
  0.370158621205E+01 -0.641133538787E+01  0.000000000000E+00
  0.370158621205E+01  0.641133538787E+01  0.000000000000E+00
  0.000000000000E+00  0.000000000000E+00  0.868503800000E+01
    1
  0.100000000000E+01  0.000000000000E+00  0.000000000000E+00
  0.000000000000E+00  0.100000000000E+01  0.000000000000E+00
  0.000000000000E+00  0.000000000000E+00  0.100000000000E+01
  0.000000000000E+00  0.000000000000E+00  0.000000000000E+00
   15
    6      2.454610775343      2.843783047114      2.622882505445
    6      3.715390680290      4.980169856399      2.589708626292
    6      2.452657254088     -1.428984292313      2.579030120591
    6      3.713999098468      0.704226211445      2.589139885955
    6      3.714588027094     -3.568938622081      2.610083729631
    6      6.153369778668      0.706087892924      2.645985628577
    6      1.231468981401     -0.701844822779      2.534235452051
    6      2.439800180409      1.426502699875      2.676134082265
    6      3.730701086992      3.561158629465      2.676894491186
    6      2.439128947819     -2.847286864720      2.560259408135
    6      3.730277488632     -0.706090522178      2.536630902613
    6      4.945573998792      1.435176623452      2.565372049350
    6      3.727764697197     -4.992307636529      2.603474755881
    6      4.938950862580     -2.838068647800      2.663998795577
    6      6.135511322966     -0.710695348229      2.628840566448
    1    1
