   3   1   1 E -5.7029771248809E+02 DE-6.7E-09( 16)
  0.370158621205E+01 -0.641133538787E+01  0.000000000000E+00
  0.370158621205E+01  0.641133538787E+01  0.000000000000E+00
  0.000000000000E+00  0.000000000000E+00  0.868503800000E+01
    1
  0.100000000000E+01  0.000000000000E+00  0.000000000000E+00
  0.000000000000E+00  0.100000000000E+01  0.000000000000E+00
  0.000000000000E+00  0.000000000000E+00  0.100000000000E+01
  0.000000000000E+00  0.000000000000E+00  0.000000000000E+00
   15
    6      2.586345838470      2.889738631378      2.942116698335
    6      3.683121915634      4.955525689053      2.568950356086
    6      2.374278182246     -1.393278742078      2.282467078026
    6      3.644109083967      0.724284889113      2.544887547163
    6      3.738401538779     -3.531694587418      2.703107997453
    6      6.148293713482      0.620299726660      2.665397083453
    6      1.106560430707     -0.731472521565      2.106081611119
    6      2.564878470052      1.495997637486      2.994917022516
    6      3.839111975083      3.604051110622      2.979595143219
    6      2.470151022437     -2.780425302255      2.591390877387
    6      3.532881473839     -0.599097444558      2.142570702786
    6      4.977471460109      1.318748121547      2.365944141193
    6      3.700996924035     -5.014808659154      2.631044750259
    6      5.031619055652     -2.839357018820      2.841691383029
    6      6.125572096248     -0.855623325967      2.722508607976
    1    1
