   3   1   1 E -7.0604136090743E+02 DE 2.6E-09( 38)
  0.370158621205E+01 -0.641133538787E+01  0.000000000000E+00
  0.370158621205E+01  0.641133538787E+01  0.000000000000E+00
  0.000000000000E+00  0.000000000000E+00  0.868503800000E+01
    1
  0.100000000000E+01  0.000000000000E+00  0.000000000000E+00
  0.000000000000E+00  0.100000000000E+01  0.000000000000E+00
  0.000000000000E+00  0.000000000000E+00  0.100000000000E+01
  0.000000000000E+00  0.000000000000E+00  0.000000000000E+00
   15
    6      2.709892410304      2.894320391638      2.858398389113
    6      3.708096844041      4.895822240823      2.654017735380
    6      2.316229437607     -1.281889131249      2.348724340657
    6      3.586665417077      0.732192048858      2.451957134154
    6      3.786888208028     -3.425769228837      2.665784969251
    6      6.039508387872      0.454109147693      2.698075066685
    6      1.025874620832     -0.605869095246      2.398303265497
    6      2.567799573055      1.546714530991      3.028443512488
    6      4.025081813489      3.504858672995      2.725429315825
    6      2.516748460725     -2.686603015400      2.650741275316
    6      3.435055188572     -0.555834008241      1.975438656946
    6      4.927704604194      1.189662188584      2.416997878661
    6      3.632568565573     -5.063879267789      2.631295495256
    6      5.294095341245     -2.481481293263      2.808880717012
    6      5.951584308125     -1.253465977512      2.770183247759
    1    1
