   3   1   1 E -5.7030381103999E+02 DE 4.0E-10( 20)
  0.370158621205E+01 -0.641133538787E+01  0.000000000000E+00
  0.370158621205E+01  0.641133538787E+01  0.000000000000E+00
  0.000000000000E+00  0.000000000000E+00  0.868503800000E+01
    1
  0.100000000000E+01  0.000000000000E+00  0.000000000000E+00
  0.000000000000E+00  0.100000000000E+01  0.000000000000E+00
  0.000000000000E+00  0.000000000000E+00  0.100000000000E+01
  0.000000000000E+00  0.000000000000E+00  0.000000000000E+00
   15
    6      2.670525927326      2.899543424219      2.918387343999
    6      3.694700273332      4.913037754125      2.606643934446
    6      2.315676105246     -1.316694530398      2.327100950267
    6      3.608078709839      0.721555964442      2.461470807426
    6      3.782928641524     -3.451737526215      2.667639596849
    6      6.080164919830      0.496034049502      2.703866597872
    6      1.033575575720     -0.635433013132      2.273718076996
    6      2.572765472366      1.523639332327      3.016650278983
    6      3.970588958046      3.546584733795      2.865242057051
    6      2.494837750674     -2.712026745781      2.629716538132
    6      3.451165725464     -0.560840949077      1.956774366805
    6      4.965003561599      1.215707639392      2.438332866999
    6      3.679800912136     -5.052335045881      2.642969549356
    6      5.199862225025     -2.593788987223      2.810548887175
    6      6.004118422611     -1.130357896049      2.763609147644
    1    1
