   3   1   1 E -5.7029131706326E+02 DE 3.2E-10( 16)
  0.370158621205E+01 -0.641133538787E+01  0.000000000000E+00
  0.370158621205E+01  0.641133538787E+01  0.000000000000E+00
  0.000000000000E+00  0.000000000000E+00  0.868503800000E+01
    1
  0.100000000000E+01  0.000000000000E+00  0.000000000000E+00
  0.000000000000E+00  0.100000000000E+01  0.000000000000E+00
  0.000000000000E+00  0.000000000000E+00  0.100000000000E+01
  0.000000000000E+00  0.000000000000E+00  0.000000000000E+00
   15
    6      2.526496866099      2.871966605328      2.803403001974
    6      3.688469455796      4.968972291662      2.528719973338
    6      2.414302962329     -1.410306856535      2.433008565196
    6      3.682556432918      0.719715506918      2.504221692803
    6      3.714972497725     -3.549735669280      2.730108271513
    6      6.157506049163      0.663094412306      2.653317099776
    6      1.153543334427     -0.756756674979      2.249971068345
    6      2.546264403583      1.468197775018      2.887955810226
    6      3.746011243460      3.609259515838      2.891114247911
    6      2.482621565737     -2.799349706656      2.727955967276
    6      3.603629897575     -0.627490877421      2.220240111936
    6      4.981017727919      1.360914588732      2.247029210999
    6      3.677770066070     -4.999248650152      2.667194187407
    6      4.986931678099     -2.873811933364      2.818801087362
    6      6.161698999840     -0.782532123369      2.719630703938
    1    1
