   3   1   1 E -5.7028357267488E+02 DE 9.8E-12( 21)
  0.370158621205E+01 -0.641133538787E+01  0.000000000000E+00
  0.370158621205E+01  0.641133538787E+01  0.000000000000E+00
  0.000000000000E+00  0.000000000000E+00  0.868503800000E+01
    1
  0.100000000000E+01  0.000000000000E+00  0.000000000000E+00
  0.000000000000E+00  0.100000000000E+01  0.000000000000E+00
  0.000000000000E+00  0.000000000000E+00  0.100000000000E+01
  0.000000000000E+00  0.000000000000E+00  0.000000000000E+00
   15
    6      2.498798755464      2.861879489019      2.742113221973
    6      3.673369579334      4.980755223992      2.567617020612
    6      2.449999110091     -1.404073534301      2.350642712111
    6      3.693351193644      0.723003363740      2.556635132450
    6      3.709515369495     -3.563918663134      2.789312546927
    6      6.164714546759      0.684426959121      2.597609325961
    6      1.172903991179     -0.751317731467      2.154610861311
    6      2.529202235876      1.452290356503      2.934923554014
    6      3.688111966415      3.597733864921      2.948674132965
    6      2.510844282520     -2.819362643638      2.706167656132
    6      3.644734694934     -0.634416981920      2.243819640965
    6      4.976504859512      1.374343049489      2.210113305146
    6      3.671649817787     -4.996648518911      2.758013737764
    6      4.966319155735     -2.890432031124      2.882631332182
    6      6.173773621992     -0.751373998247      2.639786819487
    1    1
