   3   1   1 E -5.7029577919385E+02 DE 3.0E-10( 17)
  0.370158621205E+01 -0.641133538787E+01  0.000000000000E+00
  0.370158621205E+01  0.641133538787E+01  0.000000000000E+00
  0.000000000000E+00  0.000000000000E+00  0.868503800000E+01
    1
  0.100000000000E+01  0.000000000000E+00  0.000000000000E+00
  0.000000000000E+00  0.100000000000E+01  0.000000000000E+00
  0.000000000000E+00  0.000000000000E+00  0.100000000000E+01
  0.000000000000E+00  0.000000000000E+00  0.000000000000E+00
   15
    6      2.566035328854      2.885041528205      2.897427119860
    6      3.684755673956      4.961361053159      2.518074599209
    6      2.390080888646     -1.401898832807      2.282509577983
    6      3.655809704897      0.721321879192      2.522333814768
    6      3.726677349912     -3.535457433349      2.735725233239
    6      6.153760647508      0.636414193899      2.677363876713
    6      1.128915239921     -0.744531109936      2.104562290007
    6      2.563624851082      1.490305073193      2.958946373850
    6      3.805563446431      3.606056866440      2.941640115523
    6      2.475282885132     -2.785461354001      2.677483684120
    6      3.550807504621     -0.615087852588      2.125900744448
    6      4.979222656410      1.330669938892      2.410364534224
    6      3.690243157500     -5.003479198375      2.675772135261
    6      5.010470875440     -2.853982687403      2.813589071321
    6      6.142542970430     -0.828383860479      2.740977829474
    1    1
