   3   1   1 E -5.7027810493601E+02 DE 2.6E-10( 19)
  0.370158621205E+01 -0.641133538787E+01  0.000000000000E+00
  0.370158621205E+01  0.641133538787E+01  0.000000000000E+00
  0.000000000000E+00  0.000000000000E+00  0.868503800000E+01
    1
  0.100000000000E+01  0.000000000000E+00  0.000000000000E+00
  0.000000000000E+00  0.100000000000E+01  0.000000000000E+00
  0.000000000000E+00  0.000000000000E+00  0.100000000000E+01
  0.000000000000E+00  0.000000000000E+00  0.000000000000E+00
   15
    6      2.473007889846      2.851483278975      2.668277442583
    6      3.696362613372      4.981192375376      2.551140897147
    6      2.453752037900     -1.418680033212      2.495935465069
    6      3.705155115591      0.711669687189      2.601587056094
    6      3.710486517852     -3.565381897968      2.626087435894
    6      6.159632497067      0.699206581441      2.704182853336
    6      1.205912100604     -0.723391976683      2.377251097014
    6      2.477409138999      1.433428619351      2.800796084081
    6      3.710454318383      3.575781582904      2.809007932005
    6      2.470239406968     -2.837299326687      2.598388100262
    6      3.696266403560     -0.676768446592      2.368020121115
    6      4.958201870399      1.410489925908      2.421614659209
    6      3.703500090859     -4.992387445068      2.617889197636
    6      4.949992652754     -2.858922707256      2.764452496949
    6      6.153420526587     -0.727532013634      2.678040161606
    1    1
