   3   1   1 E -5.7029810404390E+02 DE 3.1E-11( 17)
  0.370158621205E+01 -0.641133538787E+01  0.000000000000E+00
  0.370158621205E+01  0.641133538787E+01  0.000000000000E+00
  0.000000000000E+00  0.000000000000E+00  0.868503800000E+01
    1
  0.100000000000E+01  0.000000000000E+00  0.000000000000E+00
  0.000000000000E+00  0.100000000000E+01  0.000000000000E+00
  0.000000000000E+00  0.000000000000E+00  0.100000000000E+01
  0.000000000000E+00  0.000000000000E+00  0.000000000000E+00
   15
    6      2.587338350293      2.889785314332      2.944382736606
    6      3.683919451134      4.954895467308      2.578556566223
    6      2.373467350053     -1.391932361232      2.275991784406
    6      3.642944870642      0.724018635009      2.530639365578
    6      3.739863748071     -3.531108930377      2.690459271212
    6      6.147246577472      0.618664606849      2.670711273885
    6      1.105371374909     -0.728889397559      2.124495328367
    6      2.562871305043      1.495754463176      2.996410150586
    6      3.842299626993      3.603255991195      2.979362135263
    6      2.469878032228     -2.780093421897      2.588577133095
    6      3.532506729377     -0.597637228611      2.138123332046
    6      4.976420531613      1.317188204725      2.362757065898
    6      3.702482148710     -5.016078149839      2.639194035647
    6      5.033999773254     -2.836190989840      2.845617366683
    6      6.123183310947     -0.858743999195      2.717393454505
    1    1
