   3   1   1 E -5.7029946815169E+02 DE-4.6E-10( 16)
  0.370158621205E+01 -0.641133538787E+01  0.000000000000E+00
  0.370158621205E+01  0.641133538787E+01  0.000000000000E+00
  0.000000000000E+00  0.000000000000E+00  0.868503800000E+01
    1
  0.100000000000E+01  0.000000000000E+00  0.000000000000E+00
  0.000000000000E+00  0.100000000000E+01  0.000000000000E+00
  0.000000000000E+00  0.000000000000E+00  0.100000000000E+01
  0.000000000000E+00  0.000000000000E+00  0.000000000000E+00
   15
    6      2.604253086344      2.889319897436      2.948035929261
    6      3.689646783266      4.941602453032      2.589053841609
    6      2.361880347514     -1.372141874764      2.269088570018
    6      3.625773603827      0.727798518046      2.500275593823
    6      3.759078824770     -3.518139415231      2.684110038640
    6      6.133119176837      0.589916030301      2.674928424622
    6      1.086005772503     -0.698905828632      2.200693729474
    6      2.549080574238      1.501637739058      3.012203828935
    6      3.877261603022      3.589137805846      2.968697588597
    6      2.477511161494     -2.767900365070      2.602899868064
    6      3.511651409033     -0.572032679258      2.055461004025
    6      4.973781519116      1.293155803416      2.358791303131
    6      3.716595853503     -5.033618995493      2.635722609430
    6      5.071564568753     -2.787547064961      2.855163831964
    6      6.086588896519     -0.919393819680      2.727544838409
    1    1
