   3   1   1 E -5.7028913164073E+02 DE 9.9E-10( 18)
  0.370158621205E+01 -0.641133538787E+01  0.000000000000E+00
  0.370158621205E+01  0.641133538787E+01  0.000000000000E+00
  0.000000000000E+00  0.000000000000E+00  0.868503800000E+01
    1
  0.100000000000E+01  0.000000000000E+00  0.000000000000E+00
  0.000000000000E+00  0.100000000000E+01  0.000000000000E+00
  0.000000000000E+00  0.000000000000E+00  0.100000000000E+01
  0.000000000000E+00  0.000000000000E+00  0.000000000000E+00
   15
    6      2.521332868474      2.869693433123      2.789605877821
    6      3.686801396935      4.970525496935      2.510814818942
    6      2.419173499160     -1.408692266257      2.451709932813
    6      3.685590359364      0.719889362703      2.481247106346
    6      3.714640577610     -3.552510395633      2.746399026455
    6      6.158203397149      0.666286933127      2.640953093296
    6      1.154736378182     -0.758391606835      2.258194045612
    6      2.544596133042      1.465598130113      2.890093795104
    6      3.733950710654      3.608398409830      2.894777676441
    6      2.488796446849     -2.800935935824      2.739918835972
    6      3.609876235701     -0.624996820552      2.239067699612
    6      4.981495145815      1.362243105993      2.211557542976
    6      3.674606275887     -4.999192236181      2.682358552100
    6      4.984876492335     -2.878667699065      2.827178263040
    6      6.165117263582     -0.776359707432      2.718794733469
    1    1
