   3   1   1 E -6.0893920751434E+02 DE-6.2E-11( 10)
  0.370158621205E+01 -0.641133538787E+01  0.000000000000E+00
  0.370158621205E+01  0.641133538787E+01  0.000000000000E+00
  0.000000000000E+00  0.000000000000E+00  0.868503800000E+01
    1
  0.100000000000E+01  0.000000000000E+00  0.000000000000E+00
  0.000000000000E+00  0.100000000000E+01  0.000000000000E+00
  0.000000000000E+00  0.000000000000E+00  0.100000000000E+01
  0.000000000000E+00  0.000000000000E+00  0.000000000000E+00
   16
    6      1.272412083253      0.690112966645      2.605517028915
    6      2.455094932290      2.963649557287      2.605528447435
    6      3.596407898050      4.940440535930      2.605483419611
    6      2.410535481083     -1.531905430046      2.605496995283
    6      3.765796214189      0.815488663102      2.605536097142
    6      3.712169257156     -3.598039843996      2.605487697613
    6      4.869099632566     -1.386426673672      2.605516889051
    6      6.205944687648      0.721295919792      2.605533100621
    6      1.169673390643     -0.815484846318      2.605511079913
    6      2.524920100460      1.531884917754      2.605522398620
    6      2.480339032368     -2.963671069795      2.605439706969
    6      3.663020951071     -0.690104256551      2.605520932790
    6      5.040637941254      1.470918980007      2.605547668132
    6      3.767927973019     -5.024905019686      2.605515977366
    6      4.924864403602     -2.813293822836      2.605508683308
    6      6.132673343456     -0.721295965483      2.605516277231
    1    1
