   3   1   1 E -6.0893917639854E+02 DE 2.4E-10(  7)
  0.370158621205E+01 -0.641133538787E+01  0.000000000000E+00
  0.370158621205E+01  0.641133538787E+01  0.000000000000E+00
  0.000000000000E+00  0.000000000000E+00  0.868503800000E+01
    1
  0.100000000000E+01  0.000000000000E+00  0.000000000000E+00
  0.000000000000E+00  0.100000000000E+01  0.000000000000E+00
  0.000000000000E+00  0.000000000000E+00  0.100000000000E+01
  0.000000000000E+00  0.000000000000E+00  0.000000000000E+00
   16
    6      1.272972944980      0.689797808280      2.605516625353
    6      2.458452630873      2.969572299578      2.604463938140
    6      3.592958784681      4.934578051035      2.606790495598
    6      2.409442600696     -1.534276703071      2.605572540290
    6      3.767306716554      0.817628387331      2.605439423164
    6      3.713040612711     -3.598056401891      2.605023723367
    6      4.868693382057     -1.386193869696      2.605657561891
    6      6.206399425999      0.720549480568      2.605932277440
    6      1.168140466815     -0.817628333621      2.606090767622
    6      2.526005319054      1.534277410100      2.605035171429
    6      2.476994721999     -2.969573270833      2.604833758192
    6      3.662478898205     -0.689799368497      2.605586627117
    6      5.044075741223      1.476756743847      2.605419367452
    6      3.768342020609     -5.025141499113      2.605547017103
    6      4.923992193066     -2.813279131037      2.604824517861
    6      6.132220862584     -0.720546990845      2.606448587981
    1    1
