   3   1   1 E -6.0893924466953E+02 DE 3.5E-11( 10)
  0.370158621205E+01 -0.641133538787E+01  0.000000000000E+00
  0.370158621205E+01  0.641133538787E+01  0.000000000000E+00
  0.000000000000E+00  0.000000000000E+00  0.868503800000E+01
    1
  0.100000000000E+01  0.000000000000E+00  0.000000000000E+00
  0.000000000000E+00  0.100000000000E+01  0.000000000000E+00
  0.000000000000E+00  0.000000000000E+00  0.100000000000E+01
  0.000000000000E+00  0.000000000000E+00  0.000000000000E+00
   16
    6      1.273516295613      0.689482215838      2.605456823438
    6      2.457901919858      2.968766483476      2.604917056744
    6      3.593378908994      4.935460790702      2.606205713337
    6      2.409306603317     -1.534417484521      2.606043233961
    6      3.767361300298      0.817813258172      2.604871651452
    6      3.712865775799     -3.598278280648      2.606063706601
    6      4.868146109250     -1.385877793196      2.605438028689
    6      6.206504553255      0.720811773503      2.604990526004
    6      1.168082165468     -0.817810951899      2.605618126774
    6      2.526136847491      1.534419836696      2.605297572496
    6      2.477539153942     -2.968772605113      2.607309077496
    6      3.661941772174     -0.689488349572      2.605392744399
    6      5.043657423034      1.475885581236      2.604139159170
    6      3.768893211391     -5.025460628911      2.605470012632
    6      4.924168257712     -2.813058652762      2.605482861074
    6      6.132117024511     -0.720810580869      2.605486105732
    1    1
