   3   1   1 E -6.0893907404847E+02 DE 1.2E-10( 12)
  0.370158621205E+01 -0.641133538787E+01  0.000000000000E+00
  0.370158621205E+01  0.641133538787E+01  0.000000000000E+00
  0.000000000000E+00  0.000000000000E+00  0.868503800000E+01
    1
  0.100000000000E+01  0.000000000000E+00  0.000000000000E+00
  0.000000000000E+00  0.100000000000E+01  0.000000000000E+00
  0.000000000000E+00  0.000000000000E+00  0.100000000000E+01
  0.000000000000E+00  0.000000000000E+00  0.000000000000E+00
   16
    6      1.268371032099      0.692443557076      2.605510704893
    6      2.452016136493      2.955337569630      2.605511310983
    6      3.602064001697      4.947258677264      2.605512979414
    6      2.413779818040     -1.526601798295      2.605511448802
    6      3.762824883162      0.810012555439      2.605509566773
    6      3.710861068817     -3.596514500564      2.605513564755
    6      4.873895078498     -1.389204211999      2.605510894512
    6      6.203959803120      0.721669434509      2.605509631961
    6      1.172681767648     -0.810006802942      2.605510855053
    6      2.521692179284      1.526547671216      2.605510369994
    6      2.483419683888     -2.955369293815      2.605516024955
    6      3.667008433418     -0.692404505071      2.605510310538
    6      5.034991740414      1.464105611868      2.605510651702
    6      3.763117120379     -5.022118636575      2.605510878140
    6      4.926176716516     -2.814815808946      2.605512621495
    6      6.134657858632     -0.721674906660      2.605510586029
    1    1
