   3   1   1 E -6.0893924760467E+02 DE 1.1E-10( 10)
  0.370158621205E+01 -0.641133538787E+01  0.000000000000E+00
  0.370158621205E+01  0.641133538787E+01  0.000000000000E+00
  0.000000000000E+00  0.000000000000E+00  0.868503800000E+01
    1
  0.100000000000E+01  0.000000000000E+00  0.000000000000E+00
  0.000000000000E+00  0.100000000000E+01  0.000000000000E+00
  0.000000000000E+00  0.000000000000E+00  0.100000000000E+01
  0.000000000000E+00  0.000000000000E+00  0.000000000000E+00
   16
    6      1.273034997759      0.689761840202      2.605523718291
    6      2.458419614046      2.969533261153      2.604169671873
    6      3.592975878088      4.934626619080      2.607193306906
    6      2.409422470967     -1.534309264737      2.605440761267
    6      3.767324930192      0.817661804487      2.605536057244
    6      3.713031391730     -3.598078898525      2.604843350858
    6      4.868632918773     -1.386158992070      2.605677584682
    6      6.206414346668      0.720568706394      2.606097407945
    6      1.168121671990     -0.817661563478      2.606124554783
    6      2.526024909629      1.534310317801      2.605015360241
    6      2.477027242829     -2.969534600661      2.604296896609
    6      3.662417747631     -0.689764056975      2.605579124497
    6      5.044058751532      1.476709328927      2.605792175832
    6      3.768402948362     -5.025176762263      2.605547098472
    6      4.924001469315     -2.813256846705      2.604642007361
    6      6.132206032594     -0.720566280497      2.606703323141
    1    1
