   3   1   1 E -6.0893924740075E+02 DE 1.6E-09(  7)
  0.370158621205E+01 -0.641133538787E+01  0.000000000000E+00
  0.370158621205E+01  0.641133538787E+01  0.000000000000E+00
  0.000000000000E+00  0.000000000000E+00  0.868503800000E+01
    1
  0.100000000000E+01  0.000000000000E+00  0.000000000000E+00
  0.000000000000E+00  0.100000000000E+01  0.000000000000E+00
  0.000000000000E+00  0.000000000000E+00  0.100000000000E+01
  0.000000000000E+00  0.000000000000E+00  0.000000000000E+00
   16
    6      1.273297531326      0.689609533990      2.605489069316
    6      2.458252576459      2.969316517603      2.605884523454
    6      3.593079063596      4.934881725329      2.605015754477
    6      2.409338852462     -1.534430597863      2.605860313506
    6      3.767388582630      0.817793504847      2.605279791040
    6      3.712979540429     -3.598177041432      2.605922637988
    6      4.868375029867     -1.386010250260      2.605486394385
    6      6.206473544035      0.720662543442      2.605220632413
    6      1.168055710429     -0.817792416939      2.605766239045
    6      2.526106214397      1.534432932885      2.605263097869
    6      2.477192192147     -2.969319445697      2.604864105854
    6      3.662158678842     -0.689614431060      2.605505184885
    6      5.043956098879      1.476459545826      2.606042514610
    6      3.768662756245     -5.025327217876      2.605529223162
    6      4.924053700523     -2.813159652307      2.605742797026
    6      6.132147249840     -0.720660638354      2.605310120971
    1    1
