   3   1   1 E -6.0893670888014E+02 DE 3.4E-10( 12)
  0.370158621205E+01 -0.641133538787E+01  0.000000000000E+00
  0.370158621205E+01  0.641133538787E+01  0.000000000000E+00
  0.000000000000E+00  0.000000000000E+00  0.868503800000E+01
    1
  0.100000000000E+01  0.000000000000E+00  0.000000000000E+00
  0.000000000000E+00  0.100000000000E+01  0.000000000000E+00
  0.000000000000E+00  0.000000000000E+00  0.100000000000E+01
  0.000000000000E+00  0.000000000000E+00  0.000000000000E+00
   16
    6      1.242078828729      0.707628063410      2.605511610725
    6      2.445970822805      2.931430412003      2.605511329873
    6      3.619727792625      4.964454666085      2.605511207637
    6      2.436007357180     -1.505007822104      2.605511429249
    6      3.755250933501      0.779946500383      2.605511517753
    6      3.707336249718     -3.586817814071      2.605511001975
    6      4.902245369105     -1.405573845758      2.605511472130
    6      6.193789734663      0.719859552126      2.605511827838
    6      1.180276651091     -0.779941292739      2.605511547690
    6      2.499476317285      1.504937054343      2.605511550794
    6      2.489483732942     -2.931472240731      2.605510885864
    6      3.693266653005     -0.707568504824      2.605511468662
    6      5.017346141564      1.446896292282      2.605511253541
    6      3.734743341769     -5.005735388482      2.605511588430
    6      4.929688714652     -2.824520769932      2.605511072488
    6      6.144828681472     -0.719850249856      2.605511635352
    1    1
